1 0.753804347826087 0.5106382978723404 0.028804347826086957 0.04448742746615087
3 0.6372282608695652 0.6421663442940039 0.04456521739130435 0.1760154738878143
3 0.6046195652173914 0.5870406189555126 0.04456521739130435 0.11218568665377177
3 0.6755434782608696 0.6213733075435203 0.05 0.12669245647969052
4 0.5478260869565217 0.5652804642166345 0.029891304347826088 0.10541586073500966
3 0.575 0.6421663442940039 0.05271739130434783 0.1895551257253385
3 0.5149456521739131 0.6344294003868471 0.0641304347826087 0.15860735009671179
3 0.42282608695652174 0.6189555125725339 0.043478260869565216 0.14216634429400388
3 0.41983695652173914 0.620889748549323 0.057065217391304345 0.1769825918762089
3 0.5182065217391304 0.5764023210831721 0.0391304347826087 0.1470019342359768
4 0.26521739130434785 0.6363636363636364 0.057065217391304345 0.20309477756286268
4 0.9798913043478261 0.7727272727272727 0.023369565217391305 0.19922630560928434
3 0.5654891304347827 0.5923597678916828 0.05489130434782609 0.12572533849129594
3 0.33804347826086956 0.5933268858800773 0.06576086956521739 0.18085106382978725
0 0.3576086956521739 0.601063829787234 0.01141304347826087 0.02321083172147002