1 0.7369109947643979 0.4692737430167598 0.02617801047120419 0.03910614525139665
3 0.7790575916230367 0.722998137802607 0.05549738219895288 0.16759776536312848
3 0.743193717277487 0.7248603351955307 0.048167539267015703 0.18901303538175046
3 0.6759162303664922 0.5623836126629422 0.027225130890052355 0.12197392923649907
3 0.6827225130890052 0.585195530726257 0.027225130890052355 0.1191806331471136
3 0.5107329842931937 0.6219739292364991 0.03769633507853403 0.1713221601489758
4 0.537434554973822 0.553072625698324 0.021465968586387434 0.09683426443202979
3 0.47146596858638745 0.5926443202979516 0.04293193717277487 0.15549348230912477
3 0.40785340314136126 0.5884543761638734 0.03926701570680628 0.1564245810055866
3 0.29083769633507855 0.5889199255121043 0.041361256544502616 0.13594040968342644
3 0.05287958115183246 0.5558659217877095 0.050785340314136125 0.16201117318435754
3 0.11544502617801047 0.6033519553072626 0.0612565445026178 0.1908752327746741
0 0.06335078534031413 0.5283985102420856 0.012041884816753926 0.0186219739292365
4 0.9772251308900524 0.6983240223463687 0.041884816753926704 0.20297951582867785