1 0.2533707865168539 0.385 0.029775280898876405 0.046
3 0.20758426966292134 0.643 0.06853932584269663 0.195
3 0.23960674157303372 0.6575 0.07865168539325842 0.212
3 0.3162921348314607 0.5015 0.03539325842696629 0.132
3 0.30112359550561796 0.524 0.03707865168539326 0.128
3 0.43286516853932583 0.595 0.0702247191011236 0.175
4 0.45702247191011236 0.4955 0.019662921348314606 0.036
3 0.4547752808988764 0.579 0.04101123595505618 0.169
3 0.48258426966292134 0.5915 0.058426966292134834 0.174
3 0.6348314606741573 0.625 0.05056179775280899 0.142
3 0.7747191011235955 0.636 0.046067415730337076 0.173
3 0.6297752808988764 0.619 0.043820224719101124 0.17
0 0.7438202247191011 0.689 0.01348314606741573 0.022
4 0.9182584269662921 0.7645 0.0696629213483146 0.216
4 0.007865168539325843 0.5405 0.015730337078651686 0.203