1 0.7741561185241272 0.46967567362110096 0.029322645601648784 0.045410833734137776
3 0.6418251710564306 0.6149731383101275 0.04979151813864421 0.18228177250340238
3 0.6445925818853981 0.5558566798166338 0.04676136406521241 0.1302876989114011
3 0.7128249593009973 0.5946647160798154 0.04560721447171545 0.12720901041146415
4 0.5576793277592782 0.5444194905368995 0.02895691645306702 0.10853544060433212
3 0.5963196597729167 0.6235526355105269 0.05213310010487717 0.19862244889227876
3 0.495378738367427 0.6159699098865895 0.07487660762658195 0.15632656512319867
3 0.47049149070443763 0.6169945212164318 0.06635528093127144 0.17447876389912914
3 0.4059343811449355 0.5913477534384344 0.047553112788051716 0.19750932422043282
3 0.5113073722111606 0.5555625865969767 0.03361678244006584 0.13408848380978297
4 0.2633277753577385 0.6426689115991291 0.05675635503471323 0.21297386276982713
3 0.5901648771282685 0.5814222858039688 0.03420883448747205 0.14021031278480245
3 0.3609743260178933 0.6080620408084173 0.0716071989656762 0.20615363607959925