1 0.21397637561233387 0.5201519599509541 0.03179071316932793 0.05022401287128562
3 0.3410379737723509 0.64102743351231 0.054428509060819 0.18792368449329822
3 0.3734773223048908 0.5790867018733961 0.051707488765915875 0.1217085405836813
3 0.29995787931138973 0.624651551380323 0.05810690344297848 0.13806698877911971
4 0.43260151086557297 0.5479265832679701 0.03620801026033665 0.11340194037502961
3 0.40659466051591653 0.6322024421545154 0.06368167885603428 0.20329342510121617
3 0.4693375328282942 0.6162787635757988 0.07378611503989958 0.17386849733807666
3 0.5656337625177303 0.5867702142802382 0.051913848981900844 0.15327676868958762
3 0.5690562716251655 0.588262162366933 0.0676063741411435 0.19111493712634497
3 0.46401611589931546 0.5552382119445458 0.04793589944750517 0.15730861715325695
4 0.7318403358207469 0.5825033308178323 0.06892361521104967 0.21760336447830222
3 0.41466725365500523 0.5786601400135296 0.06324898808058207 0.13710197907270294
3 0.653698037120185 0.5476734353841266 0.07679297612475076 0.19630137834526068
0 0.6336052576228021 0.5585732562022361 0.012752231885999471 0.025588586818575395