1 0.2700530288240707 0.44276601915303504 0.02577933561374302 0.038705927951569116
3 0.22008401227398483 0.6933513982838555 0.05446888675725135 0.16685150233455842
3 0.25648515375783265 0.6967883575798505 0.04877978209005341 0.1881475948967931
3 0.33215296187650545 0.5392529332039177 0.03180045255811063 0.11889959330367333
3 0.3204474837772218 0.5623086233371155 0.027605878914329585 0.11695072139701344
3 0.483705541135603 0.6106097121121435 0.030923907254138745 0.17101945167710136
4 0.46671707365107756 0.5392618105395277 0.020735630523737884 0.09725680268649368
3 0.5249799871305705 0.5832174884398365 0.038201968454774055 0.15534245423628865
3 0.5687094485542583 0.5860372179885622 0.051811487915606046 0.15469304770946948
3 0.6928221550376111 0.5923149231355147 0.03236056457786541 0.1300836119754321
3 0.9074498580674463 0.5780963179936853 0.03765404037179648 0.1478828303503772
3 0.8182894518074376 0.612532022943852 0.03617473926935051 0.17578328830158088
0 0.8870508087971694 0.5845709977751511 0.012111942453220906 0.02166445924561339
4 0.02541691132644997 0.6470970164065417 0.04722737736694647 0.1937016841329128