1 0.25554735024981223 0.4677956678909188 0.028912639057463278 0.044355421609167806
3 0.21729727113333633 0.7353206551581883 0.06101345888156558 0.1840275329202359
3 0.2481082329016868 0.7443485792308175 0.07377545699672072 0.21592096760859764
3 0.32610617334215325 0.5796909294041734 0.031502013835220416 0.13249401927232757
3 0.3115128010755005 0.603616795531039 0.03321474610262917 0.12841354129018914
3 0.4483515804019755 0.6624095563713074 0.06385685456734844 0.17381143573689056
4 0.46846102521375027 0.565797397517095 0.021459556570977437 0.052474651335046474
3 0.4698578091556981 0.641116696348675 0.042554627110936445 0.1694925221067621
3 0.5026825798998829 0.6501654835405032 0.04718439847945636 0.1777369305478355
3 0.656076655335318 0.6691720938321216 0.04763591763768112 0.1398330553734614
3 0.8042270899874886 0.668145547906221 0.041995990257688416 0.17460951203523434
3 0.6600841887191696 0.6630662790869133 0.055804966091980705 0.17475257342402845
0 0.7789859514205993 0.6909365473819566 0.013303897828555893 0.021653493940217143
4 0.9662469459862297 0.7738164599726949 0.06514819452825768 0.21685614440453582
4 0.008473141538502243 0.6563155698031973 0.013331060869966644 0.20607376255721419