1 0.27313742226874166 0.5270137524557956 0.02998853913310822 0.047151277013752456
3 0.26840216588810195 0.7922396856581533 0.06966505635605508 0.18467583497053044
3 0.2982476699788966 0.7888015717092338 0.08358328198244255 0.21709233791748528
3 0.3521668699813605 0.6041257367387033 0.03854904495295973 0.13064833005893908
3 0.3413017826058841 0.6321218074656189 0.040193646434040504 0.12671905697445973
3 0.4763814412634471 0.6331041257367387 0.07184607267191213 0.17583497053045186
4 0.48388518876681486 0.5348722986247544 0.02337799050264722 0.05304518664047151
3 0.49387636289306713 0.6051080550098232 0.05137836955672562 0.16797642436149313
3 0.5256587829119341 0.6006876227897839 0.05637645941224363 0.17583497053045186
3 0.6713803213161783 0.5574656188605108 0.054050800918766025 0.14047151277013753
3 0.8099709676082542 0.49852652259332025 0.050838740451335324 0.1719056974459725
3 0.6741668592850082 0.550098231827112 0.06410805177146413 0.17485265225933203
0 0.7888752429457984 0.5294695481335953 0.013886082920249685 0.022593320235756387
4 0.9670407885787606 0.5329076620825147 0.06314129303216644 0.21709233791748528
4 0.049571028577461686 0.806483300589391 0.05647288753065728 0.20530451866404714