1 0.24568469505178367 0.41290983606557374 0.028768699654775604 0.04405737704918033
3 0.18440736478711162 0.6839139344262295 0.06271576524741082 0.18545081967213115
3 0.2243958573072497 0.6905737704918032 0.056962025316455694 0.20901639344262296
3 0.311277330264672 0.5245901639344263 0.03682393555811277 0.13217213114754098
3 0.29804372842347526 0.5491803278688525 0.03222094361334868 0.13012295081967212
3 0.47612197928653627 0.6168032786885246 0.03682393555811277 0.18954918032786885
4 0.45914844649021863 0.5368852459016393 0.02474108170310702 0.10758196721311475
3 0.5218642117376294 0.5906762295081968 0.04487917146144994 0.1721311475409836
3 0.5699079401611047 0.5973360655737705 0.059263521288837745 0.1721311475409836
3 0.7059838895281934 0.6157786885245902 0.0379746835443038 0.1444672131147541
3 0.9418872266973533 0.6193647540983607 0.04372842347525892 0.16393442622950818
3 0.843210586881473 0.6495901639344263 0.04257767548906789 0.19467213114754098
0 0.9194476409666283 0.625 0.01380897583429229 0.02459016393442623