1 0.26669791666666665 0.4520509259259259 0.025062499999999974 0.03743518518518514
3 0.21970052083333333 0.7014074074074074 0.051901041666666654 0.1639259259259259
3 0.2553619791666667 0.7055416666666667 0.044057291666666686 0.18515740740740744
3 0.31908333333333333 0.5505833333333333 0.020458333333333318 0.11968518518518517
3 0.32328645833333336 0.5681759259259259 0.024697916666666705 0.11598148148148148
3 0.5322109375 0.6157916666666667 0.03317187500000003 0.17047222222222233
4 0.4644453125 0.5478009259259259 0.019515625000000016 0.09560185185185185
3 0.5461744791666666 0.594875 0.026723958333333304 0.16012037037037044
3 0.6517499999999999 0.5903703703703704 0.03683333333333323 0.1603703703703704
3 0.7435989583333333 0.5983842592592593 0.03198958333333337 0.13380555555555554
4 0.0112265625 0.670962962962963 0.022453125 0.2104444444444444