1 0.23454559417181473 0.38776128341984334 0.030626578066120083 0.047471192295174616
3 0.3497747986459224 0.6410100037725792 0.07040687501000971 0.18269649946003996
3 0.3031261847531 0.5070292341977592 0.04148988730231708 0.13424252525081973
3 0.2864028605138488 0.5308003783702013 0.03860950505952106 0.13112828872602808
3 0.3894011880231808 0.5760257637085916 0.04802243760259568 0.17103274580902753
4 0.4429006753121013 0.5326512331321211 0.028172229817615618 0.10953007185999601
3 0.40406251330244847 0.5869252348252294 0.050949417313517056 0.1812752919061207
3 0.45230402348340104 0.658237240462023 0.07572869273895491 0.20927972194600905
3 0.5699499619097128 0.6247372129522151 0.050729743535210536 0.14767040392241376
3 0.6441111830852817 0.634913517510009 0.05377654530702675 0.1762428889197106
3 0.5289959454908405 0.5741528542926478 0.039407917998851114 0.16576335599025305
0 0.650274482431119 0.6587198529871726 0.015033904624289562 0.024748001415678202
4 0.7764352891437464 0.6586528980076071 0.04977156784802125 0.08859541812458366
3 0.38016466018086753 0.5634862289382304 0.03237650991147865 0.1401629154183296