1 0.7402648172065979 0.3699968140402241 0.02924745611578146 0.046179757153185945
3 0.6468846783342677 0.6166727332528859 0.07059441988675931 0.17206737222382604
3 0.6834079544507236 0.4878460159463107 0.04239347111125713 0.12496218029500529
3 0.6998554150557685 0.5081459716805238 0.03921720365841099 0.12212050709382005
3 0.6075821040704745 0.5619625090899544 0.049456048966460574 0.15874086174401472
4 0.55658134415222 0.5291334636060993 0.02960878619719025 0.10142320284606984
3 0.5947669823310525 0.5740013322824933 0.052681310328650255 0.1690731716493198
3 0.5539196971154657 0.6452029243797218 0.07602293222553032 0.19740274516213072
3 0.4446111829809892 0.6290913141870502 0.05142657887366077 0.13816340043244546
3 0.3771051509263135 0.6475860790459381 0.0547620765318731 0.1653496429220202
3 0.47953750774898934 0.5779581630609584 0.04152456669234772 0.15304117312307433
0 0.3725152905490809 0.6700089625025872 0.014363632282487934 0.023555319667505584
4 0.25709921105563016 0.6856671894281448 0.048445918322219804 0.08476537688464122
4 0.9825590099232759 0.49283459146303954 0.03488198015344814 0.20544294561477322
3 0.6153941636905627 0.5494037707446026 0.03400303967301768 0.12955666973603952