1 0.2436465689449021 0.524211152428143 0.030826169080615726 0.04764233022631746
3 0.36732231203553617 0.662330571672536 0.048066461241663125 0.18773360292643862
3 0.4022347584384985 0.6038438743591026 0.047844252464161324 0.11983236835853738
3 0.32659608711709603 0.6406332023326927 0.053681791496085124 0.1353243213401314
4 0.46278504846786567 0.5800702496520606 0.03219568486654749 0.11246911588436481
3 0.43358388610961024 0.6616452408974801 0.05679415199244623 0.20222667643175168
3 0.49755589636631287 0.653267802426173 0.06883919218113232 0.1694305595861037
3 0.5957000429386364 0.6357923681124312 0.04679121584618665 0.1517134016305314
3 0.5988778631095181 0.6373026581700854 0.061380013226507525 0.1889000742079735
3 0.49428568212363766 0.5915753198941418 0.04217842021485257 0.15680955117941225
4 0.7634635146188465 0.652575114362249 0.06147091681730354 0.2166778519857513
3 0.44388459110686956 0.6085569569245463 0.05888675802975937 0.1343493835503155
3 0.6860687243072106 0.6070808645625247 0.07065273968440311 0.19311106729128136
0 0.6652067731767746 0.6160411957077866 0.012233580969596543 0.024817051878631834