1 0.7510510889617535 0.5096711798839458 0.029496433696258265 0.045454545454545456
3 0.6316246312357741 0.6334622823984526 0.048404708073589674 0.1769825918762089
3 0.6002878611509592 0.5768858800773694 0.04711223039005043 0.11411992263056092
3 0.6705434023044742 0.6150870406189555 0.05259444095916147 0.1286266924564797
4 0.5441216505476931 0.5512572533849129 0.03241302243435052 0.10638297872340426
3 0.5694090178223196 0.6295938104448743 0.05660114808302064 0.19052224371373308
3 0.5093910314325512 0.6184719535783365 0.06683237911871172 0.16150870406189555
3 0.4178845054846386 0.5971953578336557 0.046666769914039306 0.14410058027079303
3 0.4146188931233797 0.5986460348162476 0.060911031801645 0.17891682785299806
3 0.514200308491604 0.5604448742746615 0.04233159128319355 0.14796905222437137
4 0.2599787757898084 0.6049323017408124 0.06153671852723458 0.20406189555125726
4 0.9721576654150508 0.7862669245647969 0.029999170076661377 0.19922630560928434
3 0.5611495217082814 0.5793036750483559 0.0574825834429599 0.1276595744680851
3 0.3337465546987422 0.566247582205029 0.06907585317079924 0.1827852998065764
0 0.3530099952513487 0.5754352030947776 0.012032406475795013 0.02321083172147002