1 0.7588087626084964 0.353821217528681 0.03123450489307175 0.04961768676016357
3 0.815569267191751 0.6067629024871471 0.07579862483739586 0.20198568547772344
3 0.7842741428140689 0.6256994110932921 0.08659225248519128 0.22020554339161494
3 0.7007434065697753 0.47967850664883577 0.040550153313478596 0.13421837617361954
3 0.7169124831297327 0.5001354400999302 0.04167023608781041 0.13121197341670002
3 0.5878199131825876 0.5890009159819308 0.07686611705976427 0.18288270324394257
4 0.5592557823001855 0.4927140864955604 0.020463885611760595 0.038440082367398744
3 0.5651766698478712 0.5756535449481666 0.048019688642753314 0.1725238407486118
3 0.5378297739110808 0.5925370104872323 0.06499184955161022 0.17974168269461646
3 0.38658826382643086 0.6464194837159405 0.056408805266999165 0.14645469331115157
3 0.24685143227253944 0.6765401204143424 0.05255589720154128 0.17760084541509855
3 0.39108667292599514 0.6398334247234982 0.05028286255790071 0.17355328875589954
0 0.2797808524198484 0.7254964241074657 0.014203179613255897 0.024291192902690086
4 0.1083482702117482 0.8248612332246996 0.07812753694249783 0.22313585783108722