1 0.7747212711811864 0.46164624798973913 0.028069468632435913 0.04203865953334769
3 0.6496478626804267 0.6135323076794439 0.04358554202062399 0.17440156351435726
3 0.6506743621938543 0.555869557436187 0.04230246418802132 0.12369417220260598
3 0.7184442010856077 0.587970087931186 0.04117539519951144 0.12070049858469167
4 0.565495082388857 0.5517813059910287 0.02491902474879294 0.10363417943507164
3 0.6054747822571129 0.6259176044538629 0.04586893165591158 0.18933523281778075
3 0.5065937257849932 0.6264442007526095 0.06918961069966448 0.14584054976813865
3 0.48256325395564825 0.629177964849897 0.060316066898669515 0.165628735377507
3 0.4186617771937596 0.6099594176464718 0.04084099869501772 0.18928318463855737
3 0.5204758876780978 0.5666603669252055 0.029469553098107865 0.12853133911547682
4 0.28103659854087837 0.6710242149958705 0.04982504876057817 0.2032922157289902
3 0.59834546997904 0.5852373179603663 0.029489054203619497 0.13449555382720643
3 0.37530230921537205 0.6297913081140155 0.06432418695136721 0.19549029085332878