1 0.7884837962962963 0.4733263445293964 0.029513888888888888 0.045572746214360776
3 0.6686921296296297 0.6252854914130052 0.04224537037037037 0.18562212096316855
3 0.6322337962962963 0.5706214207114519 0.04456018518518518 0.11671602149736998
3 0.7086226851851852 0.5991523327124333 0.04976851851851852 0.13117318247298573
4 0.5711805555555556 0.5537631707578057 0.028935185185185185 0.11038157560755933
3 0.6024305555555556 0.6321436616942341 0.050347222222222224 0.1990804024625031
3 0.5381944444444444 0.6307504303249091 0.06365740740740741 0.1652674498757255
3 0.4398148148148148 0.6245663059091295 0.04224537037037037 0.14961389051049365
3 0.4366319444444444 0.626656838896743 0.05613425925925926 0.18473696449759533
3 0.5399305555555556 0.5690040789983319 0.03761574074074074 0.1547100400593747
4 0.2728587962962963 0.6602437173293565 0.05497685185185185 0.2125027714321408
3 0.5908564814814815 0.5803086376162702 0.05555555555555555 0.13020423010478577
3 0.3489583333333333 0.6064730952921749 0.06481481481481481 0.18791316557492488
0 0.37008101851851855 0.6129418702015371 0.011574074074074073 0.023782259872653314