1 0.263697048854244 0.45646178598445286 0.02524241778060592 0.037295607250857295
3 0.21414406216848733 0.7059661930746308 0.05314997156799942 0.1635016509084218
3 0.25032379750160855 0.7091183589745024 0.047566255569696264 0.18566461745664356
3 0.3255728230691838 0.5524785818893738 0.030971949342242056 0.11697910567503288
3 0.31396297862297173 0.5755082186895211 0.026793161786545026 0.11508415878754434
3 0.47642037306388096 0.6234879148153761 0.029748834235090272 0.16881479688852072
4 0.4591756637359565 0.5524714275805869 0.019895059118393496 0.09556968491019015
3 0.5172271863993354 0.5961303136350563 0.0369314129004844 0.15222354653421832
3 0.5609620352880476 0.5988976263240566 0.050467019122635765 0.1514376794741119
3 0.6843662028432143 0.6052669093473866 0.03156550800975708 0.12809560366559852
3 0.8977535106222293 0.5912691327803369 0.03636815645554492 0.1457366781732823
3 0.8092419637306537 0.6255412418979692 0.03498746979099939 0.1734982953126965
0 0.8776590041772898 0.5975432194028165 0.012118556890515227 0.02142019452375179
4 0.02158906442287978 0.6604329816400961 0.04317812884575956 0.1912147861327446