1 0.7923724783477443 0.5223253976080479 0.030320356425204028 0.04734428120012973
3 0.7304208748618649 0.7616635167480725 0.06376552773349 0.1961380457674021
3 0.6648596713676047 0.7381717039077319 0.09008426447450024 0.2155683584046257
3 0.7158489799988624 0.6054151802109604 0.04232846566203699 0.1320802226741364
3 0.7235759537058358 0.6340802848346511 0.03952541901989558 0.12904028205053275
3 0.6202434995040849 0.6302559010292642 0.03851210648020333 0.1608262938726619
4 0.5763174330839179 0.5675513764010908 0.024915774564541044 0.10289461864079495
3 0.5942853469783116 0.6248295357075071 0.05252408950665751 0.1750319612053926
3 0.5797455814843733 0.6296034297335471 0.06763714004760665 0.18429058291877742
3 0.41648401854665995 0.5882550655583058 0.05687960680085689 0.14033324194868557
3 0.31968177633868333 0.5519915022152502 0.042390219162823525 0.15096690259461354
3 0.46484541801192586 0.5758231384956061 0.04636583737300188 0.17092858487521373
0 0.33762062481153704 0.5327346893812436 0.014044484868973644 0.024146025185613394
4 0.18573988555003412 0.5984992902926318 0.06551625962491578 0.21903556878967567