1 0.7509162008293316 0.3876021853756231 0.029988539133108092 0.047459884881917075
3 0.8048039443666493 0.6340894494706284 0.06966505635605495 0.18539020503572642
3 0.7760264485394867 0.6491214014845476 0.08358328198244268 0.21794958199572026
3 0.69085394439185 0.5085533893241331 0.03854904495295973 0.1310426623349271
3 0.7062576651039358 0.528530894987486 0.04019364643404037 0.1271305341320127
3 0.5794667222204962 0.6128455148565516 0.07184607267191213 0.17657220043773386
4 0.5540637917056236 0.5251937752555785 0.02337799050264722 0.05328521498237727
3 0.5574187030365046 0.5973570209394968 0.05137836955672562 0.16850220072947714
3 0.5269837486458061 0.6124061178349807 0.05637645941224363 0.1764121815431301
3 0.38152238198241567 0.662042747737025 0.054050800918766025 0.14102586394072952
3 0.24026734000483377 0.6924813091483208 0.050838740451335455 0.172425758853435
3 0.3773948069266448 0.6571740185853375 0.06410805177146413 0.17550987271931226
0 0.26562866918059025 0.7084266724378061 0.013886082920249685 0.022736194248795624
4 0.09148926490020147 0.8271199017851003 0.07750593391614428 0.21788671742998322
4 0.9922046242906322 0.5147679019352567 0.012800764525967961 0.1975717016265629