1 0.26669791666666665 0.45390277777777777 0.025062499999999974 0.03743518518518514
3 0.21861979166666667 0.7036527777777777 0.05182291666666667 0.16286111111111098
3 0.2548932291666667 0.7064675925925926 0.046244791666666646 0.18515740740740744
3 0.3291380208333334 0.5492407407407407 0.03015104166666672 0.11699999999999991
3 0.3175989583333333 0.5724166666666667 0.02582291666666663 0.11520370370370377
3 0.4804557291666667 0.6185925925925926 0.02861979166666669 0.16866666666666674
4 0.4628828125 0.5478009259259259 0.019515625000000016 0.09560185185185185
3 0.5212161458333333 0.5909351851851852 0.03618229166666668 0.15224074074074082
3 0.5648203125 0.5932777777777778 0.04943229166666659 0.15137037037037038
3 0.6881614583333333 0.5982222222222222 0.030489583333333313 0.127925925925926
3 0.9016484375 0.5817268518518518 0.035588541666666626 0.14493518518518517
3 0.8132161458333333 0.6172592592592593 0.03372395833333333 0.17340740740740737
0 0.8814036458333334 0.5883750000000001 0.011765625000000076 0.021194444444444537
4 0.024070312500000003 0.6600324074074074 0.04605729166666667 0.19043518518518526