1 0.7439558415449709 0.488601882615763 0.02711956852469951 0.04199005529842118
3 0.6339810732553915 0.6242811075987192 0.03917841765395337 0.17029136714053028
3 0.6008108854141114 0.5736849951989523 0.041088579242665534 0.10724668184286207
3 0.6708305154486581 0.601502111097873 0.045893579040207036 0.12052796666510467
4 0.5450446483885516 0.5560507168176074 0.026784395655964285 0.10130113246087961
3 0.5733805933723938 0.6286762788584083 0.04662584188016635 0.18268581605631856
3 0.5146565910758975 0.6255768420080614 0.058693572894049126 0.1518643746531067
3 0.4249955989111761 0.6171283381822518 0.039070680064861654 0.1373346816414719
3 0.4218148393029106 0.618945836938547 0.051873752135534905 0.16961270921516108
3 0.5164285856730706 0.5691125370743583 0.03485326691621334 0.141955125683136
4 0.2719839648456938 0.6450352878502692 0.050898662931776036 0.19501452455702753
4 0.9783714725223578 0.7288770481214203 0.03291540137602049 0.19652523470961777
3 0.5629540327403584 0.5809053550642636 0.051181506114381166 0.1196959144378834
3 0.34171921258921983 0.5979826899511962 0.05981949472253645 0.17260191900992242
0 0.3610113734919864 0.6045031381165651 0.010652809569128006 0.021876385187741803