1 0.7425952858187529 0.4278693292774072 0.027938097024526116 0.043104985614737655
3 0.8066952431707521 0.6734905355936807 0.0639171840134308 0.17710118554759172
3 0.7708621658382491 0.6836177249990084 0.05713845697955839 0.19775216031592988
3 0.6959759242385126 0.5370039145715957 0.029014678250738588 0.12629178717756293
3 0.6929051279846017 0.5553689275008826 0.03271951433562837 0.123533235546451
3 0.48390936787787786 0.6394099435057792 0.045324920297407464 0.18049696827782036
4 0.5482645079567021 0.5585210952290574 0.026194179638931968 0.10166212718952371
3 0.46836004816012167 0.6201874051781766 0.03779764971490853 0.16805565944174555
3 0.361015364586845 0.6335612399600716 0.047922600864061304 0.1711001632375042
3 0.2683633291845393 0.6571619097801517 0.041353940436363125 0.14261279779173025
4 0.99891253062827 0.608050661866289 0.0021749387434600435 0.21466574719725048