1 0.26669791666666665 0.4520509259259259 0.025062499999999974 0.03743518518518514
3 0.21970052083333333 0.7014074074074074 0.051901041666666654 0.1639259259259259
3 0.2553619791666667 0.7055416666666667 0.044057291666666686 0.18515740740740744
3 0.3254817708333333 0.548587962962963 0.02492187499999995 0.11939814814814818
3 0.3182109375 0.5705555555555556 0.0249635416666667 0.11703703703703712
3 0.48839583333333336 0.6176574074074074 0.03408333333333336 0.16864814814814802
4 0.4634036458333333 0.5478009259259259 0.019515625000000016 0.09560185185185185
3 0.5280885416666666 0.5909722222222222 0.03951041666666662 0.15231481481481482
3 0.5915625 0.5906481481481481 0.036249999999999956 0.15351851851851847
3 0.7077552083333334 0.5986342592592593 0.03842708333333344 0.13245370370370366
3 0.9450651041666667 0.5801944444444445 0.04742187500000009 0.15853703703703706
3 0.8818515625 0.6235138888888889 0.05745312499999997 0.18591666666666665
0 0.9350494791666667 0.5524814814814815 0.011765625000000076 0.017925925925925835
4 0.021940104166666665 0.6650925925925926 0.040755208333333334 0.20055555555555546