1 0.7613479471195262 0.529296875 0.029271119780832532 0.0458984375
3 0.7044276206905954 0.76513671875 0.06106289934787703 0.1904296875
3 0.6395205321352401 0.7431640625 0.08694781075799125 0.208984375
3 0.6874422364706394 0.61181640625 0.04052864599188729 0.1279296875
3 0.6955019711214733 0.64013671875 0.037771803415276174 0.125
3 0.5938440296437628 0.63720703125 0.036775193829534654 0.15625
4 0.5496865992711858 0.57568359375 0.02340617388490575 0.1005859375
3 0.5682785960453812 0.63232421875 0.05000675955335522 0.169921875
3 0.5537325412289796 0.63671875 0.06487069387659603 0.1787109375
3 0.3926172641534122 0.59814453125 0.054839933155891724 0.1357421875
3 0.29689938890160505 0.5634765625 0.04059257818761215 0.1474609375
3 0.4401031807536636 0.58544921875 0.04395321368004031 0.1669921875
0 0.3141447473184657 0.54443359375 0.01381298237113342 0.0234375
4 0.16573414485266322 0.6103515625 0.06278477302131227 0.212890625
4 0.9745800623440207 0.794921875 0.035848909659090405 0.208984375