1 0.7972181961334761 0.6003313081162941 0.031237791802569175 0.050623722977467395
3 0.6581544276622272 0.7100614115181155 0.05992682524588469 0.18572522347097611
3 0.6645564707691337 0.6527817295542528 0.05354450359596447 0.1343529939660259
3 0.728787400772023 0.7072719031945435 0.05240469936464657 0.1313231794191227
4 0.5804792174578597 0.6202194995322886 0.0348215499714092 0.11001497748336839
3 0.6129649048229773 0.7070780851751814 0.06393093114823742 0.200856737363005
3 0.5144775849411886 0.6753726412093749 0.08245667020292981 0.16483258080743313
3 0.49048272005364885 0.6700937098542787 0.07573288664744174 0.181864961131647
3 0.4287497896538965 0.6292113634113213 0.05883961156653006 0.19879198840093407
3 0.5341515338420406 0.6197395578376222 0.041686670635298816 0.13624215450321914
4 0.28604018841554574 0.6443330917541119 0.06906498055341499 0.21599995715002562
3 0.6097131245134066 0.6647894463634454 0.04227136384369758 0.14228422475453795
3 0.3838164574143708 0.6342792532805659 0.08261115494932232 0.2121162830207128