1 0.7578212290502794 0.5719601253862435 0.030726256983240222 0.05001986147077792
3 0.7759776536312849 0.852963186488486 0.07486033519553073 0.19361788190324852
3 0.7379888268156425 0.8426295757259165 0.06927374301675977 0.21244673051347773
3 0.6840782122905028 0.6492285612360983 0.041340782122905026 0.13561681849504048
3 0.6888268156424581 0.6751226482673042 0.04078212290502793 0.1336229637934392
3 0.5044692737430168 0.6553215708939292 0.05698324022346369 0.1914447501398783
4 0.5393854748603352 0.5920647263245302 0.03240223463687151 0.10868532219586034
3 0.4662011173184358 0.611187851866046 0.060335195530726256 0.17656891214670295
3 0.39972067039106146 0.5851517467492431 0.057541899441340784 0.176539996491579
3 0.2768156424581006 0.5461060980828313 0.05698324022346369 0.1546654260842123
3 0.03240223463687151 0.42975888084397157 0.06480446927374302 0.1855614992624958
3 0.09106145251396648 0.5009426503570434 0.08379888268156424 0.2185613066318521
0 0.044134078212290505 0.4050294319632858 0.01452513966480447 0.02400722025356346