1 0.7429041761694799 0.4206650726795656 0.028162628852572567 0.04354828000676103
3 0.7129601700286442 0.6715276597558728 0.05445670631532561 0.18763704417965865
3 0.6470181125701127 0.6726054659899644 0.07977938073684447 0.2028081950190901
3 0.6793641376012874 0.5272684455809868 0.036123451766924525 0.12573861667528385
3 0.6905463603154746 0.5524037376670378 0.03282035525064857 0.1237173116744883
3 0.5907092042476814 0.5845209801429764 0.0307248445660062 0.15492185834062466
4 0.5405767281084437 0.5400242038808463 0.0195568234289657 0.1000070916713065
3 0.5651437706492997 0.588875397636812 0.04395321368004031 0.16788989084380646
3 0.5513755408151735 0.5983569393001643 0.058810754783708834 0.1750326383473857
3 0.38949043028179636 0.6169830938444558 0.05042834571135605 0.13189343834539713
3 0.2916834375649192 0.6164252642375252 0.03508848286374804 0.14524714000835193
3 0.43436974496538955 0.5876357680219271 0.037899667806725525 0.16483520667568152
0 0.30660171425452626 0.5913414492411045 0.01270768805265991 0.02174573166971583
4 0.1685727669183493 0.7081238404578958 0.055079678889859575 0.2101093450131244
4 0.9827006153534273 0.6053240310708982 0.03145330526348601 0.20962072167409063