1 0.2628341172597612 0.47824979097166365 0.03179071316932787 0.050224012871285736
3 0.4029017065898211 0.596800342457374 0.06014267607828516 0.1869645992571573
3 0.39651540507509697 0.5386933290021654 0.05351693084175533 0.13598293313911172
3 0.3313547968105991 0.5904589690089327 0.05235279573854741 0.1329160943818594
4 0.48184534582032695 0.5095383041108597 0.03505053193828957 0.11135343155667748
3 0.4486616401976763 0.5962559701405477 0.06368167885603428 0.20329342510121617
3 0.5483036256112149 0.5687765519144903 0.08288617886841633 0.16581664935128995
3 0.5728765408206679 0.5649579843807542 0.07613435558979754 0.1830571646692824
3 0.6355526449214545 0.5269131384328978 0.05851962387494816 0.20120344499093235
3 0.5287694145313899 0.5120607705512856 0.04150985764579947 0.13687684920221774
4 0.780143238241163 0.5497939958944723 0.06892361521104967 0.21760336447830222
4 0.0351267625308065 0.7793334379481417 0.041423720290675356 0.21120901027165673
3 0.4521005908580301 0.5535246217635326 0.04212188071262694 0.1429927533058948
3 0.6810797915886647 0.534512443392135 0.08262696520311137 0.21367223200932345