1 0.7368091999335513 0.5356026352893795 0.030155142128292026 0.04805172617325149
3 0.6729860140557169 0.7715914614442619 0.06508117359597691 0.19599780850040882
3 0.6080732815028813 0.7462568945034348 0.09125692726054291 0.21630106394808365
3 0.6598855791169008 0.6157466821063099 0.04320765075825395 0.13230827679557264
3 0.6672902313505547 0.6447416557013369 0.04041694446978505 0.1282982172428597
3 0.5648209365634457 0.6374756990462442 0.03996481699975776 0.15990727252599318
4 0.5216993075926778 0.5736492288590788 0.025332909150293594 0.10229606957125383
3 0.5390086120599853 0.6315874347046556 0.05390218780373781 0.17501685882710688
3 0.5245528551686862 0.6353448827186834 0.06893127695279266 0.18422058752638096
3 0.3624906232662653 0.5897892775931626 0.0576779522240804 0.14051236512580606
3 0.2665136454535734 0.5507705396980555 0.04326906118403624 0.1510829803528849
3 0.4108562778763261 0.5789075220083697 0.0477781481819357 0.17093781081509113
0 0.2846306114349113 0.5316221486528526 0.013966459953034903 0.024002866933524776
4 0.13305264307716635 0.59256169862353 0.06682217919911675 0.21875957545733296
4 0.9533799632276347 0.815192047410776 0.056818947071443894 0.21756446778693445