1 0.27915015489620265 0.3751435092752985 0.030320356425203837 0.047031970983888255
3 0.20650551417685112 0.6248800454381805 0.07100859646038073 0.189595473713897
3 0.24398443453839544 0.6401780519961666 0.06493159893302326 0.2104066107636778
3 0.33261442779688427 0.49547421884989173 0.03786894247177592 0.13458230079257852
3 0.32290777044545166 0.5167447834406553 0.037859191919020235 0.13160019343671372
3 0.498934363077243 0.6189611924620724 0.052572842270436584 0.18940463039007838
4 0.4788354457339478 0.5372449569170537 0.029959958446694506 0.10766237075544789
3 0.5435734724672537 0.6030222524868004 0.05699011306542237 0.1735463228736647
3 0.6109536617222302 0.6226057996957667 0.0536414079424117 0.17450565987280403
3 0.7334397883601471 0.6666158441575949 0.05356990388886947 0.15263687259646208
3 0.9757761932460864 0.7173335670433297 0.04359204238912778 0.1763896350849338
3 0.9158194579439827 0.7470299719094553 0.07891433030121024 0.2155213679657394
0 0.9784752339921658 0.6885354449250939 0.01404123468472175 0.023007401337250443
4 0.016246112226201596 0.5264923097167842 0.029768570049285546 0.2199826313619977