1 0.7350722747833355 0.37222222222222223 0.028270445745273775 0.044444444444444446
3 0.6385277314568438 0.5527777777777778 0.0526378452371901 0.16944444444444445
3 0.6326258479676646 0.5 0.04727497579950324 0.12222222222222222
3 0.6982720588055169 0.5064814814814815 0.046745052107090145 0.11944444444444445
4 0.5545796310796879 0.524074074074074 0.030538616379892858 0.10092592592592593
3 0.599548559748407 0.5782407407407407 0.05580829703258819 0.18333333333333332
3 0.5095565075103891 0.6125 0.07392231915091282 0.14814814814814814
3 0.48797677055352756 0.6231481481481481 0.06720299785236415 0.1638888888888889
3 0.42731180769896704 0.6268518518518519 0.05111473679320173 0.1814814814814815
3 0.5150917465166905 0.5532407407407407 0.03634353603888959 0.12407407407407407
4 0.3088951208652197 0.7287037037037037 0.060538218708292985 0.1962962962962963
4 0.9842437106741926 0.49537037037037035 0.03151257865161483 0.1962962962962963
3 0.5882385286530918 0.5439814814814815 0.0368825500903822 0.12962962962962962
3 0.39017827855489595 0.6592592592592592 0.07302609822952016 0.1925925925925926