1 0.2688140767725285 0.44002957715047053 0.027005534919342555 0.04142756908123029
3 0.21155636655015506 0.6898298152105611 0.059421262957953705 0.17420943900012395
3 0.24787022300590228 0.6981865182865095 0.05207152668860604 0.1949671341060485
3 0.3189224083437569 0.5470689546025268 0.02541407647296793 0.12503351564598672
3 0.32254749657054155 0.5652072173157241 0.029673483873819687 0.122270291717995
3 0.5349305907542268 0.6385258002821648 0.040201038501988674 0.1785640987673416
4 0.4680487106887331 0.5610865011024074 0.023648013697461927 0.10028550408666405
3 0.5500345250445213 0.6188735279410379 0.033174496982401054 0.16701346312561327
3 0.6582890714113234 0.6263414945070925 0.04388212912514881 0.16913582155658435
3 0.7520273339982521 0.6453929463928572 0.03781932401787412 0.14144761187202168
4 0.007106122589589643 0.6337376377207603 0.014212245179179286 0.2180456176468439