1 0.7602389078498294 0.5184458203012735 0.03128555176336746 0.05093115449352489
3 0.7562571103526735 0.7922724648444684 0.07736063708759955 0.20424213041932165
3 0.7226962457337884 0.7875591571105073 0.08816837315130831 0.2225726352436216
3 0.6783276450511946 0.5936864756583358 0.04152445961319681 0.13605739025931157
3 0.6885665529010239 0.6244509281516585 0.042662116040955635 0.132020584246783
3 0.5494880546075085 0.616275279759734 0.07849829351535836 0.18502313817197552
4 0.5446530147895335 0.5070135910485934 0.02104664391353811 0.03867941265486372
3 0.5315699658703071 0.588120686276986 0.048919226393629126 0.17459547911309933
3 0.5025597269624573 0.5843724163583207 0.06655290102389079 0.18186304259907074
3 0.3506825938566553 0.5287584088274757 0.05745164960182025 0.14836801701508773
3 0.21473265073947667 0.45880948304287894 0.0540386803185438 0.17869705853445408
3 0.35637087599544937 0.5256630866633972 0.051763367463026164 0.1746249215716567
0 0.23435722411831628 0.5274322410100064 0.01422070534698521 0.024438710268495898
4 0.053469852104664393 0.49894040890462565 0.08020477815699659 0.2255266336066242
4 0.9687144482366326 0.8118342467934646 0.03128555176336746 0.20275301684170302