1 0.7096893384590166 0.3655 0.030644322760138728 0.047
3 0.7819183915633934 0.6175 0.07202856750512698 0.19
3 0.7441798854948337 0.6325 0.06598607150672864 0.211
3 0.6625500337007248 0.4865 0.034022039980257004 0.134
3 0.6596103027628699 0.5065 0.0379350129238482 0.131
3 0.4406099139602065 0.62 0.052940518127002435 0.192
4 0.5069482021470744 0.527 0.030481288637450008 0.108
3 0.4238736493323657 0.602 0.04499036717470006 0.179
3 0.3107790676374609 0.6285 0.05568413580414232 0.182
3 0.21363035081070714 0.665 0.0476228540041016 0.152
4 0.9881541258627353 0.523 0.018344393365702743 0.228