1 0.7298913043478261 0.39428109725714405 0.027717391304347826 0.04284014441040491
3 0.7692934782608696 0.6458074099638227 0.058695652173913045 0.1746889029202934
3 0.7402173913043478 0.6552960500942735 0.07065217391304347 0.20479334417352438
3 0.6644021739130435 0.5023091905765058 0.030434782608695653 0.12604042405165714
3 0.6785326086956521 0.5244066145851278 0.03206521739130435 0.12218883168166962
3 0.55 0.5837643677285428 0.06141304347826087 0.16504585567566524
4 0.529891304347826 0.49306345835040477 0.020652173913043477 0.049536825466940396
3 0.5293478260869565 0.5646358160194676 0.041304347826086954 0.16096920219113395
3 0.4986413043478261 0.5741413357335091 0.04565217391304348 0.16875115832119933
3 0.35380434782608694 0.5959502831654431 0.04565217391304348 0.13296779275059972
3 0.2138586956521739 0.5998169090613047 0.04021739130434782 0.16579353907737981
3 0.35 0.5901869609301207 0.05380434782608696 0.16593420227396946
0 0.23804347826086958 0.6203595653218583 0.0125 0.02043888789714887
4 0.06114130434782609 0.7043960291549975 0.06467391304347826 0.20666568834381402
4 0.9788043478260869 0.5638511494298544 0.042391304347826085 0.19869805679425