1 0.2630097848122459 0.48298168112318207 0.027856513321566342 0.0431271167571792
3 0.31161843311562165 0.7213530808279408 0.05386478559450685 0.18582237257250528
3 0.37624808006271226 0.7064742700321758 0.07891221355492224 0.2008468004831221
3 0.33341253381899527 0.5714719607193988 0.035730805552066404 0.12452257589505868
3 0.32453367470742284 0.598736946098741 0.0324636122587937 0.1225208192985259
3 0.42483703247813454 0.6063318669255823 0.03039087886420154 0.1534235811806573
4 0.4705807192720344 0.5502552261923739 0.01934424926125955 0.09903990509808326
3 0.4503741870109487 0.6038687194274711 0.043475461357431175 0.16626619750875998
3 0.4642550157113165 0.6103515827123245 0.0581715074491033 0.1733398662163665
3 0.624791185449733 0.5881673914162756 0.04988021151884131 0.13061787317764667
3 0.7203706364901395 0.5639430728373985 0.034707086310881215 0.1438424287897025
3 0.578263718728859 0.5707543184681196 0.03748771489578298 0.16324105574071363
0 0.7039967276554433 0.5430040801914339 0.012569561008609259 0.02153542478702977
4 0.8482919680242735 0.623677625482239 0.05448098672801309 0.20807733974220444
4 0.03443819634408803 0.7251580975293269 0.047422093064764324 0.20986528104288313