1 0.7374818636869104 0.46764235665518983 0.026868635749764856 0.04020046719633819
3 0.7607169162833705 0.7207204913115653 0.05509612613718673 0.16881503673072012
3 0.7315600867008871 0.7248241716582355 0.06642251796827739 0.19839885272504515
3 0.6671250517047883 0.5610474286183411 0.028205712414867478 0.12196057713894456
3 0.6796125625816977 0.5851570113174309 0.02979754593398832 0.11817488653954597
3 0.5500903524435754 0.6202405805324986 0.05773881153926702 0.15933698459103807
4 0.5359551858160717 0.5277092890922855 0.019406893845212776 0.047727606343340744
3 0.5311826181282644 0.5971479312533057 0.03794338186577361 0.15628065407487327
3 0.5004230660403829 0.600792917198296 0.042777994062926934 0.1629844187785795
3 0.35766253978036744 0.5960907884525974 0.04320075241950743 0.1287694167156621
3 0.22084036696238266 0.5742175607259858 0.03742417820216656 0.16102797552942566
3 0.35447420603372104 0.5899452627671087 0.050790051020449443 0.1602156615990779
0 0.2429519907190218 0.5987028839796411 0.01236479915830489 0.020089173085220464
4 0.06525477125086497 0.6485427314104749 0.060546387304973595 0.20023916058823857
4 0.9715396601455358 0.6795681862302759 0.04020375371744588 0.19337501844677824