1 0.2583182169711419 0.4126894948597151 0.02683559398517386 0.04152089266938854
3 0.36831864206562637 0.6343272739018833 0.05968925893052102 0.16230435199441948
3 0.323160312814688 0.51562367674342 0.034421299589425226 0.11988486357122036
3 0.3081626972412462 0.5392099221101507 0.031273846364492354 0.11795766029299443
3 0.4033379539412434 0.5716887286917397 0.03924299690523385 0.15350192547179917
4 0.45164713147329016 0.5273958823982986 0.022832917345628406 0.09823123863982362
3 0.4169215825364245 0.5802524741384844 0.041367697584872395 0.16285624969328552
3 0.4622687628074043 0.6412279521163147 0.06343642196973356 0.18751985699840812
3 0.5694617109865924 0.6008372883039982 0.04231430052531137 0.13215166133847928
3 0.6372490511781372 0.6036241887469718 0.044496874904640035 0.1591968607927403
3 0.5311231968510504 0.5578719716652438 0.031377409827095734 0.14961501597269647
0 0.6434617160547592 0.6249094469949894 0.013159062872069074 0.021686127874047556
4 0.7586723759858056 0.6141460095990875 0.04318170787670069 0.07723850687566576
4 0.01922432267134346 0.5898886181452245 0.03844864534268692 0.20098795899135224
3 0.39473576229607665 0.5606943105187787 0.02554209791857534 0.12621837110476358