1 0.18084899301273474 0.43895821359007103 0.030244098577252874 0.046607538220339174
3 0.13570447516786038 0.7063914069856864 0.06951889987460955 0.20030074253858404
3 0.16864513448357338 0.7199391268424513 0.07999280213548127 0.21789819206183222
3 0.24672506852583986 0.5560712367244801 0.035163272977566606 0.13513278784841284
3 0.23102094873385057 0.5804097978406281 0.03746462059374496 0.13104150319742935
3 0.36737113063059335 0.6474128761992849 0.07118767499253822 0.1797425671161897
4 0.391434662448357 0.5442868154768065 0.01979376391399512 0.036211734787625974
3 0.38970845881739086 0.6296927255329046 0.04107824840165022 0.17428729227033632
3 0.4183138905548148 0.6417421261752478 0.05903153041510136 0.1785880666778873
3 0.5756253441719373 0.6694350791499599 0.051397277878202446 0.1445596389129261
3 0.7196989987965458 0.6751463552580589 0.04629668213396106 0.17742758081796853
3 0.5704355282367293 0.6638305117305141 0.043971766920168735 0.1743172193784173
0 0.6882671916149534 0.7310251235808897 0.013962958481389488 0.022777394974755994
4 0.8682977193425189 0.8011771256527903 0.07074701007485847 0.22191765165342126