1 0.2688266553993734 0.4348798670127022 0.026744366590395953 0.039971314057678106
3 0.39535182719216677 0.6447897262645359 0.05781343620692226 0.16271325539832096
3 0.3416209383040453 0.5300208159183534 0.03214386093897554 0.1218027799050066
3 0.3277398526123695 0.5567540249473882 0.029422288960377047 0.11886222195563592
3 0.42759852239405394 0.5744012827694592 0.0366946165740496 0.1565076726239996
4 0.47455617272522665 0.5214992109631661 0.020654134897721558 0.10041397497918861
3 0.4422402901783881 0.5813107313813195 0.03837284602335859 0.16519508431669885
3 0.49234111566740213 0.6370121574205928 0.06068596239268732 0.18873073642461471
3 0.6000781280162258 0.5780436855996149 0.040321156392034714 0.13254753067619535
3 0.6700340997058024 0.5698640039416857 0.0415846404734421 0.16045452308671293
3 0.5582049160493269 0.5404436626353069 0.02856134943141385 0.1524936910835801
0 0.6780103122335429 0.5908556166577418 0.0131113476628756 0.021422370464671305
4 0.7956720368296866 0.5614934439113374 0.04319330387599375 0.0758838925231325
4 0.0332085343059004 0.6551706453263499 0.03538748288402484 0.2045510301620696
3 0.41807616534827513 0.5649816971307179 0.023004989818841873 0.12930488287714664