1 0.7189944134078212 0.4751367266070572 0.027932960893854747 0.04303269531863596
3 0.7625698324022346 0.7484506338886223 0.06089385474860335 0.180550838418881
3 0.7237430167597766 0.7475516883897542 0.0553072625698324 0.2033558301702631
3 0.6491620111731844 0.5703382885092745 0.035754189944134075 0.12860073668777444
3 0.6608938547486034 0.5968016825709345 0.03128491620111732 0.12656640006899972
3 0.4849162011173184 0.6282801951052776 0.035754189944134075 0.1842667406639176
4 0.5058659217877095 0.5544413965147317 0.024022346368715083 0.10462243208933517
3 0.4421787709497207 0.5940405688820787 0.04357541899441341 0.16744909614836434
3 0.3952513966480447 0.5915667143054183 0.057541899441340784 0.16759367442398457
3 0.2631284916201117 0.5832407533210339 0.03687150837988827 0.1405407323732834
3 0.034916201117318434 0.5421109486711578 0.042458100558659215 0.15948524360400845
3 0.12849162011173185 0.5897993050263616 0.041340782122905026 0.18929475090060707
0 0.056424581005586595 0.5512799212832072 0.013407821229050279 0.02399565399151374
4 0.9712290502793296 0.7227776313383161 0.05251396648044693 0.20829709344158048