1 0.25940625 0.45019907407407406 0.0250625 0.03743518518518514
3 0.2960859375 0.6848796296296296 0.044255208333333344 0.17161111111111105
3 0.3585182291666667 0.6792916666666666 0.06807812500000002 0.18265740740740738
3 0.322953125 0.5448148148148148 0.029239583333333385 0.11555555555555551
3 0.313296875 0.5695833333333333 0.02659374999999997 0.1132407407407407
3 0.40895833333333337 0.5904953703703704 0.02312500000000005 0.14395370370370372
4 0.45482552083333333 0.5434305555555555 0.014859374999999985 0.09241666666666662
3 0.43328385416666665 0.5918935185185186 0.0353177083333333 0.1541574074074074
3 0.44646093750000004 0.5997083333333333 0.049171875000000045 0.15867592592592583
3 0.6005104166666667 0.6011388888888889 0.04268750000000002 0.11894444444444448
3 0.6929921875 0.5910787037037037 0.027651041666666744 0.13400925925925927
3 0.5569869791666666 0.5779814814814815 0.029598958333333297 0.15225925925925932
0 0.6781015625 0.5688611111111112 0.011411458333333258 0.019203703703703712
4 0.8126041666666667 0.6659722222222222 0.043958333333333384 0.19305555555555556
4 0.0310546875 0.6496851851851851 0.037109375 0.1956666666666666