1 0.2683073333555568 0.5285171102661597 0.029023228877601594 0.04467680608365019
3 0.26273022856890327 0.785171102661597 0.0658224246923255 0.17775665399239543
3 0.29159790049968787 0.782319391634981 0.07929096509550762 0.20817490494296578
3 0.3444951644864056 0.6055133079847909 0.03624265848388081 0.12642585551330798
3 0.33388708921084775 0.6321292775665399 0.037834492003001645 0.12262357414448669
3 0.46438548389745754 0.6373574144486692 0.06793346187505352 0.16920152091254753
4 0.47209576037815504 0.5423003802281369 0.022627894550690624 0.051330798479087454
3 0.48167805115162504 0.6107414448669202 0.04812247650687833 0.16159695817490494
3 0.5124158252669522 0.6074144486692015 0.05296019984296796 0.16920152091254753
3 0.6534694058672019 0.5698669201520913 0.05124392076639338 0.13498098859315588
3 0.7877887162658608 0.5171102661596958 0.047603272843271094 0.16634980988593157
3 0.6563888043652358 0.563212927756654 0.06097847907836296 0.1682509505703422
0 0.7672969262787698 0.5465779467680608 0.013440540152755044 0.021863117870722433
4 0.9470056264836916 0.5556083650190115 0.0728769639349788 0.20912547528517111
4 0.0507214765494285 0.7923003802281369 0.053056645149994475 0.19866920152091255