1 0.23711967043694268 0.5343877526130705 0.029496433696258144 0.04575837795917937
3 0.22974422801903077 0.7954420911452451 0.06689561639926553 0.18153750022914564
3 0.2591015396980703 0.7928445696846954 0.08058375256989089 0.21262593905436222
3 0.31403905342619165 0.6130397176354647 0.03683357139394408 0.12900366982334044
3 0.3030793750840111 0.6404900497474385 0.03845135872044189 0.1251520774533529
3 0.4356706804840327 0.6471820714823254 0.0690410726664946 0.17285594444504873
4 0.44413904079984545 0.550554670560821 0.022996827614017102 0.05246068554357861
3 0.45342383708708284 0.6198020709686466 0.04890708210209917 0.1649108190069391
3 0.48441158354873115 0.6172214290916878 0.05382368136214678 0.17269840166486802
3 0.6282864771778249 0.580508485170022 0.052079419474541096 0.1378652744990724
3 0.7651467432400577 0.5282485085718163 0.0483794131613679 0.1697407824210485
3 0.6312993215928152 0.5732860461603124 0.06197269341116235 0.17181568159442734
0 0.7441263933437348 0.5575289858951027 0.013659679394376048 0.022384376929665106
4 0.9267034703556318 0.5690906791412158 0.07406517530348389 0.21352553870839353
4 0.02484027621509391 0.7971893620942488 0.03161695740315922 0.19567854574393095