1 0.7528364494849346 0.4489602304528942 0.02672571747450015 0.04024745054201726
3 0.7190655109574854 0.6902443180567853 0.0489860383002444 0.17869459439100818
3 0.6552419129040928 0.687034179667097 0.07402936256479434 0.1924440220971017
3 0.6894749607217076 0.5483185741806006 0.03230790658829324 0.12069769679408805
3 0.6997668417987901 0.5731077074912313 0.029639048349233303 0.11780716724083143
3 0.6023366731474509 0.5985052521180341 0.027081595361872306 0.1489431027159302
4 0.5548788305043263 0.5521522967442316 0.01733383021856714 0.09581507912193844
3 0.5775933468232844 0.6008293764220867 0.03988468789258062 0.16054921356967136
3 0.5642660758747717 0.6095336284667681 0.05373304266857284 0.16650624323904376
3 0.4070480897270422 0.6176258271434083 0.04615007218363581 0.12476436729521848
3 0.31238271161483727 0.6109422567109916 0.03130287401723373 0.13863411257202918
3 0.45101771697954574 0.5920681470027652 0.03402434029181832 0.1575926950553425
0 0.3273536933942383 0.587620715592971 0.012299028950016033 0.020101728950651022
4 0.19162856967165906 0.6925721564172791 0.04958912877133598 0.20044472298596958
4 0.9830685952497266 0.6427693487946547 0.030446381781773217 0.2019391483877775