1 0.27111360998949324 0.5113467044753257 0.028249622887293494 0.04385103344268504
3 0.23847119856118765 0.7769991705185149 0.0643687115377501 0.18016639837437695
3 0.275760633926308 0.7753673317582908 0.05741086951388039 0.20117479385985942
3 0.33141236341221797 0.6039347832590453 0.029066903440463303 0.12847760657102053
3 0.33876626662118947 0.6213935204915766 0.03662503668941849 0.12574963036771972
3 0.559603808001402 0.6341371049551546 0.053573624591293306 0.1847503204230485
4 0.48104146041008256 0.5762647705772534 0.026282436643120147 0.10342166400626547
3 0.5689862205255272 0.6107752116241055 0.03893500317650742 0.17098669211183182
3 0.6810650462066135 0.5876160588306778 0.0400192290304595 0.17197060759927227
3 0.7745502567642899 0.5808978254173621 0.041018546016900005 0.14699298462517427
4 0.02391434124104249 0.7840957924154124 0.028290865327848504 0.22172446031434953