1 0.2430099452333332 0.44694841200647045 0.026906301105054188 0.040359385067946715
3 0.3639961050888542 0.5954282665793509 0.04099032917328212 0.16976802714243913
3 0.36353849081069284 0.5391232355373456 0.0402817448452172 0.12024216689635259
3 0.29697037754519534 0.5705985739094119 0.039179311244434196 0.11730695125854863
4 0.44659065224537736 0.5349788858991894 0.02382789852477561 0.10145665077589376
3 0.4069336087978938 0.6071628003683576 0.04322380865260688 0.18437632249571714
3 0.5036644576992232 0.6080758280731847 0.06603156693594393 0.14116148195756342
3 0.5271728524556922 0.6109881093361259 0.057351980376500904 0.1603982034570727
3 0.589955568383833 0.5917277732691891 0.038305775865721516 0.18427464824210368
3 0.4906289999842133 0.5491180098756346 0.027186065598695797 0.12579627827183032
4 0.7237671804181535 0.6515869819359938 0.04709345325225344 0.19804763548045848
3 0.41445512677202295 0.5676842520687778 0.027748409395993445 0.13066194434315936
3 0.6320988330975106 0.6112462430583935 0.06127249124771874 0.1896034970243381