1 0.7411290322580645 0.41827904244206693 0.027419354838709678 0.04234867047835448
3 0.8008064516129032 0.6703304565042236 0.060215053763440864 0.17461911753233936
3 0.7634408602150538 0.6771140710626736 0.0553763440860215 0.19751361039247464
3 0.6806451612903226 0.5242498781459555 0.03602150537634408 0.1246556353703002
3 0.6935483870967742 0.5463718933615033 0.03118279569892473 0.12269353167211806
3 0.5276881720430108 0.6134896749134346 0.03655913978494624 0.17819848224392437
4 0.543010752688172 0.5381223786893545 0.024193548387096774 0.1015887211677753
3 0.4846774193548387 0.5896221544690021 0.043548387096774194 0.16201839791079103
3 0.4397849462365591 0.597283924268988 0.05698924731182796 0.16311347032501067
3 0.31290322580645163 0.616525790583151 0.03655913978494624 0.13613347268369494
3 0.09247311827956989 0.624761631670635 0.04247311827956989 0.15435909039681228
3 0.18494623655913978 0.6510529000525512 0.041935483870967745 0.18303421675454543
0 0.11370967741935484 0.6292834330831903 0.012903225806451613 0.0230780381600983
4 0.986021505376344 0.6029348947163404 0.02795698924731183 0.19914199536345092