1 0.2578125 0.49537037037037035 0.027083333333333334 0.041666666666666664
3 0.30807291666666664 0.7217592592592592 0.05416666666666667 0.1787037037037037
3 0.3697916666666667 0.7046296296296296 0.07864583333333333 0.19444444444444445
3 0.3265625 0.5773148148148148 0.0359375 0.12037037037037036
3 0.3184895833333333 0.6037037037037037 0.03333333333333333 0.1175925925925926
3 0.41484375 0.6069444444444444 0.03125 0.14722222222222223
4 0.45755208333333336 0.5513888888888889 0.0203125 0.09444444444444444
3 0.4390625 0.6037037037037037 0.044270833333333336 0.16018518518518518
3 0.45260416666666664 0.6092592592592593 0.058333333333333334 0.16666666666666666
3 0.6059895833333333 0.5819444444444445 0.049479166666666664 0.1259259259259259
3 0.6973958333333333 0.5546296296296296 0.035416666666666666 0.13796296296296295
3 0.5611979166666666 0.5671296296296297 0.03854166666666667 0.15648148148148147
0 0.68125 0.5351851851851852 0.0125 0.021296296296296296
4 0.8205729166666667 0.6069444444444444 0.05520833333333333 0.2
4 0.04244791666666667 0.7361111111111112 0.0484375 0.20185185185185187