1 0.26669791666666665 0.4520509259259259 0.025062499999999974 0.03743518518518514
3 0.21970052083333333 0.7014074074074074 0.051901041666666654 0.1639259259259259
3 0.2553619791666667 0.7055416666666667 0.044057291666666686 0.18515740740740744
3 0.31908333333333333 0.5505833333333333 0.020458333333333318 0.11968518518518517
3 0.32501302083333333 0.5681759259259259 0.028151041666666644 0.11598148148148148
3 0.5363125 0.6157916666666667 0.04137500000000003 0.17047222222222233
4 0.4644453125 0.5478009259259259 0.019515625000000016 0.09560185185185185
3 0.5467630208333334 0.5947037037037036 0.027901041666666692 0.15977777777777774
3 0.6556093749999999 0.5903703703703704 0.028927083333333315 0.1603703703703704
3 0.7457291666666667 0.599111111111111 0.03104166666666662 0.1352592592592592
4 0.01015625 0.674074074074074 0.0203125 0.2111111111111111