1 0.7346354166666667 0.4968401357239408 0.027604166666666666 0.04408954706839036
3 0.7627604166666667 0.7555175923097459 0.0640625 0.17539929127471993
3 0.7265625 0.75024787538021 0.06041666666666667 0.1956942427800127
3 0.6653645833333334 0.5774397608270782 0.0390625 0.12395620741683447
3 0.675 0.6027034025037651 0.034375 0.12108146252681443
3 0.51015625 0.6116689681731774 0.041666666666666664 0.1749360039606729
4 0.5330729166666667 0.5454541659948072 0.0265625 0.09962355437678083
3 0.471875 0.5749608662564901 0.04791666666666667 0.16025047862884798
3 0.4283854166666667 0.5675271722422944 0.0609375 0.16329760949618807
3 0.3059895833333333 0.5445961283212155 0.04010416666666667 0.13508886677511067
3 0.09583333333333334 0.47949904274230404 0.04635416666666667 0.15373667477661906
3 0.18072916666666666 0.5346873050428034 0.046875 0.18059930075205347
0 0.11536458333333334 0.490669087182035 0.013541666666666667 0.024354201287218723
4 0.9588541666666667 0.7565537273735325 0.06041666666666667 0.20124979833556828