1 0.2814352244144422 0.434570722690184 0.028227162276438234 0.04229089149054778
3 0.23531985440124814 0.7075390579899659 0.06013888166627639 0.18061668995996116
3 0.2737964635812358 0.7091405366479155 0.05234888733237305 0.20353524034260773
3 0.3398064398804374 0.5369627594749392 0.025147267250132076 0.13125598451168208
3 0.3464875467054359 0.5553929455172076 0.03299936201460185 0.1273374341290355
3 0.5750166654594187 0.5905250887841489 0.04892580571609471 0.18750033336374214
4 0.49630796958416606 0.5228424938725881 0.023373626011426608 0.10423853102224916
3 0.5860485300664734 0.5669116411028352 0.03427657437477868 0.1743490697886573
3 0.7032225828517159 0.5536986235872511 0.03540343832411064 0.1753607054482793
3 0.8006830534110763 0.5561892301150504 0.03700058360225923 0.14837815893771222
4 0.011271252446529748 0.6943661899143481 0.022542504893059496 0.22923853102224917