1 0.744062999138377 0.4934201471281838 0.02845966096830924 0.04351346691587307
3 0.7864418570006603 0.7644688804200357 0.06304848714440515 0.17942200092222688
3 0.7477581807132551 0.7625953557768463 0.058230401665542254 0.2029462047844091
3 0.6745047709907683 0.5855234237627699 0.03785231323258637 0.12808427760052457
3 0.6860010999503986 0.6116720146381379 0.03286708002433292 0.12606820641359087
3 0.5118717129322409 0.637373856184939 0.03876480991450259 0.18309981574375728
4 0.532942946105328 0.5649051875824118 0.02554332688824485 0.10438290996217384
3 0.4696545417177919 0.6020672205605456 0.04583784145650558 0.1664746996215004
3 0.423502658756241 0.5986430665436351 0.05965642491146103 0.16759989190565927
3 0.29276574460436566 0.5859948182624064 0.03848194452630397 0.1398778118144842
3 0.06705565705763748 0.5384764738980942 0.044681439010233484 0.15860472353149843
3 0.15964228836893815 0.588546785861188 0.044321815587069165 0.18806855670457223
0 0.08838744849849732 0.5480285234538129 0.013413958720032067 0.023712797559393737
4 0.9825933150296564 0.744404102745778 0.034813369940687185 0.20468224290578604