1 0.8005562410695028 0.5243726472361075 0.028389924679023265 0.04355220471886083
3 0.7539186978705387 0.7748870358637532 0.05429682918874673 0.1917029112998399
3 0.6866459730837382 0.7616150823954396 0.08033154648668653 0.20605665392690617
3 0.7288362426214499 0.6197028551828914 0.03601394475469076 0.129141371507133
3 0.7388152817371034 0.6479742958485772 0.03261425351772288 0.12608814517024608
3 0.6343365940945254 0.6594669532781278 0.029897862774085474 0.15925807560379243
4 0.5861332152020946 0.6036374607892634 0.019541017407291653 0.10180865816254774
3 0.6080637641990987 0.6586917731109151 0.04349662772195594 0.17147098095134056
3 0.5933975070288594 0.6655818499971476 0.05877058646707813 0.17766522783755379
3 0.4266848236292248 0.6497707234435944 0.050719644838902324 0.13432372922854632
3 0.32661908543927043 0.6286140273907382 0.03494645253232234 0.14824435374091366
3 0.4743575549788719 0.6296415550522724 0.0372720777279263 0.16838848987697405
0 0.3434942825179448 0.6061538009262801 0.013066662291435613 0.022267414573090474
4 0.19492333478506169 0.6961608450357504 0.054372428107194025 0.21484174429782782