1 0.7431987536684186 0.5029937473816817 0.02697683395351688 0.04147631958835092
3 0.7800995635934895 0.7627301905858488 0.060563410886955736 0.1729056485004204
3 0.7435114301779985 0.7595426070915966 0.056423310932035696 0.1943976497752445
3 0.675850411172373 0.5889042425776482 0.036716913529070985 0.12303504705707471
3 0.6864578703776311 0.6138259247838459 0.031970885376738235 0.12017703163731956
3 0.5202109762569713 0.6331719601581326 0.037937955970967205 0.17454406921027885
4 0.5413032385852873 0.5650405201837353 0.02453509997892692 0.09950151701432945
3 0.4806255284737609 0.5985873747313333 0.04473106898308551 0.15963361208250948
3 0.43666438098210336 0.593919033168398 0.05789202573561756 0.16070612682527555
3 0.3121432355283824 0.578117612990223 0.03727997350682448 0.13427644951944467
3 0.09776889137317919 0.525806885712078 0.04365394127861829 0.15213208056600966
3 0.18529959925737952 0.5763366233044176 0.043219485959843894 0.18021652080026912
0 0.11780104253792395 0.5358453478214565 0.012708129339617836 0.02353897744893523
4 0.9737363128766107 0.7502217274495487 0.047485128558052904 0.19711403263405902