1 0.742602098199846 0.5163320763559626 0.0278888063724104 0.04340475869074636
3 0.6189031219589348 0.6362200739425833 0.048192256212550716 0.1685836879568777
3 0.6224814074113589 0.582752321938439 0.04489554976210109 0.12103264855202256
3 0.6841290118109523 0.6245335643121372 0.04383929139067037 0.11821768383420292
4 0.5434801664959152 0.5638910146071245 0.028074611408257854 0.10020177917491747
3 0.577003075284037 0.6400088222875304 0.05138235321620266 0.1835462729855692
3 0.48490369118040866 0.6236699531901757 0.07062919561293096 0.1457720960566641
3 0.46239517115146433 0.6218074296341509 0.0638777406059137 0.1623910265081557
3 0.4035860271170814 0.5926556083908809 0.046664219362997535 0.18158656676469223
3 0.5005253844416836 0.5699858410647921 0.03286584888212414 0.12450785411087824
4 0.27257870436958315 0.6257943296504049 0.0556134786703144 0.19666832924977076
4 0.9682149040670324 0.7738112133442113 0.042527519418906735 0.197328570090807
3 0.5724174417432802 0.6012707175564115 0.03340463901251915 0.12917418190740446
3 0.3624484758748632 0.6034438484306172 0.06868420800075127 0.1913525949264254