1 0.7245562822894295 0.4039088103104186 0.03160987862342732 0.04991900874453704
3 0.7792056182123677 0.6578805055014262 0.07697793554824607 0.2032123191951995
3 0.7475132024050991 0.6769320131476894 0.08790481209116059 0.22154282401949923
3 0.6645774025225544 0.5300272863229079 0.04126711894845739 0.13503346752690062
3 0.6809344234993173 0.5511115807920194 0.04238491862968195 0.13200880726336015
3 0.5500969168714388 0.6405167255558948 0.07798983258128805 0.18399332694785314
4 0.5222909220665651 0.5436451582386354 0.02072933448909289 0.03867352416315229
3 0.5274331436756666 0.6270882976130185 0.048913404518323884 0.17357155638068839
3 0.49973907265433265 0.6435682214448316 0.06602458334328623 0.18083323137494814
3 0.3469489277280571 0.6977779161708803 0.057273735923218085 0.14734409428267656
3 0.2059753057008279 0.7280814717156285 0.053497124806916325 0.17867939305931957
3 0.3515425763899166 0.6911518608687672 0.05119533628935298 0.17460725609652242
0 0.23863970578801805 0.7778411537712608 0.014379559319259409 0.024438710268495666
4 0.06507720342182541 0.8773033200288827 0.07939224562950381 0.2244909338907904
4 0.981153469750735 0.5232078305640042 0.032093457975864485 0.2108442943418942