1 0.2632451625063622 0.4772727272727273 0.027856513321566342 0.0425531914893617
3 0.22797653263017942 0.7441972920696325 0.06308494484512325 0.17891682785299806
3 0.2652000507037031 0.7427466150870407 0.056089288462428166 0.20019342359767892
3 0.32957498642061756 0.5681818181818182 0.032485745306987564 0.1286266924564797
3 0.3231307129588612 0.5918762088974855 0.032476259714904455 0.12572533849129594
3 0.5025496809864409 0.6136363636363636 0.04461300770361336 0.18085106382978725
4 0.47270562342308337 0.5449709864603481 0.025335157586935407 0.10251450676982592
3 0.5423830869873708 0.5793036750483559 0.049450560362968736 0.1644100580270793
3 0.6081091760482835 0.5686653771760155 0.046192852661779 0.1653771760154739
3 0.7292716286499058 0.5585106382978723 0.047210248174908875 0.14410058027079303
3 0.9729592475975786 0.5004835589941973 0.05408150480484289 0.17311411992263057
3 0.9116006805115756 0.5560928433268859 0.06968573057625027 0.20309477756286268
0 0.9629607759198165 0.4734042553191489 0.013109877405451165 0.020309477756286266
4 0.026865862128232592 0.7369439071566731 0.04036952312957075 0.2127659574468085