1 0.25836458333333334 0.4492731481481481 0.0250625 0.03743518518518514
3 0.37702604166666664 0.6576203703703704 0.05301041666666665 0.15412962962962967
3 0.3271197916666667 0.5448148148148148 0.029239583333333385 0.11555555555555551
3 0.313296875 0.5695833333333333 0.02659374999999997 0.1132407407407407
3 0.4090390625 0.5918703703703704 0.03266145833333335 0.1485555555555556
4 0.4550703125 0.5431574074074074 0.01847395833333335 0.0955740740740741
3 0.42302343750000004 0.5991944444444445 0.03458854166666671 0.15764814814814815
3 0.470578125 0.6550185185185184 0.05573958333333332 0.17855555555555547
3 0.5752734375 0.6037777777777779 0.03700520833333343 0.12607407407407414
3 0.6427916666666668 0.599486111111111 0.03766666666666675 0.1526759259259258
3 0.5354088541666666 0.565324074074074 0.024984374999999955 0.14546296296296288
0 0.6499270833333333 0.6200648148148148 0.012354166666666562 0.019759259259259185
4 0.7638802083333334 0.5975416666666666 0.040260416666666764 0.07100925925925931
4 0.027908854166666667 0.6496851851851851 0.030817708333333336 0.1956666666666666
3 0.4001796875 0.5819861111111111 0.020151041666666696 0.1232314814814814