1 0.2048200407309951 0.5048341220553869 0.029155850120410734 0.045135059440205766
3 0.3235163150979083 0.6471036026203938 0.04382993583377859 0.18409346160288498
3 0.3589640237012628 0.5912114616132244 0.04531469431083547 0.11631502856686013
3 0.28377610975124024 0.6241425942629403 0.050480479076110585 0.13059106549117352
4 0.41903662316173074 0.5712442514502807 0.0299364764616514 0.10992416475748223
3 0.3886322535312705 0.650309748245687 0.05183655232271064 0.1974162396884795
3 0.4517854226548449 0.6449538758417717 0.06481370217825647 0.16529845550810376
3 0.5482365530376748 0.6323300792192921 0.04371410873287794 0.14866836038831033
3 0.5516412489566013 0.6347897792994394 0.05748181296688439 0.18437611877217439
3 0.4497103252165984 0.5837661675562215 0.03861120153666332 0.15362309269476593
4 0.712818004602173 0.6577666809608913 0.05643350887410621 0.21168049923073934
3 0.39989318033466004 0.5984606560972587 0.05616545186916456 0.1296966935627229
3 0.6376120788772823 0.6092259695081116 0.06602416421229547 0.18758921674994414
0 0.6168266836505039 0.6167408641959878 0.011452679229608607 0.02351489986779511