1 0.24731182795698925 0.46971682436611906 0.027419354838709678 0.042348670478354375
3 0.22822580645161292 0.7261284237526285 0.05806451612903226 0.172684823728091
3 0.2575268817204301 0.7277373417978512 0.06989247311827956 0.20244389854247055
3 0.3196236559139785 0.5578788720625115 0.030107526881720432 0.12459445360364578
3 0.30752688172043013 0.5833386246158064 0.031720430107526884 0.12078704776180343
3 0.4381720430107527 0.6073216718012155 0.06075268817204301 0.16315240417651802
4 0.4508064516129032 0.513500716733761 0.02043010752688172 0.04896852536598112
3 0.4567204301075269 0.5832292099193054 0.04086021505376344 0.15912251918320508
3 0.4876344086021505 0.5843434305558924 0.04516129032258064 0.16681519856990473
3 0.6309139784946236 0.567564796096409 0.04516129032258064 0.13144234962152976
3 0.7680107526881721 0.5336417113910614 0.03978494623655914 0.163891509948385
3 0.6341397849462366 0.5608392636118339 0.0532258064516129 0.16403055941805395
0 0.7462365591397849 0.5601576025070688 0.012365591397849462 0.02020440734765959
4 0.9258064516129032 0.5955847964297657 0.06397849462365592 0.20429476266491747
4 0.01989247311827957 0.7015150480850809 0.03387096774193549 0.194423062407352