1 0.7406077348066298 0.3793724942420573 0.0281767955801105 0.04351346691587307
3 0.6259668508287293 0.6202440067035241 0.06408839779005525 0.17256863286647445
3 0.6729281767955801 0.4920568598136114 0.037016574585635356 0.1271019593294047
3 0.6889502762430939 0.5159579236009221 0.03425414364640884 0.12412642971343743
3 0.5889502762430939 0.5562850623001194 0.041988950276243095 0.16251685173441308
4 0.5375690607734807 0.5126122314282322 0.02430939226519337 0.10437719500165234
3 0.5743093922651934 0.5662596914651394 0.044751381215469614 0.17236860924821948
3 0.5270718232044199 0.6335459630258827 0.06795580110497237 0.19814891263924114
3 0.4138121546961326 0.5978805947658099 0.04585635359116022 0.13996353622230767
3 0.34226519337016575 0.6054969100511918 0.04751381215469613 0.16846791096634786
3 0.45386740331491715 0.5503149831142438 0.03370165745856354 0.1585018542421102
0 0.3356353591160221 0.6281588098132069 0.013812154696132596 0.022736194248795624
4 0.21408839779005526 0.6245045097723525 0.04640883977900553 0.08201247318675846
4 0.9867403314917127 0.5506968133179113 0.026519337016574586 0.2104904281246816
3 0.5977900552486188 0.5444058036783362 0.027624309392265192 0.13388103289837688