1 0.7776179516685846 0.39828496543388103 0.028768699654775604 0.044653486345752204
3 0.8167433831990794 0.6670260019460714 0.06041426927502877 0.18465346886706333
3 0.7856731875719217 0.6750912202992162 0.07307249712313003 0.2166780520395222
3 0.7074223245109321 0.5079984915371307 0.031070195627157654 0.13281592918783863
3 0.7220943613348677 0.5323803761308414 0.03279631760644419 0.1287533350898952
3 0.5851553509781358 0.5869199450594869 0.06329113924050633 0.17446717815737633
4 0.5650172612197929 0.48967889806008313 0.021288837744533946 0.05269521924011901
3 0.5635788262370541 0.5649564696444349 0.04200230149597238 0.16992769662217536
3 0.5310701956271576 0.5735041776147184 0.04660529344073648 0.17821979542110233
3 0.37744533947065595 0.5872266916759421 0.047180667433831994 0.14032188154146005
3 0.22957422324510932 0.5816012144817262 0.04142692750287687 0.175038725255916
3 0.3737054085155351 0.5810016564837812 0.05523590333716916 0.17532485771827067
0 0.2546029919447641 0.6051731082582684 0.013233601841196778 0.021790603719045884
4 0.0667433831990794 0.6827354325844402 0.0661680092059839 0.21858416613621395