1 0.21561771561771562 0.43775933609958506 0.030303030303030304 0.046680497925311204
3 0.33916083916083917 0.5819502074688797 0.04603729603729604 0.18775933609958506
3 0.3747086247086247 0.5243775933609959 0.046620046620046623 0.11929460580912864
3 0.29836829836829837 0.5586099585062241 0.05244755244755245 0.13485477178423236
4 0.4358974358974359 0.5031120331950207 0.03146853146853147 0.11307053941908714
3 0.40617715617715616 0.5845435684647303 0.054778554778554776 0.20228215767634855
3 0.47057109557109555 0.5783195020746889 0.06701631701631702 0.1690871369294606
3 0.5693473193473193 0.5648340248962656 0.045454545454545456 0.1524896265560166
3 0.5728438228438228 0.566908713692946 0.05944055944055944 0.1887966804979253
3 0.46765734265734266 0.5155601659751037 0.04079254079254079 0.15767634854771784
4 0.7380536130536131 0.5886929460580913 0.05944055944055944 0.21680497925311204
3 0.4166666666666667 0.5311203319502075 0.05827505827505827 0.13278008298755187
3 0.6605477855477856 0.5399377593360996 0.06876456876456877 0.19190871369294607
0 0.6395687645687645 0.5477178423236515 0.012237762237762238 0.023858921161825725