1 0.2672419823166081 0.4692737430167598 0.026305941807361285 0.03910614525139665
3 0.22592389315879652 0.7225325884543762 0.05604565935391203 0.16759776536312848
3 0.2617938594727347 0.7243947858472998 0.04878587405844184 0.18901303538175046
3 0.3285413451339356 0.5623836126629422 0.027624154819494814 0.12197392923649907
3 0.32180968902418083 0.585195530726257 0.02761501686691214 0.1191806331471136
3 0.49391801120356693 0.6215083798882681 0.038256796170270106 0.1713221601489758
4 0.4669925606846636 0.553072625698324 0.021782750942586054 0.09683426443202979
3 0.5330890784082553 0.5921787709497207 0.04344061653320931 0.15549348230912477
3 0.5966879369244074 0.5879888268156425 0.039778741051434675 0.1564245810055866
3 0.7137066897148845 0.5889199255121043 0.041805970236858454 0.13594040968342644
3 0.9515551494671387 0.5554003724394786 0.051315341563930104 0.16201117318435754
3 0.8891450496348658 0.6028864059590316 0.06188097126243224 0.1908752327746741
0 0.9409956117370247 0.5283985102420856 0.01210280450063811 0.0186219739292365
4 0.026368257779170946 0.6983240223463687 0.045693248549004827 0.20391061452513967