1 0.7974602122788792 0.4495927558731794 0.027818379108615218 0.04182109317905959
3 0.8234774165978734 0.7182223377437772 0.05880345556205545 0.1883284844137983
3 0.7907320633824365 0.7245856263743538 0.06846056588803015 0.20462407084133813
3 0.7260374907992723 0.548709678619081 0.028666025076831237 0.12835191415840458
3 0.7393997866044048 0.5751417181125654 0.030347792693077805 0.12436288816283862
3 0.6027998818687613 0.610035153787094 0.06212754788057539 0.16827799781502029
4 0.5860722190352895 0.5045648866335695 0.017622592307210045 0.03356209019873413
3 0.5821077443880067 0.5879780954856639 0.03218075814621895 0.1666515281632483
3 0.5535947489439165 0.5929201269744077 0.04970145625899975 0.16902649562556368
3 0.3990601838398773 0.5851912933488597 0.043946557640948535 0.13671627375967757
3 0.25886994711639855 0.5586462820205569 0.03727536463742399 0.16977499343610708
3 0.4044126243855557 0.5807753401375481 0.0350056169032811 0.16671005961933005
0 0.28562083400264565 0.6195586507459562 0.012495116721027759 0.020378262752836884
4 0.10634584057837732 0.647532044129825 0.05943745241291961 0.20946695126839526