1 0.7648068805570813 0.43311938220522056 0.027595819835612212 0.04202999173839579
3 0.7352934738584775 0.6823119877399542 0.053120683147063655 0.18500261537091345
3 0.6697197033666743 0.6816341823250855 0.07834631415720938 0.19885467378965507
3 0.7018355755305217 0.5378011519401951 0.03524011740111617 0.1246276925030002
3 0.7129266790078231 0.5626714010627378 0.031942353379035726 0.1216811808730336
3 0.6136797783180664 0.593196794241773 0.02941994341427083 0.15369177393220357
4 0.5636573321506827 0.5475371607342032 0.01922144338818452 0.09825029729473075
3 0.5880221522054306 0.5968148155999139 0.04261099950259261 0.1654778204520704
3 0.5746945798054068 0.6058997312985853 0.0574032488582289 0.17145556938886258
3 0.4133272644551196 0.6207354898334034 0.049479560170157554 0.12962891927492723
3 0.3160499671435329 0.6182737677884035 0.03426803271035818 0.14306299768783318
3 0.4579484318991971 0.5925578801678679 0.036580995043353694 0.1625030669298177
0 0.3309151478192369 0.5936718166425794 0.012708192992524514 0.02148913600548731
4 0.1936904878936011 0.7072941447714471 0.05326692862782243 0.2073327124582921
4 0.9942920568500736 0.6228816386908742 0.011415886299852747 0.2059777489367922