1 0.7375 0.42204525633797524 0.027717391304347826 0.04284014441040502
3 0.7964673913043478 0.6765242065647534 0.06086956521739131 0.1785798809853259
3 0.7595108695652174 0.6848456645655804 0.05326086956521739 0.1988105873515218
3 0.6801630434782608 0.5297688723485596 0.03097826086956522 0.12798028655631005
3 0.6885869565217392 0.5516162382693235 0.03097826086956522 0.1250789325911261
3 0.5133152173913044 0.6208848551803166 0.042391304347826085 0.18032281501475292
4 0.5366847826086957 0.5452080337894761 0.024456521739130436 0.10276770052368758
3 0.47092391304347825 0.5977187132796835 0.04728260869565217 0.16393244796281745
3 0.4048913043478261 0.6052555930456109 0.044021739130434785 0.1648658067840304
3 0.2842391304347826 0.6272173355813634 0.04565217391304348 0.14360609062294014
3 0.03641304347826087 0.6362570547362998 0.05597826086956522 0.17175941631579156
3 0.10407608695652174 0.6737080410143114 0.06739130434782609 0.20185823104115896
0 0.04592391304347826 0.6058913023394834 0.013043478260869565 0.020444514425012404
4 0.9877717391304348 0.615158516132893 0.024456521739130436 0.2120520332122756