1 0.7845245980700312 0.508144376440588 0.029526442000843485 0.045575983048460444
3 0.6426242783173808 0.7078883830273698 0.067810134489677 0.1777588749974886
3 0.7040060744241695 0.5968504812362059 0.03941034908216069 0.13118856162671608
3 0.7171859467521792 0.6266660939128231 0.03657562959660525 0.12814118823732504
3 0.61265138164814 0.6301104616039431 0.04517839533820251 0.16746439492461332
4 0.566243357090724 0.5677563660713437 0.026337112971729464 0.10690907461901797
3 0.5970982239368096 0.634979686634324 0.048036123190241975 0.1775540218351309
3 0.5421299751201692 0.6852167797010618 0.07241865505741457 0.20496867644465924
3 0.43249277459227814 0.6076196288980128 0.048492626928229664 0.14436067961160085
3 0.3599530689067398 0.5887588732333169 0.05084783430931314 0.17355914170339543
3 0.47808311204915216 0.5743885778917571 0.03668738451952767 0.16234641962565502
0 0.3508461392394378 0.6092889685281103 0.014768151364668263 0.024297045850185956
4 0.22953169743215807 0.5607468826032054 0.04829869926786454 0.08500454279067529
3 0.6228488119042942 0.6216645068117873 0.02982555076513548 0.13712527882310832