1 0.27029951138648195 0.4046611094874197 0.027743552172554094 0.04287809720368572
3 0.20598061901850798 0.6415039101939599 0.0630696625023227 0.1747204996086246
3 0.24083857585567625 0.6534389051914914 0.056883295015880006 0.19410030149961405
3 0.3152544572626837 0.5143890272592281 0.029048839252529747 0.12344442651815055
3 0.3198813548688195 0.5329560276928379 0.03633444567981006 0.12166799097866297
3 0.526087244506319 0.6281474809521378 0.05318594964776224 0.17832185260269137
4 0.45969177355219426 0.54458759001158 0.026365889473839606 0.0993434180468036
3 0.5378665969001831 0.6097501672213474 0.039081027972057335 0.16521344389445436
3 0.6461362977199592 0.6303150825923463 0.04012572475841717 0.16615014357928937
3 0.7348474774624963 0.6590113233171314 0.040564744860033856 0.14115553045874388
4 0.008623530316084935 0.5663006675338863 0.01724706063216987 0.21408281654925412