1 0.7504226613552065 0.48874917342355984 0.0283032892047471 0.04325850519566288
3 0.6228824253887574 0.6236700623186524 0.04839077885576744 0.17431673180052942
3 0.6257225754296762 0.5675432852035638 0.045317460873941576 0.1244836369284057
3 0.691132572086108 0.6063081588973227 0.044199379467124426 0.12154258647955629
4 0.5422924032988151 0.5534961073410001 0.02815023168556206 0.10379969872123818
3 0.5791531559376486 0.6305426038518839 0.05069087602912207 0.18996445769822845
3 0.48223587160136083 0.6202624798659135 0.07240037369631909 0.14917609167521895
3 0.45833157598227586 0.6205036169784365 0.0642736973020574 0.16666899455884754
3 0.3964098932296364 0.5944709853684385 0.04628887819754574 0.1889424434028304
3 0.49744505244088905 0.563286973425382 0.03270567198046717 0.12825921301663623
4 0.25929621492576443 0.6389547357366729 0.05517598852833491 0.2036817844936265
4 0.9812163110358947 0.7391993121052338 0.020547817041006305 0.20137072660486677
3 0.5733713307685455 0.5904410451332115 0.03329348314574957 0.13412426949106093
3 0.35318212355818795 0.6086734271260947 0.06941694876224504 0.19699356532867052