1 0.2597199663114277 0.4173040152963671 0.027694616318623508 0.04206500956022945
3 0.3749341979562206 0.6472275334608031 0.06183496626352241 0.16539196940726578
3 0.32735611576763063 0.5243785850860421 0.035746997227980006 0.12237093690248566
3 0.31218993369060216 0.5482791586998088 0.03250867889091653 0.12045889101338432
3 0.4102708659370302 0.5836520076481836 0.04081092084351066 0.15678776290630975
4 0.45917351298739983 0.5391969407265774 0.02377515355605043 0.10038240917782026
3 0.4243087920165766 0.5927342256214149 0.04302401790517249 0.16634799235181644
3 0.4714990057561971 0.6563097514340345 0.06576731757732099 0.19120458891013384
3 0.5811887486635989 0.6171128107074569 0.043892840612441295 0.13479923518164436
3 0.6508405563198414 0.621414913957935 0.04622480058588412 0.16252390057361377
3 0.5413785903232512 0.5721797323135756 0.03272138094357725 0.15296367112810708
0 0.6574360559057495 0.6434034416826003 0.013584746897736148 0.02198852772466539
4 0.7756593223136947 0.6347992351816444 0.04459900880885216 0.07839388145315487
4 0.019479466253245224 0.594168260038241 0.03252782338486731 0.2055449330783939
3 0.4013248268823909 0.5721797323135756 0.026651003880820638 0.12906309751434034