1 0.7447437370087997 0.4229510836952846 0.02711956852469951 0.04171064907755065
3 0.7836408505885636 0.6686374149065735 0.06196667900725053 0.1814264296215358
3 0.753256047875673 0.6800926642341348 0.07101371768808974 0.1975270916806564
3 0.6834498247620973 0.5282450788243088 0.031087998875885942 0.12272828072413888
3 0.6975433268787943 0.5505183109241114 0.03319208812496317 0.1189837151113739
3 0.5723388900339185 0.6080712057779754 0.0640215167870287 0.16261595063777268
4 0.5511300583429126 0.5132220492077939 0.018097155578509827 0.03314294370392886
3 0.5519146508690022 0.5913819530023428 0.03596687587737602 0.15855912862272506
3 0.5257580350636691 0.6014685984113425 0.05238130514681707 0.16249543062285643
3 0.38165201808772364 0.6225746637376276 0.045930517642181444 0.13135624610521857
3 0.2499136818837699 0.6235646452602943 0.04074109350660543 0.1623749106079402
3 0.3863969926570568 0.6174450596588126 0.03861237852287867 0.15858651953520614
0 0.2781253118518135 0.6756440661453984 0.012237032939598432 0.020841629082534775
4 0.11297994149351016 0.7346665973921748 0.06308952261890663 0.20121139728596307
4 0.9833200105063901 0.5850317419575745 0.033359978987219964 0.19527681428203683