1 0.7293491713893374 0.4464498423200082 0.026040567469596057 0.0389233769850049
3 0.7726895027103259 0.6992636226836723 0.05530676503735058 0.168725199913217
3 0.7366184984153747 0.7028189313565489 0.047546761445939986 0.18916102313228414
3 0.675024977922222 0.5454075927449582 0.022901414184727017 0.12218044405028246
3 0.6685928279138469 0.5633285970910528 0.030245338282686707 0.11858765823433387
3 0.4543759929914051 0.6089559901015236 0.044817194679884494 0.1741252738182902
4 0.5282318665684077 0.5409567115819194 0.021163236610939412 0.09780318921844028
3 0.44425369258603076 0.5876328656096204 0.031059493289553517 0.1626060440521891
3 0.3343057486147083 0.5819511569720159 0.03211824910716886 0.16356416400250562
3 0.24321330948441933 0.5899221656332067 0.03353184203155551 0.13831595066955357
4 0.9841461496733728 0.6733536269272701 0.0224550822339054 0.21485528290146383