1 0.25628125 0.4446435185185185 0.0250625 0.03743518518518514
3 0.3585286458333333 0.593462962962963 0.031640625 0.16285185185185194
3 0.3930885416666667 0.5481898148148148 0.03617708333333335 0.10008333333333326
3 0.3233958333333333 0.5657824074074074 0.04054166666666662 0.11304629629629621
4 0.44867708333333334 0.5392361111111111 0.022354166666666706 0.09699074074074074
3 0.41779687499999996 0.6064814814814815 0.038718749999999955 0.17407407407407408
3 0.47544010416666665 0.6117870370370371 0.05192187500000003 0.14209259259259263
3 0.5639453125 0.616111111111111 0.03309895833333343 0.13037037037037033
3 0.5668697916666667 0.6184768518518519 0.044156250000000105 0.16102777777777785
3 0.47619010416666663 0.5558796296296297 0.028421874999999968 0.1358333333333334
4 0.7127916666666666 0.665375 0.04224999999999994 0.18630555555555559
4 0.014421875 0.6468472222222222 0.02884375 0.1899907407407408
3 0.4300729166666667 0.5610972222222222 0.04556250000000001 0.11108333333333335
3 0.6463359375 0.6091342592592592 0.052046874999999916 0.16271296296296298
0 0.6272369791666667 0.6126990740740741 0.009682291666666742 0.01984259259259265