1 0.2573229166666667 0.44649537037037035 0.0250625 0.03743518518518514
3 0.3705572916666667 0.5939444444444445 0.0369479166666667 0.16011111111111118
3 0.37093750000000003 0.5404444444444444 0.036666666666666715 0.11237037037037027
3 0.30702864583333334 0.5669722222222222 0.03593229166666667 0.10987037037037045
4 0.45019791666666664 0.5402870370370371 0.021229166666666664 0.09538888888888887
3 0.411546875 0.6074074074074074 0.038718749999999955 0.17407407407407408
3 0.5035546875 0.612912037037037 0.06127604166666671 0.1313796296296295
3 0.5259427083333333 0.6167731481481482 0.05292708333333328 0.150212962962963
3 0.5858984374999999 0.6016990740740741 0.034296874999999956 0.17376851851851857
3 0.4919791666666667 0.5563564814814815 0.024583333333333356 0.11826851851851854
4 0.7127916666666666 0.665375 0.04224999999999994 0.18630555555555559
4 0.0164609375 0.6471342592592593 0.028755208333333334 0.19056481481481477
3 0.4190651041666667 0.5702037037037037 0.024588541666666686 0.12374074074074062
3 0.6259114583333333 0.6221666666666668 0.055989583333333336 0.17766666666666678