1 0.26044791666666667 0.4529768518518518 0.0250625 0.03743518518518514
3 0.23226822916666665 0.6982546296296296 0.04995312499999998 0.1613240740740741
3 0.2604505208333333 0.7036111111111111 0.060484375 0.18870370370370365
3 0.32693489583333335 0.5475416666666667 0.024703125000000034 0.11730555555555561
3 0.31433854166666664 0.5705092592592592 0.02659374999999997 0.1132407407407407
3 0.4395208333333333 0.6109305555555556 0.053 0.15149074074074087
4 0.4553203125 0.5217638888888889 0.0179322916666667 0.045379629629629624
3 0.458484375 0.5897592592592593 0.033635416666666626 0.149888888888889
3 0.4882109375 0.5949074074074074 0.037880208333333346 0.15648148148148147
3 0.6273932291666667 0.597287037037037 0.039161458333333364 0.12235185185185174
3 0.7611848958333333 0.5827916666666666 0.03278645833333324 0.15447222222222215
3 0.6306927083333334 0.591375 0.045760416666666734 0.15312037037037027
0 0.7390182291666666 0.6054583333333333 0.011369791666666629 0.01832407407407404
4 0.9110572916666667 0.6631296296296297 0.05440625000000002 0.1910740740740742
4 0.027841145833333334 0.647611111111111 0.03484895833333333 0.18596296296296289