1 0.7265307436642956 0.4104337997983381 0.02694564982817793 0.04031663078182513
3 0.7776859979291292 0.6772854451142251 0.05644120440030097 0.17710099935080348
3 0.739432467333682 0.6825509219160465 0.04813607036993917 0.19979032260921695
3 0.6637418962985104 0.5156175712118635 0.027234916226599487 0.1287858156724812
3 0.6716395046787103 0.5388154790164688 0.027225165673843796 0.12580370831661639
3 0.48940302943868713 0.5932878164495266 0.036904382695862506 0.181666345403072
4 0.515973282985767 0.5176829152899678 0.02100516003940138 0.1028136520659604
3 0.44657134392778336 0.5653456276725731 0.04299113077597578 0.16390093445690893
3 0.3784149193467778 0.5667567594054045 0.039645675837217134 0.16581960610619875
3 0.25386154032632696 0.5777854273215137 0.04180555847093107 0.14300304965875973
3 0.013293743345198995 0.5628841559680753 0.023460809440040985 0.17045435207975398
3 0.06735711653017938 0.6084876558092616 0.06210580100111844 0.20107352473320012
0 0.009844282510378515 0.533132482330714 0.012910915511959864 0.01915271295207655
4 0.9838546945240294 0.6337240198023315 0.032290610951941086 0.215417295488682