1 0.25658998423390406 0.47895906322757037 0.02804713086733991 0.04143956361206366
3 0.3713894081971695 0.6457730586574602 0.03648607951999936 0.1814350695663253
3 0.40925389510690025 0.5957565738503849 0.040657808897373277 0.11152410520262941
3 0.33212489337999784 0.6145048451675017 0.045960415812053464 0.1259812661782454
4 0.4711112200444255 0.586623351411879 0.02559131111935984 0.10828206448752178
3 0.43716655214888656 0.6608556961919697 0.04409003359501619 0.1938585590596818
3 0.5014396993098125 0.6671785142053607 0.058900645937945535 0.15800594956902836
3 0.5998529980756374 0.6733400688019271 0.037986506677743524 0.1454447953784993
3 0.6030527030141054 0.6759450050817214 0.05036150075441007 0.17952110651638992
3 0.5019037252310249 0.6054590972760566 0.0328185763078446 0.15156376609012612
4 0.7654297983267146 0.7295756556445481 0.04822849927504975 0.20727494260770313
3 0.45043613165121 0.6105848309662057 0.051155281490908616 0.12397752180406689
3 0.6912376795565296 0.6665697160345719 0.05905552396444381 0.18166850100935733
0 0.6701385627666812 0.6699520711908479 0.011136780742390329 0.02171866128231289