1 0.7335135135135135 0.4380819278332054 0.026486486486486487 0.039697186212246896
3 0.6083783783783784 0.6523577236036248 0.05675675675675676 0.16212583858668295
3 0.6610810810810811 0.5359469174434631 0.03135135135135135 0.12147830204714952
3 0.6754054054054054 0.562240982356934 0.028648648648648647 0.1185657163269044
3 0.5756756756756757 0.5829846262032043 0.03567567567567568 0.15613843919954146
4 0.5283783783783784 0.5315510301536454 0.02 0.100206980483659
3 0.5610810810810811 0.5903472044771427 0.0372972972972973 0.16480906755476518
3 0.5110810810810811 0.6475954249170595 0.05945945945945946 0.18811534738385113
3 0.40297297297297296 0.5919834691114738 0.03945945945945946 0.13213913613096137
3 0.33297297297297296 0.585977131573511 0.04054054054054054 0.16003493964982848
3 0.4448648648648649 0.5530883904476767 0.027567567567567567 0.15220837434649884
0 0.3254054054054054 0.60720929466712 0.012972972972972972 0.021288103764868102
4 0.20756756756756756 0.5815057243774935 0.042702702702702704 0.07544193130294774
4 0.9705405405405405 0.6514943140138747 0.03405405405405405 0.20419858007508673
3 0.5848648648648649 0.5732741424466792 0.02216216216216216 0.1290755105983165