1 0.2708287189061598 0.378727634194831 0.0286346282188168 0.0437375745526839
3 0.2068535542884202 0.6376739562624254 0.06484709414247307 0.18389662027833
3 0.2445289245604788 0.6481113320079522 0.05765602836361331 0.20576540755467196
3 0.3282794269517191 0.49204771371769385 0.03339316836025537 0.13220675944333996
3 0.31926775032001714 0.51441351888668 0.03338341780749955 0.12922465208747516
3 0.49834059470266207 0.5929423459244533 0.04585918110315563 0.18588469184890655
4 0.47569395641772966 0.5139165009940357 0.02604284355305092 0.10536779324055666
3 0.5422668473595565 0.5710735586481114 0.05083186093176674 0.16898608349900596
3 0.6101114404891043 0.581013916500994 0.04748315580875607 0.16998011928429424
3 0.7337634520898267 0.6088469184890656 0.04852897019096778 0.1481113320079523
3 0.9781167315023951 0.6272365805168986 0.039674927495484326 0.17395626242544732
3 0.9182183132800985 0.6645129224652088 0.07163225936329637 0.20874751491053678
0 0.9790522258567685 0.5974155069582505 0.013476075098340862 0.020874751491053677
4 0.012379324150041785 0.5670974155069582 0.02475864830008357 0.21769383697813122