1 0.7524590163934426 0.5281553398058253 0.029508196721311476 0.04563106796116505
3 0.6215846994535519 0.6475728155339806 0.053005464480874315 0.1766990291262136
3 0.6262295081967213 0.5922330097087378 0.048633879781420766 0.12718446601941746
3 0.6898907103825137 0.6383495145631068 0.047540983606557376 0.12427184466019417
4 0.5439890710382513 0.5689320388349515 0.030601092896174863 0.10485436893203884
3 0.5778688524590164 0.6495145631067961 0.05628415300546448 0.1912621359223301
3 0.4819672131147541 0.6286407766990292 0.07540983606557378 0.15436893203883495
3 0.45846994535519126 0.6262135922330098 0.06885245901639345 0.170873786407767
3 0.3978142076502732 0.5927184466019417 0.05136612021857923 0.19029126213592232
3 0.49918032786885247 0.5733009708737864 0.0366120218579235 0.13009708737864079
4 0.2603825136612022 0.6218446601941747 0.06120218579234973 0.20485436893203884
4 0.9740437158469946 0.8029126213592233 0.027868852459016394 0.19902912621359223
3 0.5734972677595629 0.6087378640776699 0.03715846994535519 0.13495145631067962
3 0.35437158469945357 0.6024271844660194 0.07431693989071038 0.2