1 0.256282722513089 0.4956277018872282 0.027225130890052355 0.04246282568006745
3 0.24528795811518325 0.7467863211822475 0.06230366492146597 0.18192243050541987
3 0.2761780104712042 0.7475437446881358 0.07172774869109948 0.19794612600117753
3 0.32722513089005234 0.5765618869476927 0.031413612565445025 0.12262398808952063
3 0.3162303664921466 0.6028601710471815 0.033507853403141365 0.11894293056054124
3 0.4442408376963351 0.6155743097127391 0.06387434554973823 0.16333295951883442
4 0.4544502617801047 0.5162010294123226 0.01780104712041885 0.03295682105954278
3 0.4620418848167539 0.5919284756178145 0.03664921465968586 0.15811408169724017
3 0.4887434554973822 0.592772573637439 0.05287958115183246 0.16217434022381533
3 0.631151832460733 0.5632893273212461 0.04607329842931937 0.13130723715575368
3 0.7594240837696336 0.518735478997293 0.041361256544502616 0.16100488661457876
3 0.6259162303664921 0.5596732756775691 0.03926701570680628 0.15816825326832515
0 0.737696335078534 0.5787754196108563 0.012565445026178011 0.02074419486336886
4 0.9047120418848168 0.5785781188132418 0.06335078534031413 0.20149717175955237
4 0.03612565445026178 0.7376136986132525 0.04554973821989529 0.1946111142009409