1 0.790019056940854 0.46098066551705075 0.02966202807389009 0.045572746214360776
3 0.8320328898100742 0.7434775112818884 0.06543430595209226 0.18997077874364915
3 0.792390002706541 0.7433731093704177 0.05740315689308194 0.2114919211126271
3 0.7208978252636847 0.5604643482097613 0.033430528666114706 0.13614363816792655
3 0.7279247562997776 0.5855982844672392 0.033420428267137196 0.1330572184148399
3 0.5373361563198625 0.61637706525192 0.04576511362548477 0.19182488757742236
4 0.5680543948925542 0.5419827711213788 0.026398547430533072 0.10932284191511622
3 0.49439761105737845 0.5818405625832068 0.05091621136461318 0.17438904443781197
3 0.4240548098604464 0.573308532050317 0.04744735594205004 0.17538193849247677
3 0.2949819997367362 0.5679560382723777 0.04910939746066049 0.15276614990135814
3 0.03265414837668434 0.5171694918776891 0.060202405021145315 0.18271526385856837
3 0.100837007543121 0.5730505669777023 0.07245955358835575 0.21473396182773496
0 0.04471097236417726 0.48772281036942783 0.013959591681730357 0.02174858839039397