1 0.26044791666666667 0.4529768518518518 0.0250625 0.03743518518518514
3 0.23486458333333332 0.6992638888888889 0.05202083333333333 0.17075000000000007
3 0.2652057291666667 0.7063194444444445 0.06061979166666666 0.1848611111111112
3 0.3258932291666667 0.5475416666666667 0.024703125000000034 0.11730555555555561
3 0.313296875 0.5714351851851852 0.02659374999999997 0.1132407407407407
3 0.43905208333333334 0.6100694444444444 0.05518750000000002 0.15162037037037038
4 0.45490624999999996 0.5139861111111111 0.01606249999999996 0.029824074074074107
3 0.45811979166666666 0.5907731481481481 0.0276979166666667 0.15191666666666662
3 0.4844557291666666 0.5968472222222222 0.043911458333333306 0.15295370370370376
3 0.6267682291666666 0.5969398148148147 0.038953124999999984 0.12350925925925914
3 0.7561614583333333 0.5790879629629629 0.03211458333333326 0.15447222222222215
3 0.6218802083333334 0.5924398148148149 0.030218749999999992 0.15154629629629637
0 0.7312057291666666 0.634162037037037 0.011369791666666629 0.01832407407407404
4 0.8963541666666667 0.6682407407407408 0.052083333333333336 0.19018518518518526
4 0.028752604166666664 0.6471203703703704 0.03458854166666667 0.1868333333333333