1 0.2556302465677165 0.45958014203907555 0.02775930875804423 0.04182888278335378
3 0.23466846667232202 0.7223899415361004 0.059167818786994245 0.1858874476107298
3 0.26700658714964814 0.7284613650409543 0.06861151231018504 0.2017988551833964
3 0.32749220641383453 0.5573275574852903 0.029140708406520544 0.1263311147155132
3 0.31459395917073524 0.5830903794336953 0.03078530988760144 0.12243613255481302
3 0.448955780882706 0.6187756063423275 0.062415236231176556 0.1653273457647717
4 0.46325916644615883 0.515935091034794 0.017785628941304726 0.032782272800600074
3 0.46849671946240407 0.5970792211735187 0.03313025400476157 0.16373922117355208
3 0.4966895863955834 0.6025737582333647 0.050263754369193746 0.16605819726151055
3 0.6474877801065203 0.596362208721636 0.04408354964325403 0.1344982791984851
3 0.7841381120210471 0.5716862983420666 0.03755978631936551 0.1667776184503229
3 0.6422246971042279 0.5918331885762957 0.03589268494398809 0.16379637271318398
0 0.7591960609815269 0.6310876338697254 0.01277468200333157 0.020891580775824172
4 0.9349702397522919 0.6602627468394395 0.05978780465772932 0.20652756161217298
4 0.019059032640953766 0.6752012766510874 0.03214420964178118 0.20006213658913355