1 0.2141051504683388 0.3636618941463091 0.03087557214500903 0.04890097450383763
3 0.3187590449048238 0.6267396194196571 0.07398114051512734 0.18497014174657195
3 0.27740189687820005 0.4890145288236097 0.04423991545213709 0.13506879847716965
3 0.25998148542146765 0.5109552614240491 0.04138253699977997 0.13099077302266074
3 0.3601959964826122 0.5660900317057965 0.05175381867921022 0.17158259583298172
4 0.4152087102414858 0.5285784724175807 0.030505304675530812 0.10962383095139734
3 0.3743753350078471 0.5785946412753573 0.05463105320600738 0.18173349578141787
3 0.4193473224078886 0.6545435102328767 0.07975546564316195 0.21134481613737138
3 0.5374437090297962 0.6335848060974786 0.05395301658270742 0.14832679757310724
3 0.6104802209628499 0.6505406855198391 0.057461956892444224 0.17771435524402363
3 0.49894374982882755 0.5788232802140221 0.04320153939657893 0.1654213939633822
0 0.6160874241310135 0.6752793714529266 0.015441095418244436 0.025462633000906613
4 0.7408988862371833 0.6881568880080838 0.05092024280612915 0.09060504742224194
3 0.35199266354885095 0.5525114472242771 0.035155210758766674 0.14003531135472488