1 0.7546955383365735 0.5475961538461539 0.02934013828698684 0.046153846153846156
3 0.7775940685572309 0.8182692307692307 0.07032723657517931 0.18269230769230768
3 0.7403250742157707 0.8096153846153846 0.06661263779455259 0.20384615384615384
3 0.6809288706069616 0.625 0.04312410226738811 0.12884615384615383
3 0.6902987040396036 0.6524038461538462 0.03824980308391074 0.12596153846153846
3 0.5192333468228766 0.6475961538461539 0.047080848559065185 0.18173076923076922
4 0.5445870436725313 0.5807692307692308 0.030069365199774684 0.10384615384615385
3 0.48044965313740146 0.60625 0.05297962291194934 0.1673076923076923
3 0.43562409793342144 0.5942307692307692 0.06650257074407523 0.1701923076923077
3 0.3092492508838478 0.5600961538461539 0.04478346116345927 0.14038461538461539
3 0.09304264918286137 0.47451923076923075 0.05133284310736141 0.1596153846153846
3 0.17958713377084 0.5394230769230769 0.05250826737456611 0.18846153846153846
0 0.11299862236267036 0.4879807692307692 0.014135818148694508 0.025
4 0.964850483807208 0.8307692307692308 0.03416448149776615 0.19903846153846153