7 0.2315934065934066 0.83984375 0.035164835164835165 0.0517578125
7 0.15247252747252749 0.81103515625 0.03461538461538462 0.0517578125
5 0.07692307692307693 0.78564453125 0.02142857142857143 0.03515625
2 0.05302197802197802 0.77734375 0.025824175824175823 0.041015625
8 0.10741758241758241 0.7958984375 0.03791208791208791 0.0439453125
4 0.643956043956044 0.92333984375 0.08901098901098901 0.1533203125
0 0.11538461538461539 0.38427734375 0.025274725274725275 0.0419921875
3 0.06456043956043957 0.5380859375 0.10164835164835165 0.2998046875
4 0.10247252747252747 0.2275390625 0.06153846153846154 0.201171875
3 0.225 0.3173828125 0.09230769230769231 0.2666015625
3 0.29532967032967034 0.380859375 0.09010989010989011 0.24609375
3 0.4703296703296703 0.3115234375 0.1043956043956044 0.212890625
3 0.5629120879120879 0.38671875 0.07582417582417582 0.2431640625
3 0.6516483516483517 0.66357421875 0.10274725274725274 0.3271484375
3 0.6173076923076923 0.58935546875 0.09065934065934066 0.2734375
3 0.4909340659340659 0.580078125 0.08516483516483517 0.29296875
3 0.3282967032967033 0.69970703125 0.1489010989010989 0.3251953125
3 0.7928571428571428 0.740234375 0.07692307692307693 0.279296875
1 0.7403846153846154 0.3623046875 0.0489010989010989 0.08984375
4 0.8068681318681319 0.49267578125 0.07252747252747253 0.2353515625