2 0.9570881985334334 0.7900577308044233 0.08071003673087225 0.05784673799697555
5 0.8127230404253002 0.8403276546345069 0.032261425958083574 0.0484174150389645
7 0.85202866468208 0.7299708494315927 0.04127309670862575 0.06826555446684332
7 0.9039304792511925 0.710639247121944 0.04442180539839778 0.06552193678970326
4 0.4540420673692755 0.7662974940220684 0.07495459612845384 0.22906431042990733
4 0.22700027735142983 0.4297284202194918 0.0595934537316377 0.19878580336005383
0 0.17719200424125567 0.21120506922045823 0.02118429825361635 0.04069797953067731
1 0.2760810189095976 0.3074659343151001 0.043935295812893856 0.07768332625274724
3 0.8003068553038369 0.2919326859488002 0.08179670139161173 0.229205947784868
3 0.5444064472363828 0.653011197071494 0.119449889903411 0.3170581573319702
3 0.4344693940126284 0.5555746363989971 0.0645813811234788 0.27566288620763973
3 0.4013086127146975 0.4766784654208012 0.061870189768171116 0.25126384101349614
3 0.36623494888353686 0.5803938020584037 0.07409793355366483 0.28896761370056434
3 0.34479991625254475 0.5368330138488837 0.055040332567773 0.25486752201059526
3 0.30657177060943425 0.47863959802795036 0.07345219915228211 0.2524398645868293
3 0.21907780691351364 0.518837711207602 0.06290444925297858 0.2456676538477079