7 0.6990990002765467 0.9259828035956892 0.022965208973740256 0.043025835827564245
7 0.7770976163034123 0.9214665814749797 0.022965208973740256 0.043025835827564245
5 0.8548244931998433 0.9169559860725821 0.01911659505126557 0.029407409933673197
2 0.878739117610118 0.9159772758669344 0.02293675219749107 0.03432177393201299
8 0.8235713313358155 0.9185701766668495 0.03869762176270846 0.034648123594105504
1 0.3589160767761174 0.3407070740587344 0.034463622780748805 0.0693743436833195
4 0.32506865512887506 0.3878264505723546 0.03368020520566811 0.16219516369595183
4 0.43074089024003387 0.8947915177288881 0.057150950071945775 0.19362683709940512
4 0.938617669282282 0.38672673648473704 0.041339490682285325 0.17782659962299935
3 0.968666704479599 0.5040849386179393 0.045801143874238594 0.2127328746981953
3 0.5778856451500953 0.3521293859078243 0.05652526334635606 0.16847051596452198
3 0.48282595839035064 0.339108408496886 0.0516434445906132 0.1712705890000909
3 0.4821210438881219 0.47160919962525594 0.06308810670915092 0.18117809105313812
3 0.4660315216399712 0.48934929979676267 0.05070509567817557 0.21670262758138858
3 0.5707647327864127 0.5355332859480845 0.057779798661562895 0.2197502762226826
3 0.41766967990670234 0.5710995809689232 0.05287268499359851 0.21481340535109494
3 0.33541949346977795 0.6293752522202112 0.06538217058568149 0.2179735883586276
3 0.3255910377457242 0.6436010249111624 0.0670853282409271 0.24025106240157484