4 0.733278955954323 0.16989888260876645 0.09869494290375204 0.27348399624221104
3 0.12887438825448613 0.3679988653770014 0.1500815660685155 0.2899572183843707
3 0.13580750407830341 0.8539435906272699 0.14763458401305057 0.29211281874546013
3 0.2398042414355628 0.4662470173397404 0.10440456769983687 0.3271662061098584
3 0.5884991843393148 0.4611558901573975 0.13784665579119088 0.32751190324355284
3 0.7956769983686787 0.24518158402983614 0.08727569331158239 0.3110471127388003
3 0.6880097879282219 0.6237787528196245 0.13784665579119088 0.3391061061421034
0 0.7781402936378466 0.3957249415067411 0.02202283849918434 0.040807364354921355
6 0.6659869494290375 0.8076090696241234 0.09216965742251224 0.041532485171938936
6 0.3972267536704731 0.8714975117651236 0.037520391517128875 0.033721188654063566
8 0.5187601957585645 0.8488407822605327 0.0399673735725938 0.03954358501556054
5 0.5371125611745514 0.8758420883050928 0.020391517128874388 0.029196298181556113
2 0.5089722675367048 0.8827975736261394 0.028548123980424143 0.030729889917947204
7 0.5799347471451876 0.8494731550660712 0.048939641109298535 0.06572328954877868
7 0.45758564437194127 0.8779185543825304 0.048939641109298535 0.06572328954877868
1 0.8621533442088092 0.0263035450872171 0.052202283849918436 0.0353222334897118