7 0.28282183266039235 0.9418391769548576 0.024583425934372752 0.04299603394529617
7 0.20361476439781623 0.9311258742071744 0.024583425934372877 0.04299603394529617
5 0.12358082705725233 0.922406103159297 0.020658983641083636 0.032045982192051535
2 0.09940284794373104 0.9194477714655275 0.025122820851564618 0.03806682055939589
8 0.15581920991783832 0.9266799261818199 0.04068484066246571 0.04036505128778968
3 0.21446531882711276 0.6813784857458594 0.07085004957793406 0.2613301805702616
0 0.7430909745127513 0.6748847062242842 0.01676039836917653 0.029001068778727847
3 0.7880178812359564 0.4817481880578169 0.061676733453842746 0.17418968960632342
4 0.8114770823464481 0.4348168320573859 0.031134106408978318 0.17750986456600756
4 0.4202763976708948 0.8401734247213268 0.06071753234335119 0.22060938120025791
4 0.3121488092961438 0.3957407392134853 0.037761987543571976 0.16579013397473194
3 0.5453286165650213 0.3439747881690035 0.0666799655815156 0.17528131458776786
3 0.5204096049589192 0.45418174511845344 0.05449652889136637 0.18688606441353886
3 0.6627774581284943 0.5806906268760117 0.0811825883240696 0.19336682584290257
3 0.7469717830824584 0.6723338639572055 0.07073046085404207 0.2247689157481272
3 0.6389376067609336 0.8509651371323103 0.10196116068904505 0.26197407285708824
3 0.5848738125735582 0.6287487943783895 0.0711728919410512 0.1901954335875234
3 0.5025451153402141 0.682827800248112 0.07020722657521421 0.23463884059647785
3 0.3826239320640385 0.5395488985641724 0.07183833983748046 0.22380376960873796
1 0.37102781659993544 0.30657153002923876 0.03408281654925405 0.05998992021898636