4 0.6693225185040622 0.20206489675516223 0.054562902582016425 0.20353982300884957
3 0.8960272570047243 0.6061946902654868 0.07882159620695992 0.26843657817109146
6 0.609918459852177 0.8716814159292036 0.09714517529427508 0.03982300884955752
7 0.5199178588499574 0.8820058997050148 0.031726204263261164 0.06637168141592921
8 0.457805989262043 0.8584070796460177 0.05403225475514665 0.04129793510324484
5 0.4730350024580199 0.8923303834808259 0.023328200734371418 0.03392330383480826
2 0.44402791579917483 0.887905604719764 0.029127688437679135 0.032448377581120944
7 0.3939296153160516 0.8672566371681416 0.030048533185944578 0.06047197640117994
6 0.33474160993555796 0.8370206489675516 0.0365807268625365 0.029498525073746312
1 0.2794069317225474 0.13569321533923304 0.04170539744640023 0.0752212389380531
4 0.3812077370147564 0.700589970501475 0.0686011994661529 0.18584070796460178
0 0.7929459372423108 0.306047197640118 0.021698770368588517 0.04277286135693215
3 0.11946431589455359 0.6150442477876106 0.09534745528015126 0.25073746312684364
3 0.3370659829684385 0.5066371681415929 0.06873144938729364 0.22566371681415928
3 0.3844650149737859 0.33849557522123896 0.05543550661874828 0.2168141592920354
3 0.41543894055813585 0.3753687315634218 0.048030708905424505 0.2345132743362832
3 0.6378275932351491 0.32448377581120946 0.06696694502921668 0.19321533923303835
3 0.6236587700088585 0.47345132743362833 0.0820804569385261 0.25073746312684364
3 0.5837926500234125 0.49336283185840707 0.09616699453419607 0.24778761061946902
3 0.7323284240278852 0.3325958702064897 0.0803400729362157 0.22566371681415928
3 0.6686685804417684 0.5287610619469026 0.056443184647774376 0.2713864306784661