6 0.8175144605152069 0.7344346080778944 0.04909089972901459 0.04776487745047989
6 0.8221748163544362 0.7731374809812039 0.04485414812202857 0.05339196380351618
7 0.8633117494017954 0.717893650267174 0.03259534884623705 0.04570405256944063
7 0.8669036335683029 0.7580252903345874 0.03153461364932819 0.04663823436563931
8 0.9136395986551034 0.6984704131054206 0.04803944830308081 0.051534597999041525
2 0.9044376740618778 0.7472406428849917 0.027786452671409008 0.03903830543494299
5 0.9345326425206266 0.7341700309905502 0.023534228112798025 0.03993949386737436
4 0.6673081868902703 0.3116161595865166 0.07033071503207473 0.1992080677743244
4 0.10899918033184718 0.7431769042104016 0.07477789878115948 0.25785319314151506
3 0.2202005163221938 0.6512931447438759 0.08649240480203384 0.26175488714514533
0 0.296357538461456 0.45958602580894614 0.02354041729344791 0.04182985303561632
3 0.2841821158032996 0.5230367830591791 0.08951678628618731 0.21074818296637954
3 0.35940939087104595 0.5340734343651807 0.07681581523620323 0.23046498077785113
3 0.36644479618960185 0.5784226397503908 0.07374810948750017 0.26823917077892334
3 0.42883666284936717 0.5295751103667595 0.0848223899533834 0.23905408044435805
3 0.41362757493608243 0.5448547021905897 0.09501851605153114 0.26656876736912966
3 0.526712452507503 0.36505274471892896 0.06280963635363707 0.17644677323996388
3 0.5721971877712687 0.44397492490442786 0.07950014642688824 0.23805391192062517
1 0.32411476984591736 0.34824423163572854 0.04387387227356873 0.07890081478686042