2 0.09849545394394282 0.8899739837354663 0.023316919360985334 0.03462116783110025
5 0.12227003850966672 0.8951309909241981 0.019439873234226822 0.03163420829408995
8 0.15431745167530814 0.895781841485067 0.03826618913894639 0.044598654476380936
7 0.1996406047023058 0.9012071243490175 0.02224730396204633 0.04541523889237529
7 0.2808898241570102 0.9106813669991056 0.0272261081938817 0.04743131007930943
4 0.23166354248061763 0.7255261302833532 0.19279307046627916 0.5009950580693424
3 0.12525617913981685 0.37248909352400833 0.08479753955900202 0.2513598331348382
3 0.03002963841009591 0.4815327915174222 0.058387856101022324 0.453437363919969
3 0.24050740617661087 0.3889792531354188 0.11074510476404856 0.24573452665263282
3 0.5826218971856548 0.5082343339428098 0.16736548038521373 0.32784986912877956
4 0.8626182878164345 0.47046455033362095 0.06858901241588863 0.19421963955476176
3 0.9652130241471547 0.4934597928782632 0.06957395170569051 0.30819713380727143
3 0.7772002603245691 0.7066213101081879 0.27203323708296406 0.5735215312156751
3 0.6373791009240017 0.5263326000024517 0.12856930495271882 0.29012172758971577
0 0.6207627297706635 0.5137339112935407 0.027232536735109083 0.04939594662154889