7 0.28119290985331763 0.9198112096461463 0.030664106495522613 0.04245078101969616
5 0.1309634341311705 0.9110668186452359 0.018522099149348187 0.031089535621145453
2 0.10728228562054472 0.9103756223357723 0.019568606696915576 0.029227771257495653
8 0.16200841067089297 0.9130862456500614 0.028528223180728136 0.03306569551478602
7 0.20331654510535224 0.9149994482341812 0.029605350885195298 0.040567227031286034
4 0.18586103206015747 0.8613429850306858 0.05701392905099887 0.21406601852974932
4 0.963788446430811 0.6018953954090795 0.03961794985715737 0.20545928783334336
3 0.9046328609428399 0.666175916887382 0.05132243986886758 0.24396864387813835
3 0.7861798326011172 0.5967114230881033 0.04857450432528008 0.20836088250261875
3 0.634934995852106 0.3351771092448132 0.03838465935250162 0.15020494732807932
4 0.439690210051509 0.33158011941322557 0.030453178322116543 0.13888728117904914
3 0.6154871633203433 0.40794148264191044 0.031123408849019048 0.18290021922194324
1 0.7428787249452509 0.3190791175676167 0.030713098746562202 0.05743205442793575
3 0.6426087412007295 0.6440759910876215 0.046980246878409064 0.20366289234397392
3 0.5658902966638134 0.7679932058091463 0.07557583440431676 0.2573278387950895
3 0.24095989383524238 0.4282030799363812 0.04208417995726719 0.15492472711148458
3 0.3574194225917544 0.4635133333978731 0.04056647290264568 0.17363497665321417
3 0.28943724284788364 0.5714230629210076 0.05062158918506528 0.19059240995509444
0 0.16186366674402364 0.6354754176159993 0.016930903718167238 0.027327875050515385
3 0.13854059861452392 0.6057552803749765 0.059581205668877806 0.19443033421238481