6 0.3949552483696024 0.8901952873693056 0.0899336680958718 0.04841233603135301
7 0.48100356266686944 0.8854984331295008 0.02790908042387642 0.0603402570438318
5 0.5262171130233702 0.8873622951604084 0.02222297895423646 0.03235041792556823
2 0.5525032778865149 0.8799529338456975 0.022195535431903748 0.02816047379149002
8 0.5369947063121068 0.8525598504919076 0.049016573588107376 0.04240321989983111
7 0.5975110018255202 0.8503922148710187 0.04207831950165774 0.06327981142455387
6 0.6526748166652458 0.8111605905716783 0.03637392235046306 0.032496676216904836
1 0.26710944371048506 0.27439038765530366 0.044564879838581775 0.08285726043214174
4 0.20413000824695124 0.3805758007632822 0.06662374844368135 0.21017161993618622
3 0.3217303389860934 0.45231722065410945 0.09988960806920444 0.2482223864893429
3 0.33025409109287485 0.31344824573474006 0.06184273242616282 0.20034633085955805
3 0.37481009848310876 0.45496066131366186 0.06997880286961611 0.24232702680663845
4 0.5283920959889968 0.7393501042654975 0.06460317720155477 0.14171961482498244
3 0.3682520305737884 0.6539017530760787 0.08009830240722622 0.2270695293032061
3 0.3727957535159494 0.7475177993736413 0.06901883037282942 0.21578258849684656
3 0.5440585516375747 0.3107701028696281 0.12165519498456186 0.21074040218027393
3 0.6367349196121426 0.4178660331599658 0.0682235190100394 0.21437781499152408
4 0.7879056348958485 0.15408330676084678 0.06501483003654585 0.20456877683615554
3 0.8211271322796323 0.48540984904790374 0.08661630660276637 0.26205073410556307
3 0.700441883809924 0.4827659427965326 0.07081070559551665 0.24931839249073204
0 0.7445574178806853 0.2569802362728391 0.01830130918495138 0.033706438667111635
3 0.760075137295871 0.28576996767132185 0.07774895968196593 0.22844180096600927