4 0.8699475451489201 0.33770224126529175 0.06452885016809382 0.19697445271634853
3 0.6967415104545024 0.4722069968274314 0.11746823432950956 0.24747388461315004
3 0.7160110496004604 0.6951132241743809 0.10866661288778484 0.2739697572855755
3 0.7333293603973446 0.3257086337093578 0.10291389754419142 0.21357809667817354
3 0.2559342193446302 0.38845109411444045 0.0969159109016266 0.2480365980732724
4 0.5488371240912504 0.7687264989445983 0.08061087213015034 0.18841461630390144
0 0.2940948190495502 0.35554885136480385 0.018436761418861476 0.031999989885849595
3 0.560190829979897 0.6094113773609549 0.0897583312328594 0.2676499689279184
3 0.6738204586015242 0.2617272856341864 0.09345006033371041 0.20745377562187464
3 0.3891580307412479 0.2493394174552397 0.09619228470708789 0.19664170078723575
3 0.5357079704075375 0.4518260240073074 0.0656690504282599 0.20589072950186055
4 0.2547622534139737 0.15232532947722885 0.07780723733099056 0.18045198758122802
1 0.15128384473952441 0.03074635339642186 0.03854342163206228 0.06149270679284372
6 0.608534734951769 0.9448504991408476 0.052390292861205376 0.0524642184052311
6 0.462016746158049 0.9024314458956285 0.05740322137189638 0.05652027026414599
7 0.533607457824406 0.9241695378941346 0.07353695737671678 0.06377071053154068
7 0.38765633703309615 0.8782804885486498 0.07075271534359344 0.06173693556380797
2 0.3157943118443069 0.8545718610034387 0.033475546950934486 0.04416814546259403
8 0.2464242063363358 0.8332818478449758 0.052393524988878094 0.05345236069772122