7 0.7552480018036074 0.896146878710138 0.024605129348431933 0.04570773920840712
7 0.8324709237395148 0.8819555168466522 0.024605129348431933 0.04570773920840712
5 0.9099655848058571 0.8677669682470982 0.020213037165087926 0.03212307514797423
2 0.9336211175418078 0.8636596912613889 0.024576672572182993 0.037003677312855865
8 0.8786966136216909 0.873246150825309 0.03980354946861355 0.040062574058220335
1 0.711583059431969 0.2878405946636 0.03443832786852716 0.061282904524265186
4 0.7162498714338289 0.35655661059038785 0.030311832263509298 0.12893615148897736
0 0.7873048206585096 0.40033043622407755 0.014212643247328842 0.025291357422712612
3 0.7992123335052107 0.4154445486571926 0.04904304225529003 0.20649689250790623
3 0.5542504833543778 0.45111095839623 0.05331498360558197 0.18333107300934492
3 0.45910384533387155 0.4617317318808362 0.04570944981743559 0.18421941960764915
3 0.7092426049991964 0.5881166637404595 0.08447030886069787 0.23781039244766636
3 0.38146075783417444 0.43819986566906965 0.05929324447514694 0.18339296481584447
3 0.17816334565669179 0.5303923613804896 0.09687545293986709 0.20892626293669167
3 0.036477318162988104 0.5719521482998554 0.07295463632597621 0.22514220762485582
3 0.051784954116564426 0.8671675663201981 0.05358690391196344 0.2656648673596038
3 0.29556517300077434 0.7777476592372428 0.08780706316257984 0.26105498333631805
4 0.47834898975459156 0.8923130447752426 0.07288336286091397 0.18450074600082894