6 0.331820365591814 0.8339047973689536 0.09058238895686661 0.034359477535982584
6 0.5960021900594755 0.8711573479412774 0.03580201489397471 0.02757573786173537
7 0.4170385534164683 0.8660388026626353 0.041454534279712914 0.05735180053727746
7 0.5364345159458215 0.8833427942545805 0.04622105636686442 0.05886284053842778
8 0.4765877582291352 0.8595030738634563 0.04773448075021724 0.03629684068947057
5 0.4610169125853855 0.8881373915998304 0.02073650179035003 0.031500759025700875
2 0.48759267085957014 0.8922190410224498 0.02787012428271351 0.02882381620256792
4 0.46144170650809024 0.7581938887749716 0.051910514354576914 0.09993833824221846
4 0.22674349692249682 0.3211010555729199 0.04523400706164553 0.24244578953992768
4 0.9491134735526162 0.29085925989052874 0.06184064850010419 0.2244293447981914
3 0.6831637426642314 0.5516128730844916 0.11746084660911449 0.245353813361519
3 0.7074231911109187 0.535871205896366 0.09997282519731622 0.23651766480739492
3 0.5382742554822687 0.4419668310155051 0.07610327615958423 0.2176630297733941
3 0.4904569274520077 0.3802380439605903 0.12063544978371767 0.24541955377659863
3 0.48822168539072774 0.21422006911999458 0.05145392830394167 0.20302924777121667
3 0.476838152090056 0.29732331100054943 0.05864295869926695 0.21730145749045643
3 0.3496298202570612 0.4846736633616808 0.06280514032788595 0.2767056669076111
3 0.42047918194155903 0.5419355656010636 0.0738700781865292 0.2628114645750788
3 0.49333318399939585 0.7143597675020387 0.06331713428148254 0.19056390992098546
1 0.3827238464007571 0.1943788330869603 0.04392321584035428 0.08423726404067748
0 0.5307253382920927 0.4446355562867532 0.021530152584000824 0.031517194129470696