3 0.5684778069309671 0.6353426352991445 0.11236598255956996 0.22056409655497455
3 0.35759094110814277 0.46423323526676646 0.08091361645674226 0.25712969448795003
0 0.3350494789508058 0.5688281024438909 0.02487629639678068 0.04394349741892521
3 0.3229548811275526 0.4966279180610288 0.07047387630306924 0.2482845112195926
3 0.4062276172985215 0.546734589943479 0.09675425249309805 0.2563226236768022
4 0.8930844413742373 0.5043260681506094 0.05804545727373583 0.26951382181604705
7 0.7332657285151507 0.8787683351268766 0.028180418918024714 0.047860882835299795
7 0.8121036778356553 0.8551394346484517 0.02762761233142943 0.046884360670434846
8 0.8567250367000447 0.841572295687682 0.04073600793062674 0.0460490479670007
5 0.8881966697206747 0.8334805236351287 0.022633277554583064 0.03518303982742637
2 0.9125644776046924 0.8254621805025194 0.02701757925236355 0.03716997442789978