7 0.784808642289642 0.9541262776916715 0.05499618754737059 0.06049164706891457
7 0.8498132627970486 0.9628404163748255 0.054930449357416464 0.04037092272283834
4 0.7659425197608388 0.8000801728000669 0.06347771431974714 0.23570583695680908
0 0.6061597535095619 0.40296137299934087 0.027273128814189126 0.04784560419166608
1 0.599068024431427 0.3940533756838113 0.052851342374140964 0.09565608950968305
3 0.5266829918333786 0.5474749560636019 0.08414867522986391 0.33773692138828515
3 0.2923358352610976 0.3284724491314757 0.06810595634447118 0.2689986824575665
3 0.09037252347463123 0.7693064322792328 0.08054519560403786 0.27227432951623826
3 0.5778560418418683 0.7325439432009428 0.100526282201829 0.3360643313989526
3 0.6320608375646789 0.8944097127386058 0.12546354840972623 0.18769775434272412
4 0.06280939326025405 0.2879535735866552 0.08568581882821086 0.28948230183135076