1 0.7014752303256584 0.383676277037162 0.03632119940984012 0.06497662398763877
4 0.6959695875469515 0.45344954038494495 0.03487754955259334 0.13312394793980556
0 0.7596096026050384 0.5282142181033789 0.015087267447164423 0.026990289964096213
3 0.768986172368355 0.5487697389443132 0.05569490744964191 0.2135889024638729
3 0.5220176721684439 0.4763172130488021 0.0595094574020575 0.1909421162724535
3 0.4262926151121477 0.44519786445534076 0.05173167962427973 0.19078114320074685
3 0.6546754908181719 0.680079413807122 0.09303348626808328 0.2499323961223991
3 0.3531532094391796 0.38742707301059687 0.06562056851316861 0.19106859511450877
3 0.13899462309169486 0.3893892257895812 0.10405086567668446 0.22150623117119533
3 0.0165145714639683 0.37316709522647523 0.0330291429279366 0.2220452561873657
3 0.21774074275674568 0.6861582241366032 0.09644115853788991 0.27272865730897483
4 0.38154684198582145 0.87791289624446 0.07895066971882923 0.19035640665923004