4 0.9198157304468888 0.4633956386292835 0.08298151465887467 0.24922118380062305
4 0.6233110260273413 0.7850467289719626 0.07845323430560604 0.20093457943925233
0 0.5011453267514507 0.31853582554517135 0.022005712320217346 0.04672897196261682
3 0.7590734858054118 0.2998442367601246 0.06546848408294341 0.2398753894080997
1 0.8234412471695355 0.2632398753894081 0.04225300186104502 0.09034267912772585
3 0.6951882656165996 0.45638629283489096 0.06899550067286088 0.24922118380062305
3 0.7351612879505581 0.6627725856697819 0.07693891627352899 0.27258566978193144
3 0.569804309191139 0.57398753894081 0.09805016065734441 0.3130841121495327
3 0.47014916542709284 0.441588785046729 0.08481113465623102 0.27414330218068533
3 0.4086959074286927 0.5225856697819314 0.11113662119138741 0.3052959501557632
3 0.39024038792032606 0.4190031152647975 0.08649327470208545 0.2538940809968847
3 0.3484504593779342 0.2336448598130841 0.09699295622273386 0.2570093457943925
3 0.27247016278916486 0.21261682242990654 0.10230382316988643 0.2772585669781931
3 0.1586478864326596 0.40342679127725856 0.07779778560094783 0.26791277258566976
4 0.2151465549756109 0.09968847352024922 0.07145514179702998 0.19937694704049844
6 0.6385011415957222 0.9517133956386293 0.10511886758014168 0.06853582554517133
6 0.352989996510763 0.8512461059190031 0.04121105397314146 0.03894080996884735
7 0.5437017111354016 0.9384735202492211 0.02818053411035766 0.06386292834890965
7 0.4135993503265788 0.8948598130841121 0.051832787867446495 0.0794392523364486
8 0.4799998609089467 0.9049844236760125 0.057865215221654435 0.0529595015576324
5 0.4938663652790886 0.9415887850467289 0.028988548282086413 0.04361370716510903
2 0.4641791414100076 0.9314641744548287 0.028988548282086413 0.04361370716510903