2 0.8871958247165626 0.9843979108107986 0.023421904652541566 0.03120417837840274
5 0.8618512598824811 0.9857094978618889 0.01991523012490014 0.028581004276222295
8 0.8280381647080968 0.9800731462107236 0.03918668348022161 0.03985370757855273
7 0.7811199621092494 0.9788213670627344 0.03685229080550637 0.04235726587453131
7 0.6951557752942568 0.9749147442889399 0.03861071358489631 0.046439812789377165
0 0.43220037255751814 0.48246788746229624 0.023445637058530328 0.04197659972900764
4 0.10525656503633511 0.2910610514221641 0.06249370498236217 0.22223383990427692
4 0.6833553141560511 0.30614711474304784 0.04625127622702461 0.24471744001098408
4 0.4499260766871521 0.9094495252514952 0.05131634325500809 0.18110094949700942
3 0.7085637356772592 0.798337218649166 0.07489759406204556 0.27331719791553283
3 0.5836364337991667 0.7288453976508422 0.11177361727354096 0.3238701765136162
3 0.517741543480086 0.7139959432504205 0.06628177803815591 0.31151788173084816
3 0.6339642975940142 0.527100744827756 0.0877113261951331 0.27150806220632123
3 0.46254858969692453 0.2294829588944498 0.04856532683946373 0.23957900039882252
3 0.480610661686395 0.31802538589736173 0.07420974282420201 0.24114745097210025
3 0.4956557695467908 0.4640740387362902 0.0742538172924669 0.25463292815052346
3 0.42665068064653694 0.47820383921752824 0.08052167926679074 0.2111972399639675
3 0.2107689067550624 0.571236021959198 0.08134853459685415 0.2858981072393502
3 0.041949230802309 0.6221961303554278 0.08084715226320788 0.31078230220463143