2 0.07235538972840713 0.8067655550105762 0.02431866300668721 0.038741512816547675
5 0.09490319230205496 0.8163365738961388 0.020539582819023364 0.03388352775509111
8 0.12579214787276052 0.8233451082417674 0.03941308869891432 0.05148129245051927
7 0.16902167191739748 0.8377459664594908 0.02434994166158483 0.04830174226205437
7 0.24662069979395002 0.8633851541016679 0.0291949070699837 0.05031390715805976
0 0.7510675792636778 0.6440706396652126 0.017310648501920548 0.03286075880593752
4 0.8974570453568245 0.7586245186355184 0.07440972956152715 0.23192556340847484
4 0.38752783283005987 0.8461302343990865 0.1040515629409098 0.2545259295086657
1 0.7232049636645139 0.36933118350899463 0.0346338084658005 0.06954560939007783
3 0.6735860255708098 0.5003681805380781 0.07967347048991698 0.19761998074565532
3 0.6306863121075241 0.46731931273456634 0.09102947824584716 0.21793007359732905
3 0.70976512969875 0.6157685135821529 0.08409966037832478 0.23594989320048584
3 0.5682034257538087 0.5044605959108702 0.07444100821642467 0.24148579285398153
3 0.5196632427984351 0.4700944991985874 0.07112136580011884 0.21273835851285852
3 0.4449725430262848 0.5414248944237005 0.05770240064349341 0.21915241077220168
3 0.2829294802295174 0.2818892579047068 0.08338373763680629 0.18144546102699716
3 0.11904012977231972 0.25803552588565404 0.06513231853374098 0.1896714401685375
3 0.6633733827615851 0.8284731641986656 0.10721793994821725 0.2364282395668057