6 0.6731378860604044 0.7914646721864154 0.09338617327221733 0.055739471794512344
8 0.5315868402125502 0.8420846041192257 0.042787296259492694 0.0411715769800442
5 0.5492743363803996 0.8678839002277279 0.023811568519173553 0.03535749282911326
2 0.5216029319064972 0.875894608153828 0.02855090501206455 0.035406519484823686
7 0.4730201374121758 0.8778016257568813 0.04523508702314681 0.06507249480228143
6 0.4137899198565102 0.8749032229982037 0.036449799166883054 0.03548823057767396
4 0.1032119933004128 0.8036803522546798 0.09495728785978647 0.29451168784761755
1 0.3828364607045331 0.19617337588031064 0.047692068671178596 0.0917824013885637
3 0.39220201871570787 0.47205029752702077 0.08539130147241823 0.26772824127777006
3 0.4045300570156766 0.5667229305649768 0.08866574518906432 0.302873285265472
3 0.630907164946733 0.4211275663431604 0.10597438069683342 0.28198563393940607
3 0.6139584816893064 0.6523343999262006 0.1390486364189179 0.2514299441248837
3 0.902190785784441 0.31088105563366936 0.12417400534823683 0.2920050301271194
3 0.8391119575590271 0.3979070633162128 0.1170925732620329 0.3003584564356888