8 0.0996206282272577 0.8642628428733659 0.04203315950503881 0.04242397955628174
7 0.14667217471895794 0.8750075455600488 0.029964427725042805 0.045228674618937204
2 0.04538147054089612 0.8467560618542048 0.024412381306789094 0.036382797374689524
5 0.06742342687863835 0.8562944278772144 0.02333266051580406 0.03930112192584012
7 0.22290214125528557 0.8942401926022194 0.025032159651931913 0.047130666349114225
1 0.9962856814795598 0.4023085060667577 0.007428637040880448 0.07334445403964573
4 0.9435459770007096 0.43119128453480904 0.04768788584298848 0.15087355032610472
4 0.6296392076859909 0.8700135295406838 0.06960235840543387 0.2253138778286703
3 0.7266745781156894 0.8358047835675011 0.11557117986023469 0.2814495027059256
3 0.7584744240736843 0.5732511823775907 0.08444391667657063 0.226443840138139
3 0.6795327536320935 0.6434080929319685 0.07624051905064474 0.23221799302176738
3 0.6175655469393628 0.4946246740931171 0.08830925083064053 0.22941329795911225
3 0.6187599646337009 0.42527169216984284 0.1011699987828806 0.17974496584530653
0 0.5192612719412893 0.3769807920535122 0.018317277775056956 0.028507801156017143
3 0.549988945376702 0.3703149732357256 0.08624532584410745 0.16591969103583804
3 0.5255331573226112 0.6215614057709018 0.07739696107329375 0.24101841847061722
3 0.41668818174185557 0.7403706411686415 0.0823995569420971 0.24985861424043998
3 0.13546008805197898 0.29549440171478303 0.09967508959785742 0.2031654214220322