7 0.2426553672316384 0.9280671608690194 0.03502824858757062 0.050664693609938936
7 0.1598870056497175 0.9080950159320929 0.03389830508474576 0.05065298771494697
5 0.08163841807909604 0.8906847851183934 0.020903954802259886 0.03341575422837561
2 0.05649717514124294 0.8853941478683054 0.02598870056497175 0.039504648059661834
8 0.11299435028248588 0.8980518772255444 0.03785310734463277 0.041639632391684105
4 0.4364406779661017 0.9222748010591544 0.09943502824858758 0.15545039788169124
4 0.12655367231638417 0.6315927503799336 0.103954802259887 0.344135292439855
3 0.11214689265536723 0.815045109876735 0.10225988700564972 0.2274175323901235
3 0.36807909604519773 0.6481793924766976 0.09887005649717515 0.40243271651601326
3 0.49180790960451976 0.6514732604129141 0.07966101694915254 0.36802848491282164
3 0.711864406779661 0.495805297345879 0.1016949152542373 0.33203944604222524
3 0.6901129943502825 0.32304474759968 0.07514124293785311 0.28347461907933313
3 0.6330508474576271 0.4738620506068163 0.09378531073446328 0.3299454323426746
3 0.5728813559322034 0.36307774590373115 0.061016949152542375 0.3155214543456571
3 0.47231638418079097 0.45308219891545143 0.10112994350282486 0.3602026071792364
0 0.4016949152542373 0.3084874014040133 0.024858757062146894 0.04653519568579685
3 0.3677966101694915 0.5108525223409778 0.08248587570621468 0.3278163009581484
3 0.4056497175141243 0.5082265611712937 0.07796610169491526 0.37203507093954913
1 0.4062146892655367 0.1893189332334778 0.05423728813559322 0.09714135982077642