7 0.3128076130795344 0.9771748785348053 0.02385700302973285 0.03948123626967812
7 0.23202158299180362 0.9795209043526791 0.02384714230123981 0.036463127617766655
5 0.1509612843021109 0.9843849471875606 0.01986604476537104 0.02837386724686476
2 0.12638336966092134 0.9841365322949815 0.02382413393475576 0.029420874096640126
8 0.1837247155197852 0.9825364219068408 0.04021488854471167 0.03160268200862958
0 0.586524870840488 0.19262264636422463 0.013076523019928654 0.02528552322500194
3 0.5857022533756994 0.28669873857712397 0.03788635312180433 0.18348488608402727
3 0.6129934601921261 0.33923469850577 0.05715784395028362 0.20279857442766153
3 0.8087117987783138 0.3236251632648283 0.03895713225367042 0.1653879400675502
1 0.790116846283072 0.2523868126298746 0.03411852802109266 0.06775560340911196
3 0.7635639273310768 0.5987500658096904 0.03920365046599902 0.2408406563653369
3 0.7790270717134147 0.7489973771879697 0.07275063291668363 0.3065783343923454
4 0.6926210946381361 0.846978299598414 0.05965438843976889 0.27525659386352047
3 0.4375640992650576 0.7716501720780327 0.06531067977288854 0.2773271957730873
3 0.4940789757263435 0.6035539941998571 0.039831073497868144 0.2599611974416054
3 0.48207304349718344 0.4738953075913305 0.06687083173771953 0.2360972697061185
3 0.32454617559279597 0.5062123845704618 0.05557139670947081 0.23598021075619985
3 0.3518571038662089 0.5647845618029308 0.04992825301434214 0.2379337537158481
3 0.15360789658190735 0.5839415620681675 0.05218814001999179 0.23795716550583182
4 0.03681595067213299 0.3738767371447785 0.05208624582556262 0.2067700427694134