4 0.8100556158368956 0.38168187123610015 0.06385969247480698 0.20015506076453699
4 0.15780635863547843 0.17830346632132216 0.08583404952198617 0.22942620405512093
3 0.08072274896383856 0.5214200068973548 0.13628460423161504 0.2938663125782956
3 0.22036589910635102 0.47385917228148 0.09819236936142789 0.2916373579485448
3 0.5774506129072979 0.501776057651607 0.07282565368057725 0.21618963798090576
4 0.7017705673069385 0.8486511583327297 0.07194927635695211 0.1959999606704315
0 0.5781855519048869 0.4787045359607295 0.020391328391172494 0.040764987516897805
6 0.6306439905464304 0.907043049838896 0.09172299072443309 0.04800414127090277
6 0.364973460458071 0.8289606399125636 0.03739029814867337 0.03535339835674066
8 0.4842420534963482 0.8704440695091696 0.04065064767804445 0.04118415370814719
5 0.49691833942047176 0.9054867801305373 0.02116869888657224 0.030695298833135765
2 0.4689321911393812 0.8974196963332512 0.02846676844071397 0.03228712085218744
7 0.5418869563210257 0.9023948479006608 0.049649611159889674 0.06730518625592807
7 0.4210141188778362 0.8659881792650611 0.049649611159889674 0.06730518625592807
1 0.7359651697338929 0.27729985519242106 0.04731278506282262 0.09607333011701286
3 0.7257043114328555 0.6089466920059184 0.09487544450164245 0.2685155363147172
3 0.6462262197381354 0.46793014332182015 0.11029610021400445 0.27603871357107546
3 0.6170106386161286 0.5794931346065775 0.08757737494750073 0.26692371429566586
3 0.602117479023169 0.48613499190116466 0.054926733545111836 0.1942069388795803
3 0.5480367479799407 0.4288926252667182 0.09229817325031382 0.22379664847551373
3 0.5188188095525 0.5397351554563746 0.1240771519399454 0.2777646687713269