4 0.6956271576524741 0.7310450819672131 0.07249712313003452 0.1987704918032787
3 0.8570195627157653 0.5876024590163934 0.0949367088607595 0.2776639344262295
3 0.9729574223245109 0.6987704918032787 0.053509781357882626 0.29098360655737704
3 0.4341196777905639 0.2699795081967213 0.07364787111622555 0.18135245901639344
3 0.41110471806674337 0.29969262295081966 0.08400460299194476 0.24282786885245902
3 0.39182968929804374 0.42213114754098363 0.1565017261219793 0.2551229508196721
3 0.27071346375143845 0.3406762295081967 0.08170310701956271 0.22848360655737704
3 0.10356731875719218 0.4364754098360656 0.11277330264672036 0.26331967213114754
0 0.41570771001150747 0.24129098360655737 0.02704257767548907 0.04610655737704918
3 0.48504027617951667 0.5189549180327869 0.06789413118527042 0.39651639344262296
3 0.5083429228998849 0.4339139344262295 0.10586881472957423 0.27049180327868855
3 0.536536248561565 0.6552254098360656 0.09090909090909091 0.3555327868852459