6 0.37849104288877605 0.8316727441116673 0.09959020105148372 0.03314200039460363
8 0.5350090531803713 0.8300492671384265 0.043849049962127816 0.03409282770697062
5 0.5190305787629215 0.8646175085015805 0.023260870005171647 0.032350277377516765
2 0.5490527209840286 0.8627771047655203 0.029264300536904066 0.032412547727175
7 0.6009943986237546 0.8454193391637422 0.04479150545679858 0.06009560726325639
6 0.6641127469872887 0.8195361426941624 0.037825661180615124 0.0279143494062417
4 0.9734967721167028 0.621379539128499 0.049873010551088615 0.303259352139487
1 0.6227834260599229 0.08145771657850297 0.044886307143255144 0.08914759503084049
3 0.6428199734629746 0.38016943396326075 0.06951374545092881 0.2774700709248875
3 0.6403291165402804 0.4864607865237001 0.07049611744516032 0.3157052663833141
3 0.38326626170014183 0.4195576503513556 0.090984506153215 0.2868667769574163
3 0.42621968520337894 0.6599296544486664 0.13200120006888502 0.24142221400776168
3 0.08185818133831468 0.4073939916029623 0.11072503230195671 0.2916585354981685
3 0.15838930375992835 0.47616968614718175 0.10218861947047098 0.30380199375794004