1 0.02175206212343221 0.1715415540583445 0.01969043692585171 0.07372263321583389
4 0.07820682658298768 0.22821362054860866 0.043405420178285664 0.15363819145639648
4 0.3345965819795712 0.8165574883095982 0.0631091702158328 0.23143414442783136
3 0.24131406199423516 0.737227045598605 0.1096209134367538 0.2853470979217169
3 0.245377455651511 0.456742318810499 0.0791208202961407 0.2297292661153407
3 0.3153974474705389 0.5641061014751604 0.06999412844172857 0.23768631616065095
3 0.39875377831838277 0.4420971684334264 0.08313538178895129 0.23286720132336877
3 0.40728028814210204 0.37149505313332637 0.09954604379707961 0.17822101552968603
0 0.5142763345660465 0.36861923032143107 0.018396499659551334 0.027874087282088233
3 0.4840225339918011 0.34762461643766174 0.08405988020570021 0.16568112403919177
3 0.47400219951482525 0.6127099760552733 0.0711682477027689 0.24687498429398935
3 0.567560585144798 0.782683632670003 0.07577153296506171 0.2551164185381367
3 0.9133119245035666 0.4619206206691104 0.09619675646600076 0.20360816795248182