7 0.2696921991496015 0.9951456310679612 0.030086436228475143 0.009708737864077669
7 0.3470575219378244 0.9820388349514563 0.029625824974319866 0.035922330097087375
3 0.8985467677862892 0.6106796116504855 0.08324486385602173 0.22330097087378642
3 0.6961008322926979 0.43980582524271844 0.09256627276209244 0.23300970873786409
1 0.6629506639547822 0.21699029126213593 0.03739372645137198 0.07184466019417475
4 0.6679877323996831 0.26407766990291265 0.043735286178333374 0.17281553398058253
3 0.6358216407456247 0.408252427184466 0.08056666883240758 0.23980582524271846
3 0.585140079124332 0.4495145631067961 0.06085956712316152 0.229126213592233
3 0.5456463971565098 0.49514563106796117 0.06354729957269517 0.21553398058252426
3 0.5205571079322912 0.6475728155339806 0.08599617914501932 0.229126213592233
3 0.4901750115003084 0.7475728155339806 0.08274610289818803 0.23786407766990292
4 0.6951502688427112 0.7300970873786408 0.07229364811357543 0.21650485436893205
3 0.30309815617320773 0.47233009708737866 0.05583662265116067 0.1970873786407767
3 0.25716949412217327 0.48058252427184467 0.075578694922112 0.21844660194174756
4 0.0951778380474214 0.47135922330097085 0.0864091032695767 0.1883495145631068
4 0.13125558188786804 0.7179611650485437 0.08222826708851513 0.24660194174757283