2 0.9810606060606061 0.8993775933609959 0.024475524475524476 0.03112033195020747
5 0.9562937062937062 0.9061203319502075 0.02097902097902098 0.025933609958506226
8 0.9224941724941725 0.9076763485477178 0.04020979020979021 0.03941908713692946
7 0.875 0.9159751037344398 0.023892773892773892 0.03734439834024896
7 0.789044289044289 0.9315352697095436 0.028554778554778556 0.03941908713692946
1 0.8295454545454546 0.22199170124481327 0.03904428904428905 0.06950207468879668
3 0.7811771561771562 0.495850622406639 0.08974358974358974 0.262448132780083
3 0.7348484848484849 0.6120331950207469 0.11130536130536131 0.41597510373443985
0 0.26486013986013984 0.5612033195020747 0.023892773892773892 0.03423236514522822
3 0.2913752913752914 0.5772821576763485 0.08158508158508158 0.17116182572614108
3 0.34294871794871795 0.5637966804979253 0.04836829836829837 0.16701244813278007
3 0.3712121212121212 0.5368257261410788 0.10081585081585082 0.21887966804979253
3 0.3321678321678322 0.6758298755186722 0.1386946386946387 0.4024896265560166
3 0.4927156177156177 0.5389004149377593 0.07983682983682984 0.18983402489626555
3 0.5058275058275058 0.5679460580912863 0.10722610722610723 0.27385892116182575
3 0.6768648018648019 0.5446058091286307 0.10081585081585082 0.31742738589211617