6 0.3770491803278688 0.896244603916852 0.09344262295081968 0.05636039737383201
6 0.6442622950819672 0.7914390463098968 0.03770491803278689 0.03537553960831467
7 0.4663934426229508 0.8829295260022834 0.04590163934426229 0.06753031846853277
7 0.5877049180327869 0.8350271370634766 0.047540983606557376 0.06900500601900218
8 0.5245901639344263 0.8436976514883215 0.05081967213114754 0.04863076595959049
5 0.5135245901639345 0.880984153970024 0.023770491803278688 0.036689091930783894
2 0.5409836065573771 0.8704959654880021 0.030327868852459017 0.03675693834257341
0 0.7331967213114754 0.2591777714782805 0.019672131147540985 0.03664668792341536
4 0.6819672131147541 0.10342426867312998 0.06721311475409836 0.20684853734625996
3 0.44426229508196724 0.18928095662166503 0.06721311475409836 0.21352341405903547
4 0.029508196721311476 0.7445926503306205 0.04836065573770492 0.23082106699540292
4 0.6286885245901639 0.648743038680754 0.08278688524590164 0.2049381936019046
3 0.7901639344262295 0.25567290388081493 0.11229508196721312 0.24314437709052603
3 0.40737704918032785 0.3179424760699055 0.0680327868852459 0.2149896208080311
3 0.3815573770491803 0.38016297408600624 0.07950819672131147 0.23988969313653447
3 0.42418032786885246 0.391383779989549 0.10327868852459017 0.25471289585449036
3 0.5315573770491804 0.4514972847924132 0.08524590163934426 0.2530685922745472
3 0.594672131147541 0.4428267703675684 0.09672131147540984 0.25464504944270083
3 0.5995901639344262 0.34219279517971746 0.07622950819672131 0.2413134958781616
3 0.18401639344262294 0.7779794419933534 0.07295081967213114 0.23982184672474496
3 0.26639344262295084 0.6626956345647806 0.1040983606557377 0.25034819881339837
1 0.28442622950819674 0.2332087653871698 0.04262295081967213 0.08790455852794414