4 0.3375246365752475 0.14772333924722286 0.06725779166651503 0.21649512268275764
3 0.053532023134364885 0.4538679519476166 0.09564313310960718 0.28669571293163537
6 0.30267963413370486 0.8433967064155763 0.10087619058244647 0.06031383574117445
7 0.3915806481130236 0.8926291466886168 0.0360744503676842 0.07331967910647424
8 0.45643699253249626 0.8949966921815763 0.05648276980680243 0.05225528384122053
5 0.4369017714886371 0.9225556740746643 0.025721370089824187 0.038259171571928034
2 0.4663659336592517 0.93060929849947 0.030840824014738862 0.0383122216917849
7 0.5197010247383613 0.9323363283426542 0.03348990331217677 0.06569436985201695
6 0.5828285464324505 0.9278826514338234 0.03937324722292979 0.03840063855821255
1 0.7363362817004752 0.24997725030844453 0.04635307036639376 0.08558383405743401
4 0.5554376374005103 0.7708663317363237 0.08086002861352067 0.2014390212799846
0 0.19903409004696768 0.19855221059111383 0.02404466955984607 0.04736002923207712
3 0.8294301847649511 0.7991831655215567 0.11181006103768001 0.27318589342769634
3 0.6265416122184675 0.596111472003618 0.08269557773901948 0.2409703824648203
3 0.6028885312487076 0.4079003495186572 0.06900895247564344 0.23019061760619516
3 0.5671268140534553 0.431068052941241 0.062232654095191096 0.24531745250211048
3 0.351620793373951 0.2836001093430051 0.07917836406493252 0.2090201221012278
3 0.34444794238480203 0.4386948820911793 0.09814825586735415 0.2700049127636003
3 0.38168560179637917 0.47554431127540947 0.11180013300045996 0.2701463797498848
3 0.25594844503278974 0.2511557277910704 0.09550414058852633 0.24414252144227366
3 0.2920877120824573 0.4741930531145437 0.07345386874970015 0.28494607224001706