3 0.82035440977865 0.5591286307053942 0.13716460111074288 0.3008298755186722
3 0.7638210264719492 0.5155601659751037 0.09802537922929323 0.2863070539419087
4 0.8857317862659388 0.36410788381742737 0.11695778811470132 0.24066390041493776
4 0.24074012537856604 0.7925311203319502 0.13999020210427532 0.28734439834024894
7 0.2648289334514632 0.8962655601659751 0.04758930946837869 0.05912863070539419
7 0.07733602057397196 0.8283195020746889 0.04643737013675758 0.061203319502074686
2 0.31802177435128104 0.9159751037344398 0.037655425893858605 0.054979253112033194
8 0.3729662574578206 0.9351659751037344 0.06164991354073303 0.07053941908713693
5 0.42760241298063484 0.9569502074688797 0.03764186405997861 0.052904564315352696
3 0.7576530458381214 0.8796680497925311 0.12395079510770832 0.24066390041493776
3 0.41001303392344357 0.616701244813278 0.11846233512720387 0.2925311203319502
0 0.45917429129963333 0.5845435684647303 0.03070310440249185 0.061203319502074686
3 0.4245349444847654 0.4901452282157676 0.17043563166304607 0.3091286307053942
3 0.31339510323329733 0.5985477178423236 0.20830763862489401 0.30809128630705396
3 0.8677191324398245 0.7126556016597511 0.13449496120683063 0.3381742738589212