4 0.32663043478260867 0.750970487701756 0.07336956521739131 0.19224894296371267
3 0.1703804347826087 0.6316983659132162 0.0967391304347826 0.2679260867566248
3 0.04918478260869565 0.7523921531935287 0.08804347826086957 0.2862113040903045
3 0.5603260869565218 0.2911042722097728 0.07391304347826087 0.17581356368886839
3 0.5831521739130435 0.31649658473195835 0.08532608695652173 0.23492591806607344
3 0.6043478260869565 0.4299135137816419 0.1532608695652174 0.2530373578401252
3 0.7165760869565218 0.3412274578281 0.08260869565217391 0.22135813358923137
3 0.8769021739130435 0.41548639419731487 0.1125 0.25648384020393405
0 0.5769021739130434 0.26191912345809565 0.026630434782608695 0.04573024531986148
3 0.5192934782608696 0.5304072181969364 0.07445652173913044 0.3760126138144109
3 0.4951086956521739 0.4528046006211022 0.10652173913043478 0.26222465632780206
3 0.47445652173913044 0.6633665711557407 0.09456521739130434 0.3394703117863697
1 0.7853260869565217 0.004742986279581662 0.04021739130434782 0.009485972559163324