2 0.9221542987990724 0.9969531159201854 0.09555911181664567 0.006093768159629144
8 0.7565978541782442 0.9895355562528293 0.031191775069601135 0.020928887494341474
7 0.8057189825698001 0.9024495291544964 0.05104467219698152 0.061415739247703965
7 0.8712622795526372 0.9058195313702043 0.05161621776738931 0.06343951797352783
3 0.11164803577610363 0.19545923994635325 0.054940686768104194 0.21641555445979085
3 0.3445685369004058 0.6791262056360818 0.08726897915952588 0.25531218931667016
3 0.28205679729079214 0.5661684934815554 0.05109763943113948 0.250538841809606
3 0.25411149548432027 0.3125884828512575 0.03498918235579257 0.16167987853281093
4 0.5340991832463009 0.24545717754005628 0.034443932061366346 0.16770438954541755
3 0.5460278731022646 0.3518339774355454 0.053652971609389075 0.16810240344677452
0 0.6929550410192222 0.3654409934334952 0.015336410025578373 0.025466975295437882
3 0.7313336772012948 0.35416458662856326 0.07171892001659597 0.16445285989648364
3 0.7516627995236492 0.35156790446044167 0.08418445455214416 0.17577679669358612
3 0.8193166174710873 0.3957233454962119 0.06331994266385695 0.18741609852622582