6 0.35400374552350755 0.8591232413745202 0.09659607020575701 0.035720554627394256
7 0.44396689790339067 0.8881090622368814 0.04074583372221035 0.059487047829890366
8 0.5052528069194638 0.8769168129457475 0.05296749373162786 0.039215113522025356
5 0.4889748325340571 0.9066342307325779 0.02080394825067534 0.03268460606558222
2 0.5157697996952373 0.9108544238964272 0.024089256279119394 0.03128657705367106
7 0.567975583417292 0.8965419450038861 0.04321700340919552 0.059538232815824696
6 0.6284090145417612 0.8809338070713021 0.03642593493897253 0.028609950663694608
4 0.6783443341159656 0.7712792869662416 0.045295769806319795 0.12555476083186326
1 0.3512280549330529 0.2455124702311238 0.03584183389838527 0.06524978049731764
3 0.18880237481870138 0.47085620243002724 0.052996825493364666 0.16969658558438763
4 0.05631290803136523 0.6139866413420628 0.045957127046325395 0.22672778135972216
0 0.35652953904007106 0.2375588549049494 0.017480300672086203 0.028217532438197614
3 0.31496592873088963 0.43095317340877287 0.06555395656655316 0.20074429937036445
3 0.3590638761447342 0.4362647993040749 0.056167691970500803 0.2767858937374774
3 0.32382646726026454 0.5894730304585621 0.08887699894189531 0.2408114687210014
3 0.39509711924428176 0.4677987704564286 0.06392567988363558 0.20364272736605643
3 0.44705877688372453 0.4791375847798191 0.06046784387953809 0.1786477945011349
3 0.48644020687983003 0.6448869637920075 0.07310165405301702 0.22142571356570426
3 0.5337597178053126 0.3240631561793169 0.06200027168709258 0.1610866099072028
4 0.6298382040841087 0.2806048251762127 0.04986487566550179 0.1945550251534838
3 0.8374903642943333 0.7371906892334965 0.08571629445142342 0.2612710813106255
3 0.8265699405933428 0.45254553294587196 0.061435340421578055 0.20065899106047383