1 0.2700747134611347 0.3863081777488817 0.03657893074690475 0.06513552054529316
4 0.27449627266808674 0.45765480513893847 0.033642709102479275 0.13448178179195863
0 0.20830951103150094 0.5324767913656506 0.015425162367342498 0.02647301151274182
3 0.19855398621194256 0.5528023758080138 0.053384246012646436 0.21636872929492537
3 0.45096796737475736 0.48468654690719354 0.05774624302775482 0.1923175104093647
3 0.5488064930825911 0.45448649129664404 0.04983663850798081 0.19215362233233527
3 0.3127380400982328 0.6892882624070567 0.09088932497562938 0.25034053968623277
3 0.624151135488919 0.39758585632193855 0.06396093229329154 0.19244627961274494
3 0.8420200601149979 0.4041394794483649 0.1031280563029722 0.22142302779118234
3 0.9758185671223086 0.38825149873148335 0.04836286575538269 0.23041811746352978
3 0.9934055996000893 0.6992743723961332 0.013188800799821238 0.2890835831026887
3 0.7569669007253471 0.7047350048349234 0.094436932480295 0.27455564664882276
4 0.5869736485810755 0.8908775845141312 0.0768698200361739 0.1796370534857721