2 0.9089882168239736 0.9833984375 0.022636157260204518 0.033203125
5 0.8853650398073862 0.984375 0.019329864134142602 0.0302734375
8 0.853477728280537 0.978515625 0.037503288193231905 0.04296875
7 0.8092309760008365 0.9736328125 0.03585173993509405 0.0419921875
7 0.7281630453834836 0.96630859375 0.03696342747313998 0.0458984375
3 0.4568502343776535 0.58203125 0.0894556841050589 0.3037109375
0 0.530917007486963 0.380859375 0.01823415964502771 0.03125
1 0.3889190199947533 0.3076171875 0.04312246146940067 0.0810546875
4 0.3045369878937641 0.37890625 0.05729346413659299 0.2138671875
4 0.6094449656896233 0.955078125 0.07007430788055369 0.08984375
3 0.5428937708999219 0.6826171875 0.07293380830410745 0.2919921875
3 0.5792802103066457 0.55224609375 0.05392323881480609 0.19140625
3 0.6209761181740558 0.533203125 0.08475959838954793 0.2119140625
3 0.6157998585201725 0.71435546875 0.06255498345048566 0.310546875
3 0.8563723412146107 0.43603515625 0.06568546303830451 0.259765625
3 0.5804730450604584 0.4130859375 0.10351443909595008 0.234375
3 0.5218191073231665 0.37109375 0.06480356507108509 0.158203125