6 0.35228625286665627 0.9556339568548312 0.09630291711889154 0.05655140029797111
7 0.4446501936116665 0.9453292306751011 0.04828145222722847 0.06806548993877569
8 0.5054810922164505 0.9084206477117207 0.050747192709907615 0.04857217685984578
2 0.5218297104572531 0.9371195181040834 0.02961397506410636 0.03183727333841377
5 0.4939732046446298 0.9465910070173545 0.022868612500868586 0.031767389496840444
7 0.5704248285733171 0.9030872736808553 0.054203266155764755 0.07413264430615779
6 0.6291649703520796 0.8609015967617284 0.038908470274261336 0.03793936962658238
1 0.2584801952534783 0.24592940340370686 0.04920801471187125 0.09359975094449757
4 0.6287927204885482 0.7167487171373875 0.09606311363385588 0.24122734950245925
4 0.763537045547607 0.12277920992301132 0.0715768363921384 0.23046351006624663
3 0.6579464291858725 0.43926357794619686 0.08778347849400707 0.28768654124703974
3 0.5221150681471872 0.4626319404093142 0.08858740544300571 0.27568326471522425
3 0.4784762391860237 0.3991146323760264 0.09187178913896082 0.24869117960898374
3 0.5047101748363726 0.37010615298284266 0.0825969156145089 0.24859508932682078
3 0.47026990428514837 0.4590917053742185 0.12056410713985032 0.2564956934431766
3 0.37889139108189 0.42586162349060186 0.10445557346649682 0.22930269229241365
3 0.36240324941286645 0.31082204902180444 0.09441601636445232 0.2532218905540781
3 0.39847015230055105 0.6272724762165223 0.09541616017048155 0.3012786740823228
3 0.17776254117885654 0.8209384618311478 0.08349895099202283 0.26662184282503537