4 0.7920240137221269 0.19934673674375727 0.05660377358490566 0.20548008680049396
4 0.09219554030874785 0.2662468145331463 0.07804459691252144 0.23169636469846627
3 0.062178387650085765 0.6520210896961686 0.12435677530017153 0.2918097634901965
3 0.1976843910806175 0.5448639293141058 0.08747855917667238 0.2975434535790787
3 0.5694682675814752 0.4225734541199913 0.06432246998284734 0.22085066855630217
4 0.7461406518010292 0.7279228011246653 0.06518010291595197 0.19792378450402523
0 0.5673241852487135 0.3980863829051177 0.01972555746140652 0.03995995425940662
6 0.6813893653516295 0.8182297641969482 0.09691252144082332 0.03158626111412517
6 0.39665523156089194 0.8504445661889402 0.038593481989708404 0.03098134914601371
8 0.5253001715265866 0.842604618897875 0.0411663807890223 0.03712424438979457
5 0.5433104631217839 0.8733724697022021 0.02058319039451115 0.029265486109270374
2 0.5132933104631218 0.8768837479233283 0.029159519725557463 0.027825391763872245
7 0.5891938250428816 0.8516771392662482 0.04974271012006861 0.0632070858242133
7 0.45969125214408235 0.864859872750263 0.04974271012006861 0.0632070858242133
1 0.701114922813036 0.12348023833403056 0.045454545454545456 0.09527269874614776
3 0.7371355060034306 0.47018413566133965 0.08490566037735849 0.2730519344820865
3 0.635934819897084 0.3575136403743477 0.10205831903945112 0.27781700573012796
3 0.6209262435677531 0.48579833147267837 0.07718696397941681 0.272971872603954
3 0.5926243567753001 0.39605522996845594 0.04631217838765009 0.20078618166634798
3 0.5291595197255574 0.3594642217023845 0.08490566037735849 0.22412227087352377
3 0.5145797598627787 0.4862243086950661 0.11663807890222985 0.27643918173438825