4 0.29106221321046655 0.25584625304744196 0.06037686249878417 0.20710749815101587
3 0.07645064098862628 0.6835977938523886 0.08630357905873771 0.2752201127883901
6 0.3699352914275772 0.9195067998652688 0.09717411972119532 0.04967652815321814
7 0.46032154170105233 0.9200464112968411 0.03338940312711763 0.06818984246672277
8 0.5211703339098257 0.8899171922834114 0.05487591436495816 0.04628905127953261
5 0.5071899258795297 0.9254612971606773 0.024162212201876306 0.03564707531639786
2 0.5357727706978922 0.9177906258797363 0.029966523976337332 0.03570714140589154
7 0.5854420052693796 0.8922020273713921 0.03171173204980123 0.062272975712118366
6 0.643783939004485 0.8561988459529963 0.0374243864723482 0.03430944298155305
1 0.6779574543614937 0.149331612159955 0.04337824445256341 0.08009222293535351
4 0.5931863471569886 0.7247120888786052 0.07359079605772229 0.19102060327929798
0 0.1703795429286755 0.372880770971335 0.022532781836093405 0.04447947109866636
3 0.8523626089141062 0.6121442706915416 0.10200507480673084 0.25915896052645515
3 0.6315093172153855 0.5259312068710611 0.0745502333752148 0.23085219299878323
3 0.5795666387791413 0.3634838697741278 0.06124946653551603 0.22039041530412945
3 0.5498437303960486 0.4028783268142375 0.05466903214739042 0.23654595713526858
3 0.3258642399224793 0.3749591734941165 0.07195654162078607 0.19837807280787925
3 0.34417417605937445 0.5222673101594033 0.08873325239395213 0.25754674035392516
3 0.3848574232632886 0.5380710363235083 0.1028246140607755 0.2562176888890081
3 0.23180694725483914 0.3928947541483104 0.08699286839164173 0.2324558323013855
3 0.3008372126326279 0.5824523191049419 0.06391551935724518 0.2749884293003431