7 0.2976013787804653 0.9882892057026477 0.023608483541069227 0.023421588594704685
3 0.8774515426487397 0.675152749490835 0.10387429543192717 0.31262729124236255
0 0.7191989428238165 0.37983706720977595 0.024905754267492884 0.04684317718940937
1 0.6092700609444401 0.21843177189409368 0.04457622896113147 0.08044806517311609
4 0.64033185657666 0.280040733197556 0.04693818387331745 0.17922606924643583
3 0.6569744978420489 0.4908350305498982 0.09839271495512274 0.26171079429735233
3 0.6838819392391117 0.575356415478615 0.1380461322569908 0.2892057026476578
4 0.544089604327309 0.8691446028513238 0.08349194595404943 0.2576374745417515
3 0.028999317463135943 0.8584521384928717 0.0458876148498097 0.28105906313645623
4 0.021731672053688988 0.4679226069246436 0.043463344107377976 0.23116089613034624
3 0.21703689174643787 0.40427698574338083 0.06211853768314462 0.22606924643584522
3 0.35894660585819155 0.39918533604887985 0.06672182384668938 0.23014256619144602
3 0.3387001191941605 0.564663951120163 0.09615763968495852 0.269857433808554
3 0.22444613316011056 0.6710794297352343 0.0731345520860736 0.2484725050916497
3 0.7111658895717264 0.5147657841140529 0.08659865875631281 0.2953156822810591
3 0.5211249029681398 0.48778004073319753 0.08065150439821832 0.2606924643584521