0 0.3412693599703362 0.7618821292775665 0.026501888003484537 0.045627376425855515
3 0.41163084908622904 0.714828897338403 0.11914083071172277 0.30988593155893535
3 0.5699362993154786 0.46720532319391633 0.12516592623656095 0.25
3 0.9105154110090443 0.5584600760456274 0.1271684435745405 0.3108365019011407
3 0.9511893586359798 0.30846007604562736 0.09539363185000198 0.27661596958174905
4 0.834261485916207 0.7704372623574145 0.09270739008158578 0.2747148288973384
7 0.7494830855104591 0.8550380228136882 0.024375295547301685 0.04752851711026616
7 0.8253195418974457 0.8293726235741445 0.028653370413611844 0.04752851711026616
8 0.8692413678947156 0.8184410646387833 0.032881665372033096 0.039923954372623575
5 0.9003258580488118 0.8079847908745247 0.023231106968890535 0.03612167300380228
2 0.9231029106839737 0.8003802281368821 0.02428818070849597 0.034220532319391636