2 0.04264132918595058 0.8124019868564153 0.026025726808077222 0.04125184666136574
5 0.06684218488964162 0.8234105410081163 0.02198137171656125 0.03608716960329534
8 0.0999529689163894 0.8319500135635773 0.042179715178354796 0.05473842374610637
7 0.1463241342080898 0.8488233079281079 0.026059201087772023 0.05149774830071001
7 0.2298487649040692 0.8788884568242027 0.031244261881570586 0.05360057664937651
4 0.19347094374457202 0.6628426520616216 0.2295686792421352 0.5289998571773957
3 0.10736807884224607 0.2838896501178553 0.10388905545991715 0.27565716345918134
3 0.02367311293747816 0.3777939501666263 0.04639555633162415 0.46460429377587553
3 0.22546368682951365 0.32916900986298425 0.13035625914231072 0.27593136445436983
3 0.5704945072910735 0.5376546360329194 0.1939553617560092 0.37084935756830945
4 0.8625838419142523 0.5673191325790873 0.08354677259543578 0.21294853226719018
3 0.9604468649247218 0.6165001435703622 0.07910627015055659 0.3287033772269814
3 0.7569897080870029 0.733623508972316 0.3176410693213824 0.5327529820553681
3 0.6258325071813119 0.5694768815880954 0.15180577342937956 0.3253322452976129
0 0.6096668028131411 0.5524042389295843 0.03125095673750974 0.055649756977245356