4 0.227697126459947 0.2736256349696633 0.056023145297540274 0.20114623810292476
4 0.9124436325456589 0.33183333995845793 0.07707927206497867 0.2269535535308757
3 0.9367984966167444 0.7081693106587459 0.11669426999519326 0.28448623190855776
3 0.808369860640719 0.6048650333565138 0.08651733136185008 0.29132369769230837
3 0.4451004645621194 0.488513136608526 0.06362228816508171 0.2162279164331065
4 0.27089094431683414 0.7891143978642962 0.0643880033939708 0.19385722397559757
0 0.4472734313088223 0.4653353901403578 0.01942220098580943 0.03920541676087912
6 0.33435893016100204 0.876600457470788 0.09489627231226437 0.0318132448388157
6 0.612770163310623 0.9051628906771519 0.037849292446492655 0.030632272247923687
8 0.48696296187922283 0.8980664847373948 0.04038559388881109 0.036654523233606094
5 0.46924789762064983 0.9282819431297092 0.020226962052355812 0.028775022810833068
2 0.4985956715389108 0.9321517015305781 0.028611343067615126 0.027456157937237224
7 0.42401665477858513 0.9075779832600537 0.048857828038799636 0.062201330001801294
7 0.5510651629177549 0.9198722189308501 0.048857828038799636 0.062201330001801294
1 0.31728436016434486 0.19789542647047303 0.0447656924901672 0.09345777736397236
3 0.28052207210470825 0.5374395044890343 0.08392246116304537 0.2673909989454319
3 0.38029111705118457 0.42642626219636787 0.10071562684209973 0.2722159557654046
3 0.3941428807222246 0.5515041533770031 0.07637212559257557 0.26723469374957853
3 0.42253487062058565 0.4628626492110115 0.045941389014458975 0.19646021923482182
3 0.48472766431660236 0.42724911494726187 0.08376627781241582 0.21962980491558115
3 0.4985843087173497 0.5508344688144642 0.11497249107883546 0.27101866159969484