3 0.7539106145251396 0.7665495414215863 0.1217877094972067 0.42869611023736415
3 0.7092178770949721 0.8321215358399525 0.05418994413407821 0.2987716992958873
3 0.6262569832402235 0.7087258576361024 0.2223463687150838 0.5689020837621871
3 0.5745810055865922 0.716219047752915 0.3111731843575419 0.5588872079569605
3 0.2365921787709497 0.7897973648857459 0.1793296089385475 0.41736334330945984
3 0.1770949720670391 0.8684450774850171 0.0659217877094972 0.2601257494211658
7 0.4441340782122905 0.8850644386682808 0.03798882681564246 0.06699365052400089
7 0.5041899441340782 0.8789755552640286 0.0329608938547486 0.06296545920362465
2 0.4522346368715084 0.8208652751173277 0.09608938547486033 0.03578595102135612
8 0.5293296089385475 0.8170850956800395 0.035754189944134075 0.03416733708538876
1 0.8488826815642458 0.07345190074897169 0.12011173184357542 0.14690380149794338
1 0.3458100558659218 0.7717681544204956 0.019553072625698324 0.04294594835326376
0 0.6731843575418994 0.8324945477910525 0.07653631284916201 0.1489036209583508