4 0.13798616942565514 0.16816816816816818 0.07835163148393078 0.23873873873873874
4 0.3431521041310851 0.6396396396396397 0.07398371181770842 0.1921921921921922
0 0.5439656016508033 0.29504504504504503 0.02122642065289093 0.04504504504504504
3 0.3148949632250223 0.12012012012012012 0.060620527648302815 0.23123123123123124
1 0.26364769861209997 0.04804804804804805 0.039908614080290374 0.08558558558558559
3 0.3420434788888626 0.3003003003003003 0.06486581177888098 0.24024024024024024
3 0.26583985982458963 0.46096096096096095 0.0725230205624842 0.26126126126126126
3 0.4328587118753981 0.4827327327327327 0.09204838431028838 0.30180180180180183
3 0.5481866397566659 0.42567567567567566 0.07927819396857361 0.26426426426426425
3 0.5877546081302791 0.536036036036036 0.10466650658780455 0.2927927927927928
3 0.6245867567603828 0.4542042042042042 0.08090076413084803 0.24474474474474475
3 0.6987462205021789 0.3130630630630631 0.09102371339713039 0.24624624624624625
3 0.7709304859038721 0.3415915915915916 0.09699458153992419 0.2672672672672673
3 0.837065958584786 0.5833333333333334 0.07335638004003732 0.25825825825825827
4 0.84573227877003 0.268018018018018 0.06728740346872852 0.2072072072072072
6 0.2972363934121343 0.78003003003003 0.1013864661484487 0.06306306306306306
6 0.574494999975641 0.8648648648648649 0.03974673517324016 0.036036036036036036
7 0.38549730724791353 0.8258258258258259 0.026339402211002668 0.06156156156156156
7 0.5112645840774255 0.8671171171171171 0.04915405507618785 0.07657657657657657
8 0.4491860989670246 0.8348348348348348 0.05581112005376185 0.04954954954954955
5 0.42987412105124106 0.8596096096096096 0.02711880205287256 0.042042042042042045
2 0.4585713444735562 0.8686186186186187 0.027113896631446657 0.04054054054054054