5 0.16657894736842105 0.9945305775887946 0.019473684210526317 0.007692190733151085
8 0.19710526315789473 0.9862558265316452 0.03736842105263158 0.02379500553986665
7 0.23868421052631578 0.9811438335025578 0.035263157894736843 0.033136511795256555
7 0.3163157894736842 0.9691043860333481 0.03684210526315789 0.04813412742206661
0 0.525 0.48567108123929964 0.023157894736842106 0.041438187745020665
4 0.8084210526315789 0.2622320350284388 0.0668421052631579 0.20855698912546
4 0.2892105263157895 0.3673250023585019 0.05368421052631579 0.22621106614299388
4 0.5336842105263158 0.887266592295591 0.056842105263157895 0.20189918129174475
3 0.2942105263157895 0.8129661358948277 0.08052631578947368 0.2564514306751649
3 0.4026315789473684 0.730851460856385 0.1163157894736842 0.3073836520488963
3 0.4610526315789474 0.7073067238629243 0.07473684210526316 0.2891630447875989
3 0.3460526315789474 0.5577479184450345 0.09210526315789473 0.2565712736113457
3 0.48368421052631577 0.2641885902656667 0.05526315789473684 0.2215457604214891
3 0.4723684210526316 0.3457663836560558 0.07842105263157895 0.22740342382194037
3 0.4668421052631579 0.4797187125071935 0.07894736842105263 0.23958115587232512
3 0.5297368421052632 0.4809404066435144 0.08210526315789474 0.20122432720085115
3 0.7292105263157894 0.5299058022443084 0.08736842105263158 0.26869453159983
3 0.8857894736842106 0.5493526146331106 0.09263157894736843 0.29215724536210513