6 0.355515625 0.8448611111111111 0.08834375000000003 0.020541666666666618
6 0.616171875 0.8441111111111111 0.034375 0.021569444444444405
7 0.44044531249999996 0.86475 0.03872656249999995 0.05019444444444458
7 0.5585312499999999 0.8644166666666666 0.04342968749999994 0.052055555555555584
8 0.4988359375 0.8495 0.04559374999999992 0.02979166666666673
5 0.48454687500000004 0.8798888888888888 0.019367187499999973 0.028847222222222198
2 0.5109921875000001 0.8800277777777777 0.02622656249999995 0.02520833333333346
0 0.5864921875 0.18120833333333333 0.01928125000000005 0.03186111111111111
1 0.5840625 0.171625 0.03629687500000003 0.05159722222222221
3 0.6214375000000001 0.34679166666666666 0.07354687500000008 0.2658055555555556
3 0.5848828125 0.34669444444444447 0.04575781249999995 0.340625
3 0.6623359375 0.5035277777777778 0.05065624999999994 0.2292916666666667
4 0.0875 0.22501388888888887 0.035367187499999994 0.20836111111111108
4 0.7646171875000001 0.4618472222222222 0.036476562500000045 0.22924999999999995
4 0.45334375 0.74425 0.05611718749999994 0.10794444444444448
3 0.01015625 0.446125 0.0203125 0.24223611111111107
3 0.2348203125 0.6559583333333333 0.07375781249999998 0.2758194444444445
3 0.345421875 0.2665277777777778 0.054335937499999966 0.2025
3 0.368375 0.43200000000000005 0.04710937499999997 0.24734722222222227
3 0.3796484375 0.6019722222222222 0.05278906250000004 0.28172222222222226
3 0.5093593750000001 0.4298194444444445 0.05721093750000002 0.22075000000000003
3 0.5476640625 0.45175 0.06038281249999997 0.23961111111111108