6 0.3698311129633527 0.8432874141298335 0.09787493518527447 0.0331242088661296
7 0.4637818356378704 0.8545457438480298 0.045644148827458195 0.05857545103972565
8 0.5276031404987118 0.8317117555897481 0.04986245961875028 0.037213202032164376
2 0.5418588647062849 0.8636750672229581 0.029239352724678574 0.02476728778833708
5 0.5131381405721699 0.8670311793004305 0.021530635451627127 0.02774532988573998
7 0.5936733085036614 0.8409656196639935 0.050809904675866255 0.06474503357621773
6 0.6557593892485134 0.8120332149831154 0.038688283676164774 0.029452297158246127
1 0.32668358997991237 0.10517785283934478 0.04401869508526028 0.08608059529106839
4 0.6660032976988167 0.6658975530983494 0.08222356301170088 0.2302028957676464
4 0.8451251928228845 0.10508838546648283 0.055602015148341774 0.21017677093296566
3 0.7157130038555444 0.3924369231918566 0.06867607076760446 0.2835773831117208
3 0.5767465313179237 0.3847037250716345 0.07034643057180814 0.2698337067502866
3 0.5379085607684068 0.3101804870616849 0.07711269235018862 0.2408528850965979
3 0.5661380989054061 0.2877156730192361 0.06682608671537807 0.24227518791352218
3 0.5248073484594203 0.3691868729364094 0.10626722251330106 0.23962628909288608
3 0.43500258792074115 0.3143060827456523 0.09160762965140122 0.21501022929657684
3 0.4268922108708612 0.19435556358402933 0.07883793734128812 0.24392878060060694
3 0.4399718278600168 0.5229772002547428 0.07557206116955704 0.2943519131399895
3 0.20329785638275555 0.6668741879347568 0.06602832853161437 0.2606149160024962