6 0.3556875 0.8453194444444444 0.08869531249999998 0.02144444444444452
7 0.44067968750000003 0.8645 0.03992968749999992 0.04972222222222216
8 0.4996875 0.8493055555555555 0.04431250000000002 0.02943055555555563
2 0.5117265625 0.8801666666666667 0.025773437500000006 0.020430555555555605
5 0.485453125 0.8805000000000001 0.018679687500000063 0.023624999999999986
7 0.55953125 0.8640277777777778 0.04467187500000005 0.053805555555555565
6 0.616859375 0.8435694444444445 0.03434375000000003 0.022999999999999923
0 0.5869609375 0.14291666666666666 0.02092187499999998 0.03170833333333331
1 0.5906640624999999 0.19134722222222222 0.03806250000000002 0.07118055555555555
3 0.57440625 0.32598611111111114 0.07921093750000008 0.3424583333333333
3 0.5698125 0.3722916666666667 0.07783593749999991 0.3517222222222222
4 0.692421875 0.3117361111111111 0.04626562500000002 0.2365694444444445
3 0.512625 0.4704305555555555 0.052742187499999996 0.2761805555555556
4 0.5372421875 0.7478055555555555 0.056218750000000026 0.0928333333333333
3 0.33688281249999996 0.61925 0.06398437499999998 0.27819444444444436
3 0.25401562499999997 0.42491666666666666 0.0935546875 0.2466666666666667
3 0.39454687499999996 0.31419444444444444 0.07551562500000002 0.24943055555555552
3 0.4338984375 0.5367916666666667 0.05489062499999999 0.28587500000000005
3 0.25640625 0.24018055555555556 0.07043749999999997 0.2383055555555556
3 0.042625 0.7165555555555555 0.06364062499999998 0.3021527777777777