7 0.6818809549066511 0.9634787537936473 0.02488381885838192 0.04545589373880799
7 0.7561221013793405 0.9713058291315304 0.024822578544582558 0.02672930197850837
8 0.8011435354891704 0.9769285982592393 0.03899023664071233 0.013914857637371072
3 0.7745900888903107 0.7438482299258922 0.07344913713659217 0.2515035349988142
0 0.2855260129638367 0.5573297445507148 0.016933965733857182 0.028438533437275888
3 0.2656785873845321 0.3629708643556039 0.06265336396640052 0.16888862763047943
4 0.24945754494263597 0.3118050400398802 0.03423537335051157 0.16923661743634963
4 0.5658784956773862 0.8202709951199246 0.06332053247761307 0.21197068386031923
4 0.7165049807116234 0.44540488891596297 0.03999116486213241 0.15905683896084394
3 0.5063379254019186 0.3181923114884632 0.06739633010304368 0.17085934343686685
3 0.5169639321559176 0.42893491163579733 0.056377380696686054 0.18093017010086418
3 0.3705993258857949 0.4975122907473517 0.081138718927469 0.18893288031907293
3 0.28235433915638963 0.5531816324915524 0.07228321097711567 0.21683754987995837
3 0.3619707580057021 0.7561353703002014 0.10293200739418831 0.2549226539073056
3 0.43741557947018916 0.568699593402933 0.07164972463849273 0.18405511911828312
3 0.5074126929091004 0.6468439968817216 0.07231689314970528 0.22713717534812317
3 0.6350150072528128 0.5547769922066397 0.07333278054037308 0.21592301065424493
1 0.6722192595568284 0.34285021706640173 0.033347739709620565 0.05873883086943106