6 0.6440182374968246 0.8396335992362045 0.09164219651324675 0.024752157279250956
7 0.5566597051493914 0.8600169275621048 0.024441256890284285 0.056212973720103684
5 0.5118092721916794 0.8752335261253459 0.020241641264777406 0.02755843048103868
2 0.4841159992970289 0.8750927316177508 0.021016193302973867 0.023289339128851744
8 0.49715292291153945 0.8433898817859795 0.04835020635862836 0.030997376011635942
7 0.43584984147870703 0.8589472504865294 0.03807557787465915 0.055066992161495625
6 0.37629636560735147 0.835177347567547 0.035471759959048436 0.02501712336091389
1 0.7095505275698227 0.18175883259076112 0.03981145648506616 0.0751002380285502
4 0.7839751434354346 0.27022952270625283 0.050292099234413405 0.20529971323087734
3 0.6726986040319379 0.3768341362190204 0.08259094122707047 0.23596463057196795
3 0.6497267909021092 0.23943412403387734 0.04622322578271643 0.1966451699918125
3 0.6194398822354926 0.39508241844144065 0.0513187968935291 0.2396020504501189
4 0.4939841120305359 0.7270111791579899 0.054631233482468546 0.1325423079748982
3 0.6468214323415943 0.5931136016732331 0.06402914621249609 0.21986801738655523
3 0.651464637485385 0.6894590584341682 0.05353972701441048 0.21108049067927223
3 0.4342048198844758 0.30033426458128276 0.10957942139479869 0.1908155245976092
3 0.351606226764592 0.43492019252526104 0.05192525185111261 0.20961867338364626
4 0.1723711863194506 0.21431645801583565 0.04946151483601275 0.20099737601163578
3 0.17300734429102385 0.5572068467400331 0.06747288725320792 0.25564879483494984
3 0.2943676305590876 0.5196884723106525 0.051356151800331866 0.2453163361644046
0 0.2267456048176496 0.3053455786123661 0.016247477626685967 0.03033245867054526
3 0.21411930403898902 0.33846868840594524 0.06082821206600243 0.22123009708101757