8 0.19437614618738547 0.9919962335216572 0.037618467252267904 0.0160075329566855
7 0.23777778065778482 0.9872881355932204 0.02283443460576494 0.025423728813559324
7 0.3150541618579428 0.9788135593220338 0.02712264674153067 0.0423728813559322
0 0.455049316931781 0.8022598870056498 0.024474065879196864 0.04143126177024482
1 0.6955790717746283 0.2193973634651601 0.038341495441733375 0.07532956685499058
3 0.5548566239519424 0.2947269303201507 0.054630070586960545 0.2024482109227872
3 0.6086646342620418 0.4246704331450094 0.06001957881656395 0.23258003766478344
3 0.529419076204582 0.6308851224105462 0.09344218043800191 0.2598870056497175
3 0.4570860381764368 0.664783427495292 0.08564111404206651 0.3013182674199623
3 0.4165852219655968 0.672316384180791 0.0631880255575048 0.23069679849340866
3 0.3935091473385831 0.7716572504708098 0.13838186502640376 0.2495291902071563
3 0.2718658062635576 0.513653483992467 0.058404573277781674 0.224105461393597
3 0.2576218242879968 0.4199623352165725 0.07373617575437226 0.22033898305084745
3 0.4046148075477613 0.449623352165725 0.06260043890861161 0.2128060263653484
3 0.1894584870476164 0.4731638418079096 0.06368018748463104 0.2193973634651601
4 0.3830314433629684 0.9016007532956686 0.07524652192089398 0.1967984934086629
4 0.35742824939349627 0.3173258003766478 0.0498558529577309 0.19868173258003766