6 0.355515625 0.8448611111111111 0.08834375000000003 0.020541666666666618
6 0.616171875 0.8441111111111111 0.034375 0.021569444444444405
7 0.44044531249999996 0.86475 0.03872656249999995 0.05019444444444458
7 0.5587109375 0.8644166666666666 0.04019531250000004 0.052055555555555584
8 0.4988359375 0.8495 0.04559374999999992 0.02979166666666673
5 0.48454687500000004 0.8798888888888888 0.019367187499999973 0.028847222222222198
2 0.5109921875000001 0.8800277777777777 0.02622656249999995 0.02520833333333346
0 0.7581171875 0.37995833333333334 0.015421875000000007 0.029749999999999943
4 0.7281953125 0.2140138888888889 0.042617187499999966 0.18994444444444444
3 0.49701562499999996 0.21061111111111108 0.042320312500000054 0.19106944444444443
4 0.042484375000000005 0.5787777777777778 0.03503906250000001 0.2170694444444444
4 0.617453125 0.7051805555555556 0.05997656249999998 0.17623611111111118
3 0.8117812499999999 0.3973888888888889 0.08479687499999997 0.2035
3 0.448265625 0.3168888888888889 0.04346093750000009 0.1924166666666667
3 0.41715625 0.3655277777777778 0.05242968749999997 0.21252777777777776
3 0.4557578125 0.3917361111111111 0.07412499999999991 0.21865277777777775
3 0.5491171875 0.48600000000000004 0.055929687499999936 0.22506944444444454
3 0.6086796875 0.5012916666666667 0.06741406249999997 0.22170833333333334
3 0.6244765625 0.4089583333333333 0.04866406249999997 0.2160555555555556
3 0.188875 0.6649305555555556 0.04551562499999999 0.21565277777777775
3 0.27871875 0.5868611111111112 0.07590624999999998 0.21383333333333338
1 0.3432421875 0.19365277777777778 0.03307031250000003 0.07249999999999998