7 0.7318808415250324 0.9485509765730089 0.0316608611476533 0.042879530105450196
7 0.8120486277993347 0.9508315664154807 0.03057390462591417 0.0428682770497229
5 0.8878717498507084 0.9540342620234384 0.01911659505126557 0.029210468127063415
2 0.9120612752554456 0.9557353194959602 0.02293675219749107 0.03408544376408151
8 0.857433805377985 0.9527520584746826 0.034893273936621505 0.034209227377080584
4 0.31924488137184154 0.9026943684235745 0.07019126646878768 0.19220955726866748
0 0.8957955448499706 0.5518088298249725 0.02185611940380726 0.03600842668514339
3 0.9278642864571964 0.7194465804333239 0.07591377870400334 0.28027355949121063
4 0.9260198823248779 0.4046412354190914 0.04355450795812341 0.1899996214265624
3 0.7970829173855746 0.4458581265408498 0.06929085992468245 0.2492582655282209
3 0.7219281672241644 0.4808622180023417 0.06922129891607295 0.22798166978354004
3 0.5600851102381373 0.3476630928051911 0.08756992336050287 0.18852113420672423
3 0.4621153396443024 0.3858157830557931 0.05455370960065026 0.22976398950801225
3 0.3449520518583639 0.620571615677672 0.0738315597173282 0.3082974750431992
3 0.38633210324516865 0.5610407297787726 0.06659560166852838 0.25599995880766485
3 0.5098249811596399 0.600035553151197 0.059603107149860945 0.2781705276785137
3 0.6541488594806664 0.7770556846647345 0.1221442113822209 0.29139011223195654
3 0.1996443399483921 0.6413102332072362 0.05195646912935474 0.26648634042768854
1 0.29307602908576846 0.29557745021604304 0.04210393707319969 0.07876979970545805
4 0.21379004052329878 0.39678411165965527 0.05181418524810857 0.22296603094993217