4 0.8630933788354471 0.37319477177014915 0.06051664540821268 0.1920255307122989
3 0.9460918283996685 0.6162486966199252 0.06059975726265503 0.2174161557122991
3 0.5872002927339758 0.47532598109613156 0.07655619946522466 0.224416855970617
3 0.4676617833263996 0.23238251944710883 0.048882285576163975 0.162609344749379
3 0.2602628310668608 0.4763400350633986 0.08369266338850925 0.222537590138139
4 0.3441190208580136 0.709148575874812 0.05888427680879231 0.19689129878902456
3 0.08889641036222974 0.5395116620300855 0.08591923507438762 0.23134937853583804
0 0.34953471010921094 0.2296961586957852 0.017681512485790956 0.03045524468159233
3 0.367429845950006 0.3861364880890147 0.08582973000037293 0.20400562853583792
3 0.37336511726122995 0.41940210930768707 0.0693366236874977 0.20090549680309522
3 0.3823673022983305 0.35503988789848323 0.06829206495496272 0.2174956963542456
3 0.37905639742448044 0.2754131145647223 0.03768229834126117 0.0980425902608838
3 0.3504226349622202 0.2941606466446347 0.05838597201592155 0.21251061731459997
4 0.29293970521091117 0.2295992480800348 0.052782781788683945 0.1792506775703523
1 0.38323499868840316 0.1738903848856956 0.035886902642742566 0.053103670837609473
6 0.6160357577494231 0.9791436353079772 0.05125553497842692 0.04171272938404558
6 0.4702797063470725 0.9433711527169317 0.05621337636262669 0.052337322891325755
7 0.5416475421897053 0.9626644318921507 0.07216662195541011 0.05836146064964387
7 0.3964457362514846 0.9220991819068013 0.06941297598858495 0.05637992827751992
2 0.332493884521541 0.9033708838863166 0.032551840028604555 0.04135083199106093
8 0.26332385087671034 0.8841003306087968 0.05125873158821306 0.04935650212150278
5 0.19882414690220934 0.8648780698638874 0.03366992078622301 0.047221569939910335