6 0.6470251085458026 0.845166163141994 0.09683697392355001 0.03474320241691843
7 0.5557114007919167 0.877643504531722 0.04529983566550357 0.05891238670694864
8 0.49135885697334053 0.8693353474320241 0.049399068929429725 0.0377643504531722
2 0.479267645761655 0.9040785498489426 0.028981197380486743 0.0256797583081571
5 0.5076771983946534 0.9010574018126888 0.021373800860942923 0.028700906344410877
7 0.42721802912969187 0.8935045317220544 0.05127148330438194 0.0649546827794562
6 0.36418104653197225 0.8783987915407855 0.038332814465577694 0.030211480362537766
0 0.37170818638673686 0.1148036253776435 0.0239753401158704 0.0377643504531722
1 0.3692444051397725 0.16767371601208458 0.04461015503457598 0.08308157099697885
3 0.39161268897065127 0.311178247734139 0.10249484875226984 0.3821752265861027
3 0.39849066374651587 0.3610271903323263 0.10171641856098473 0.39274924471299094
4 0.2636416567446051 0.3119335347432024 0.06188531635900061 0.2628398791540785
3 0.4639464590836133 0.45996978851963743 0.07064586343578327 0.3066465256797583
4 0.4471289465632569 0.7643504531722054 0.06511677614387629 0.10876132930513595
3 0.6596592719093025 0.5974320241691843 0.08338731102934871 0.311178247734139
3 0.7424647802651969 0.37537764350453173 0.11369856436038128 0.2809667673716012
3 0.5863458104197976 0.27416918429003023 0.09420703893665228 0.2809667673716012
3 0.5512589504687846 0.5211480362537765 0.07325726375297274 0.31722054380664655
3 0.7331781506759205 0.17522658610271905 0.08818608598646445 0.2673716012084592
3 0.9681236902545233 0.6638972809667674 0.05726404052259999 0.3338368580060423