6 0.37243285939968407 0.8690405803990653 0.09004739336492891 0.03604386600905724
6 0.6350710900473934 0.8248911022921236 0.035545023696682464 0.027053093176254168
7 0.4589257503949447 0.8744660686514537 0.04186413902053712 0.05661284407300642
7 0.5778041074249605 0.8549778897377613 0.04660347551342812 0.05947085949276179
8 0.5169826224328594 0.8492868404336091 0.04739336492890995 0.037007120489687205
5 0.5043443917851501 0.882423196159698 0.02132701421800948 0.03252399073721343
2 0.5308056872037915 0.8786382280435926 0.02764612954186414 0.029780370847448834
1 0.30963665086887837 0.19904411617149648 0.038704581358609796 0.07905206974822589
4 0.1872037914691943 0.297922997661241 0.05529225908372828 0.19860568551512206
4 0.48854660347551343 0.7182607756487698 0.060821484992101105 0.17057299563966802
3 0.21800947867298578 0.7161436502418207 0.07424960505529225 0.2690265112390869
3 0.23262243285939968 0.628913833034654 0.09794628751974724 0.27348512766370575
0 0.3712480252764613 0.4154011516697345 0.018167456556082148 0.031086811918050464
3 0.3941548183254344 0.5176922793881086 0.06477093206951026 0.22679362646699203
3 0.41311216429699843 0.43954673456302024 0.060821484992101105 0.2759100742913534
3 0.429304897314376 0.3143792268226766 0.053712480252764615 0.222465747790934
3 0.4514218009478673 0.1842347054256166 0.060821484992101105 0.20287636642618478
3 0.617693522906793 0.26889109141549566 0.07109004739336493 0.1945556245547556
3 0.584913112164297 0.3254099677317241 0.06240126382306477 0.23940956257733922
3 0.5758293838862559 0.44137472200535616 0.09399684044233807 0.25799483391503325
3 0.6670616113744076 0.4600938802312475 0.08056872037914692 0.2410019924729178
4 0.8009478672985783 0.1665740457467574 0.0679304897314376 0.20014091764570524