4 0.0329375 0.2709537037037037 0.065875 0.12338888888888888
3 0.29322916666666665 0.07314814814814814 0.07604166666666666 0.14629629629629629
3 0.35377604166666665 0.24095370370370373 0.05053645833333332 0.22636111111111112
3 0.21459375 0.5142407407407408 0.07009375000000002 0.2099537037037037
3 0.276359375 0.5295925925925926 0.08111979166666666 0.24806481481481488
3 0.35125 0.66525 0.13715104166666664 0.2564351851851852
3 0.587203125 0.5325092592592593 0.07571875000000006 0.19094444444444447
3 0.5681718750000001 0.6965648148148148 0.1001614583333333 0.20053703703703696
3 0.7570208333333334 0.8221203703703703 0.12577604166666656 0.1553611111111111
3 0.731515625 0.10864814814814815 0.06017708333333331 0.1876759259259259
4 0.8998906249999999 0.06725925925925925 0.10735416666666661 0.13450925925925927
1 0.5056302083333333 0.7574907407407407 0.09799479166666672 0.17794444444444452
0 0.5531302083333334 0.5075555555555555 0.026333333333333306 0.04844444444444439