4 0.7278947036297414 0.33001988071570576 0.03798594910484546 0.16998011928429424
3 0.41280333799661245 0.5839960238568589 0.09059092074434649 0.1978131212723658
4 0.6040859892764376 0.7370775347912525 0.0430203824342431 0.17196819085487078
3 0.26097585430181147 0.3667992047713718 0.03293851503844003 0.16401590457256462
3 0.4665175026112378 0.6093439363817097 0.06609116976405248 0.22266401590457258
4 0.1023782036887757 0.30019880715705766 0.033510174993324836 0.1679920477137177
1 0.6840511444345437 0.24801192842942346 0.026994402591956627 0.05467196819085487
6 0.6664841206235024 0.9408548707753479 0.050402836610512126 0.03777335984095427
6 0.5184166765963087 0.93389662027833 0.05544377030841357 0.041749502982107355
7 0.5916107846909638 0.9368787276341949 0.07165138799535312 0.0437375745526839
7 0.44214506752695154 0.9294234592445328 0.06885484172171574 0.042743538767395624
2 0.3742517216336248 0.9244532803180915 0.030843263616309756 0.03578528827037773
8 0.3058094670751768 0.9224652087475149 0.06324549825318126 0.03578528827037773
5 0.2387573601929177 0.9184890656063618 0.021904716130276235 0.03578528827037773
3 0.5655505727962885 0.3136182902584493 0.055892295735179814 0.17892644135188868
3 0.5232336690158608 0.27137176938369784 0.05420331734454082 0.1749502982107356
3 0.44025002387134865 0.2644135188866799 0.041302152385336785 0.15904572564612326
3 0.49223314393678735 0.35834990059642147 0.0575650232045592 0.1779324055666004
3 0.43967061092928894 0.4289264413518887 0.07091434111707472 0.16003976143141152
3 0.38094170032750496 0.49304174950298213 0.06436643934664224 0.2077534791252485
3 0.35101442996005716 0.48111332007952284 0.05769828075888847 0.21868787276341947