2 0.879453125 0.926212962962963 0.020640625000000058 0.030203703703703604
5 0.856984375 0.9284722222222223 0.01736979166666662 0.027305555555555566
8 0.8267291666666666 0.925675925925926 0.03455729166666662 0.03762037037037047
7 0.783984375 0.9256574074074074 0.01955729166666676 0.04019444444444452
7 0.707171875 0.9261296296296296 0.023999999999999962 0.04115740740740745
0 0.24994791666666666 0.5618796296296297 0.013713541666666688 0.02746296296296304
4 0.098046875 0.6255092592592593 0.04950000000000001 0.21026851851851844
4 0.5747135416666667 0.8664814814814814 0.07783333333333337 0.22186111111111123
1 0.3057552083333333 0.30960185185185185 0.027416666666666718 0.05868518518518518
3 0.33920833333333333 0.44935185185185184 0.058901041666666626 0.1727777777777778
3 0.383625 0.4315648148148148 0.06856770833333338 0.1890555555555555
3 0.29240104166666664 0.5481018518518519 0.05903645833333331 0.21101851851851855
3 0.4391302083333333 0.485962962962963 0.04838020833333338 0.22008333333333338
3 0.489109375 0.4683240740740741 0.048291666666666684 0.19220370370370374
3 0.5526666666666666 0.5593055555555555 0.03373437499999999 0.20379629629629625
3 0.7348125 0.36263888888888884 0.06469270833333335 0.15490740740740735
3 0.8936822916666666 0.3907777777777778 0.04493229166666666 0.17044444444444448
3 0.3137916666666667 0.7642314814814815 0.08306770833333334 0.2025277777777778