2 0.9211052058433935 0.913066824580079 0.022862336964597146 0.033636349385058745
5 0.8966555206837991 0.9163564669706368 0.01943943964410048 0.030564581187826366
8 0.8633724514803736 0.9146766522377834 0.0382504828510013 0.04290465040215992
7 0.8167335019608721 0.9166777271816077 0.021761083339978424 0.04475817564050228
7 0.7328412684508795 0.9205827169560166 0.026883846610633085 0.045823317814893474
4 0.7879824778135077 0.7352890455780068 0.18480081101047957 0.5029082400800887
3 0.9057043394866872 0.3782891200410739 0.07989114881850265 0.25284279184587327
3 0.9887924019818549 0.49837198451767717 0.0224151960362902 0.4627920354476206
3 0.7865579940991312 0.3866077792975467 0.10716511897305413 0.24401612770713418
3 0.4319153031193322 0.48390567990689504 0.16316841290095785 0.3235405683159133
4 0.14473463510841936 0.4236173146636025 0.064912982550457 0.19499738336906677
3 0.035283189449863535 0.4394269626783888 0.06870652659383578 0.311429475452939
3 0.2271888202351195 0.6758087533499667 0.2640929682500386 0.5725526513591603
3 0.3750771578988815 0.4981584966893804 0.12437557660199729 0.28872719541394454
0 0.39267277505313297 0.48633627733296375 0.026321637088233648 0.04784172082115776