4 0.3112421875 0.24918055555555552 0.07478906250000002 0.23644444444444443
3 0.18948437499999998 0.4780138888888889 0.10135937499999999 0.24175000000000008
0 0.2319765625 0.5164583333333334 0.023406250000000028 0.04084722222222218
3 0.72934375 0.6088749999999999 0.1208124999999999 0.3010833333333333
3 0.8889374999999999 0.5304444444444445 0.06499218750000005 0.2870694444444444
6 0.3553359375 0.8444444444444444 0.08932031250000003 0.030166666666666706
6 0.6164609375000001 0.8433194444444445 0.03567187500000006 0.02393055555555558
7 0.5581875000000001 0.8644583333333333 0.04412500000000001 0.0543194444444443
7 0.44019531250000005 0.8645416666666667 0.04474999999999998 0.054500000000000014
8 0.4994921875 0.848013888888889 0.047273437499999994 0.03729166666666654
5 0.48539843749999995 0.8779166666666667 0.021312499999999977 0.032722222222222146
2 0.5115078125 0.8808194444444445 0.029984375000000084 0.030194444444444458