6 0.3794100549816902 0.8779285802390261 0.0891852198475748 0.03934237513260509
6 0.638623701108027 0.8339885382275485 0.03524715359079611 0.028505031119595653
7 0.46496829293053976 0.8831704522596715 0.04159260236113216 0.05780098726925189
7 0.5824736950579028 0.8633804884361956 0.046289192720211855 0.060675732159271925
8 0.5223060821090533 0.8586638549401964 0.04699771984757497 0.03846967112242383
5 0.5099128938282388 0.8910441648631054 0.02119828912941557 0.03238079644953523
2 0.5360688606998495 0.8867244534620141 0.02744374394987581 0.03112119704363623
1 0.3088871745207412 0.21540336540771376 0.039317030054229284 0.07858583704646425
4 0.18890192744760745 0.3129145428601596 0.05767212031511306 0.1970130998656155
4 0.49219588041185103 0.7288830632293278 0.062273261903856535 0.1707211780889692
3 0.2246268457709307 0.7261256350166037 0.07665392447164328 0.26823430164791817
3 0.23801691963946253 0.6402973446495328 0.10010506001026273 0.2728858038757969
0 0.37247321199033195 0.4292043408302989 0.018068743949875808 0.0309272628191514
3 0.39624023750696813 0.5303836208359552 0.0671425690854491 0.226373700756767
3 0.41395445745273884 0.45297755032177317 0.06339540036934235 0.27490400594100933
3 0.4283936864736958 0.32967350173276294 0.05618688836728971 0.22059188860597914
3 0.4486718371867237 0.2002406620340556 0.062377801033272284 0.20266562253341347
3 0.6141698326000327 0.2842143082961548 0.07250677995603354 0.1945423846099386
3 0.5827132873713949 0.33980978028851877 0.06405847570130732 0.23880905601527205
3 0.5748874122731991 0.45491786561987246 0.09536756303532493 0.2575110589857767
3 0.6655646818379068 0.47276478534544714 0.08281302088084708 0.24058581335313045
4 0.7939047965447771 0.18307835041368814 0.07018121067419276 0.20004945660937296