7 0.7336416861877001 0.943158953722334 0.02497051198506905 0.03420523138832998
7 0.8139169785307308 0.9280684104627767 0.02497051198506905 0.03420523138832998
5 0.894745738441932 0.9164989939637826 0.020424442697788175 0.026156941649899398
2 0.9196225735063164 0.9109657947686117 0.024954077437580394 0.029175050301810865
8 0.8622450716429775 0.9210261569416499 0.04078643411511965 0.03319919517102616
1 0.21209519219376358 0.36167002012072436 0.035225463157433495 0.060362173038229376
3 0.32563314931592674 0.3682092555331992 0.04904445104165125 0.1398390342052314
4 0.10117792875760973 0.5905432595573441 0.05662574129384835 0.21227364185110664
4 0.2730781422047452 0.8908450704225352 0.06568501077343353 0.21830985915492956
4 0.7978116716389109 0.323943661971831 0.037262216999433134 0.16498993963782696
3 0.7367633085050429 0.4200201207243461 0.06164146195710832 0.19114688128772636
3 0.6471460724656237 0.5276659959758552 0.07470812424854367 0.21327967806841047
3 0.625601546993504 0.5508048289738431 0.05153770862163871 0.2112676056338028
3 0.49083441936990435 0.5573440643863179 0.06512332593151884 0.2193158953722334
3 0.6126199676668143 0.7198189134808853 0.08888829549531574 0.23038229376257546
3 0.6784605416180977 0.7132796780684104 0.10204041743369181 0.27867203219315895
0 0.7191567740631272 0.6212273641851107 0.019327368289940375 0.03621730382293763
3 0.062468581488822235 0.85261569416499 0.07311181627923796 0.24346076458752516
3 0.20972279690080248 0.7419517102615694 0.06462737927955833 0.24044265593561368
3 0.30631874032288003 0.4869215291750503 0.04075065479283915 0.19517102615694165