6 0.65048066533299 0.836864406779661 0.09065165477453385 0.026836158192090395
6 0.38569654105667256 0.8524011299435028 0.03587128008648768 0.02401129943502825
7 0.5642033248866062 0.8622881355932204 0.04003346827922643 0.05367231638418079
7 0.4443158802299828 0.8693502824858758 0.04242365562324938 0.05508474576271186
8 0.5051502204641878 0.8509887005649718 0.03910129303951491 0.03248587570621469
5 0.5204324767158934 0.8806497175141242 0.020044439028825287 0.031073446327683617
2 0.4918471956998588 0.882768361581921 0.020016734139613215 0.026836158192090395
3 0.8490425132308935 0.510593220338983 0.073930690390302 0.2612994350282486
4 0.6712913282814686 0.7492937853107344 0.051273868873327334 0.07344632768361582
3 0.6996930220969485 0.5324858757062146 0.06580024822930956 0.23163841807909605
3 0.5064289848342651 0.7161016949152542 0.05663604623482786 0.1652542372881356
3 0.4417328707223342 0.6574858757062146 0.05659042744990377 0.2796610169491525
3 0.3799628498277419 0.4548022598870056 0.07473357614702356 0.2627118644067797
3 0.32768348204056724 0.4392655367231638 0.0564149631515604 0.2528248587570621
3 0.5078699170885095 0.4350282485875706 0.06823661038868609 0.2401129943502825
3 0.509554741818483 0.298728813559322 0.04533100089923188 0.13559322033898305
4 0.5967137432229039 0.19915254237288135 0.05296331108483613 0.21045197740112995
3 0.7042716176735131 0.2570621468926554 0.07836937144473229 0.211864406779661
3 0.6111553398199612 0.4180790960451977 0.058786680569442216 0.2514124293785311
1 0.22403928582543217 0.2076271186440678 0.040181227688357544 0.07627118644067797