7 0.30787341275287866 0.9807692307692307 0.03309876388780447 0.038461538461538464
8 0.1859374940407958 0.9942307692307693 0.030308007544719684 0.011538461538461539
7 0.22838879511045293 0.9884615384615385 0.031967366440790776 0.023076923076923078
4 0.20645777375429358 0.9177884615384615 0.06702424264739101 0.16442307692307692
4 0.975946437152677 0.49567307692307694 0.0455661492150503 0.2144230769230769
3 0.9227108756449934 0.5759615384615384 0.06245498643238018 0.2548076923076923
3 0.7966330294350917 0.5336538461538461 0.05747062019842545 0.21826923076923077
3 0.621435539432393 0.30480769230769234 0.04538060761567386 0.1576923076923077
4 0.4221016906911476 0.3490384615384615 0.036147391606293634 0.14423076923076922
3 0.607664154543475 0.3836538461538462 0.03954158394733453 0.19038461538461537
1 0.729952287817086 0.2625 0.03371477897724371 0.06153846153846154
3 0.6539285741493363 0.6168269230769231 0.05583327471244981 0.21346153846153845
3 0.5858877182647153 0.7615384615384615 0.08737331243604834 0.27115384615384613
3 0.22756805877429864 0.49567307692307694 0.0491801152638116 0.1625
3 0.3488942519426837 0.5033653846153846 0.048161929640146144 0.18173076923076922
3 0.2884822866966107 0.6293269230769231 0.05903563590837277 0.20096153846153847
0 0.16384348508520766 0.7254807692307692 0.018475866337372724 0.02980769230769231
3 0.13743561792049086 0.7014423076923076 0.06823740418904516 0.2048076923076923