7 0.6628838105169914 0.9849094567404426 0.029477138358377765 0.030181086519114688
3 0.16956214236280315 0.7565392354124748 0.11577394567096905 0.3319919517102616
3 0.28551339280555155 0.4567404426559356 0.09088889333284045 0.323943661971831
3 0.3097710221118112 0.4678068410462777 0.10511836822207804 0.3561368209255533
3 0.23405987705829906 0.4693158953722334 0.11745900019671322 0.3289738430583501
3 0.3662780579815473 0.4647887323943662 0.11123445020268347 0.32595573440643866
3 0.45670748573397013 0.7137826961770624 0.11773838750401901 0.41448692152917505
3 0.6551177515836598 0.68158953722334 0.1231382998963169 0.3380281690140845
3 0.7805646771048004 0.5880281690140845 0.09027461793896224 0.30885311871227367
3 0.8395247742761622 0.8717303822937625 0.15338053480327316 0.25653923541247486
4 0.3199197137487915 0.2147887323943662 0.06351387032422214 0.2454728370221328
4 0.3026210187530773 0.8405432595573441 0.09625593663016134 0.23742454728370221
1 0.3590736838901304 0.16247484909456741 0.05063089828246393 0.10663983903420524
0 0.36448528880676756 0.1488933601609658 0.02217523541348654 0.043259557344064385