4 0.16097916666666665 0.2658055555555556 0.04202604166666664 0.1723611111111111
3 0.062098958333333336 0.4704907407407407 0.04009895833333332 0.19654629629629627
3 0.41013020833333336 0.43669444444444444 0.05490625000000004 0.19932407407407407
3 0.5429791666666667 0.2418703703703704 0.033114583333333295 0.14670370370370373
3 0.715703125 0.5271851851851852 0.06199479166666677 0.1951018518518519
4 0.6171927083333333 0.7219166666666667 0.03986979166666676 0.17716666666666658
3 0.8706197916666666 0.6329722222222223 0.06339062500000002 0.20297222222222225
0 0.6536354166666667 0.27192592592592596 0.01459374999999999 0.025046296296296254
3 0.6232708333333333 0.4133425925925926 0.06591145833333342 0.1764814814814815
3 0.615 0.44275000000000003 0.05017708333333341 0.1776944444444444
3 0.612234375 0.3801296296296296 0.047296874999999974 0.19441666666666663
3 0.6220052083333333 0.30641666666666667 0.02830729166666662 0.08609259259259261
3 0.6473177083333332 0.3318240740740741 0.03842708333333344 0.19244444444444447
4 0.706703125 0.28714814814814815 0.03566666666666667 0.16195370370370368
1 0.6270625 0.21021296296296296 0.030317708333333353 0.04182407407407409
6 0.339140625 0.9033518518518519 0.04626562499999996 0.03262962962962964
6 0.4788854166666667 0.906712962962963 0.05075000000000003 0.0356574074074074
7 0.41045833333333337 0.9052222222222223 0.06598958333333335 0.036370370370370345
7 0.5498385416666667 0.9068518518518518 0.06350000000000004 0.03592592592592588
2 0.611375 0.9066666666666667 0.02823437500000002 0.031842592592592686
8 0.6775885416666667 0.9078148148148149 0.046078124999999893 0.03414814814814825
5 0.7397291666666667 0.9072129629629629 0.028697916666666618 0.03663888888888883