0 0.3862559241706161 0.714452289531436 0.02764612954186414 0.05113379476322749
4 0.18562401263823064 0.8714979194172413 0.09794628751974724 0.2570041611655173
4 0.3013428120063191 0.2049707224697413 0.061611374407582936 0.2119488934980177
3 0.3815165876777251 0.2621070418898426 0.1018957345971564 0.26334417260886506
3 0.5173775671406003 0.2607045154806888 0.06714060031595577 0.24296216930459574
3 0.6244075829383886 0.41881783745408907 0.09794628751974724 0.2885433576266383
3 0.6125592417061612 0.44666258351864485 0.11453396524486571 0.29169554459693436
3 0.5714849921011058 0.4998857930967454 0.10426540284360189 0.3041235380026955
3 0.7061611374407583 0.4443857188221372 0.0924170616113744 0.319327834629049
3 0.43878357030015797 0.6354829040759502 0.13112164296998421 0.2386679562863316
3 0.38704581358609796 0.6702270592694544 0.1334913112164297 0.276638332916117
3 0.24842022116903634 0.5858982286741954 0.10426540284360189 0.2647976953060662
3 0.1646919431279621 0.6705422993655956 0.09083728278041074 0.27856481200694494
1 0.7136650868878357 0.06322075043443538 0.05292259083728278 0.09800507806520882
6 0.39178515007898895 0.9055779248885759 0.09004739336492891 0.06366082878578043
6 0.6524486571879937 0.8175721631537415 0.03712480252764613 0.034475975439672665
7 0.5979462875197472 0.8564726017922714 0.04818325434439179 0.06560365064833439
7 0.48104265402843605 0.8968909502284726 0.052132701421800945 0.07692131956314549
8 0.5371248025276462 0.862236680279463 0.053712480252764615 0.05026861184817118
5 0.5248815165876777 0.8963934796772566 0.02527646129541864 0.0398488113918692
2 0.55173775671406 0.8892244148148253 0.030015797788309637 0.03854237364020407