7 0.24894736842105264 0.8525280898876404 0.02526315789473684 0.04681647940074907
7 0.175 0.8267790262172284 0.025789473684210525 0.04681647940074907
5 0.10105263157894737 0.800561797752809 0.020526315789473684 0.033707865168539325
2 0.07842105263157895 0.7930711610486891 0.024736842105263158 0.03932584269662921
8 0.13105263157894737 0.8108614232209738 0.039473684210526314 0.04307116104868914
1 0.7623684210526316 0.38202247191011235 0.034736842105263156 0.060861423220973786
3 0.6568421052631579 0.3717228464419476 0.05052631578947368 0.13389513108614232
4 0.8542105263157894 0.6104868913857678 0.061052631578947365 0.20131086142322097
4 0.6794736842105263 0.8712546816479401 0.07 0.22284644194756553
4 0.22078947368421054 0.26264044943820225 0.04105263157894737 0.15543071161048688
3 0.27263157894736845 0.3604868913857678 0.06473684210526316 0.18352059925093633
3 0.3505263157894737 0.47331460674157305 0.07736842105263157 0.2050561797752809
3 0.3692105263157895 0.49719101123595505 0.05578947368421053 0.199438202247191
3 0.4942105263157895 0.5234082397003745 0.06894736842105263 0.20973782771535582
3 0.37342105263157893 0.6558988764044944 0.09105263157894737 0.22284644194756553
3 0.3123684210526316 0.6404494382022472 0.10526315789473684 0.2687265917602996
0 0.27921052631578946 0.549625468164794 0.018947368421052633 0.035580524344569285
3 0.8773684210526316 0.8586142322097379 0.07736842105263157 0.23220973782771537
3 0.7460526315789474 0.7350187265917603 0.06947368421052631 0.22846441947565543
3 0.6686842105263158 0.4845505617977528 0.045789473684210526 0.18352059925093633