7 0.26139750370053977 0.9019230769230769 0.02191724027732267 0.04519230769230769
7 0.1825760760404159 0.8870192307692307 0.01596500457274481 0.04423076923076923
5 0.10618708081272443 0.8721153846153846 0.02020756203485394 0.03173076923076923
2 0.08270187121305464 0.8677884615384616 0.02456333515233794 0.03653846153846154
8 0.13723042334201388 0.8778846153846154 0.0397173395633689 0.03942307692307692
4 0.3744302293805162 0.8927884615384616 0.07309952554922397 0.18461538461538463
4 0.6853030651091668 0.3875 0.06345156268170948 0.1971153846153846
3 0.19677725610474414 0.32740384615384616 0.0685743076504837 0.23653846153846153
3 0.469941309312379 0.4634615384615385 0.07457686142411714 0.24519230769230768
0 0.7557205766545786 0.4889423076923077 0.01914535022966865 0.03461538461538462
3 0.7711540966229247 0.5259615384615385 0.07360270623977895 0.26153846153846155
3 0.5495259958917681 0.5682692307692307 0.07491021863160977 0.29615384615384616
3 0.394173485382025 0.6841346153846154 0.06883218775439316 0.2759615384615385
3 0.3282157173224274 0.520673076923077 0.08698413482202169 0.24134615384615385
3 0.1301850950918002 0.7567307692307692 0.10974382405421801 0.3326923076923077
1 0.659967225750519 0.29423076923076924 0.04323104242778533 0.08076923076923077