4 0.18152877403397452 0.2747491483162392 0.05708905734029807 0.21592273219342914
4 0.41759550103115844 0.7344347061935824 0.06353441773612949 0.15846925525904515
4 0.895736229962986 0.3241769659890092 0.056255045872792946 0.21443922506981417
0 0.8017051932656759 0.424977239191608 0.02252313369378678 0.041529618591291645
3 0.6918405517056821 0.29625486254727607 0.04953953749237329 0.18929683179770854
3 0.798359222832336 0.5606404214860943 0.0697680718432397 0.28979775792670975
3 0.7021710728199766 0.560382503701329 0.08204186436929922 0.23977897835025597
3 0.6441593115378632 0.5501948221574251 0.06148102195087745 0.2911868754811205
3 0.6209954056437195 0.40688242075681713 0.057151770265291835 0.23509677349136415
3 0.4931898693900629 0.3126363223706923 0.07287256229789821 0.22493532624417867
3 0.3657434500163184 0.23535616633693549 0.05684302971147657 0.14070149325537604
3 0.352061581555504 0.362062530235202 0.06630660012323272 0.24551564683637975
3 0.20775134170681964 0.49700442776882925 0.0828710517656507 0.2397875592201837
3 0.22827331513500101 0.6874887266776484 0.09695758936132076 0.2369835815015793
1 0.3195429232715683 0.16334171431715155 0.04089550633466218 0.08154140657925782
6 0.3210624299313336 0.8396340155474602 0.09381395349540873 0.036367868390321335
6 0.5949424339707382 0.8933549488107652 0.03741473833004158 0.03135959047417842
8 0.47103439503444133 0.8751104568391755 0.040750784200061126 0.03729361896863864
5 0.4531152086609686 0.9029495669557898 0.020826166331856757 0.029713046821937972
2 0.48211747124866033 0.909149602418007 0.02911321622421901 0.02832392926752739
7 0.409245461792789 0.8788959607906267 0.04912949144433763 0.06392810023428672
7 0.5339658038764006 0.9023112755200495 0.04912949144433763 0.06392810023428672