6 0.39857516714937774 0.888685680139353 0.09118746539399727 0.04355572812279685
6 0.661301581434615 0.8199074360518314 0.03688675691891536 0.03163014228878389
7 0.48589110173730876 0.8870705489400638 0.043461204385303674 0.06152579944572652
7 0.6049101008205741 0.8552953137742431 0.048264451679512474 0.06441629231343365
8 0.5435065920486442 0.8559316389098164 0.048913433453431764 0.04169728354896049
5 0.5317675691485311 0.8901465074427201 0.021753800066394064 0.034314036086499626
2 0.5584403265324138 0.8834776192343863 0.02892155440971992 0.032967957206242134
4 0.5153822064593622 0.7624667456264043 0.055701301358248134 0.10426339525135765
4 0.23048767322796426 0.42874859316615377 0.05503431997619752 0.24629232187121308
4 0.9329870753093572 0.1118267276617683 0.07088121264911623 0.2236534553235366
3 0.7060776315941639 0.4714084986102882 0.1268696089509053 0.25697926034136354
3 0.7278404314646236 0.4456130578151159 0.1100582434211736 0.24686253530438906
3 0.5506399139507133 0.42187947573845697 0.08440071487090542 0.22529127031298204
3 0.49613970376144856 0.3805380161179242 0.13005940161438218 0.2570123161925623
3 0.4727486924997179 0.21812736162176902 0.059568471934997064 0.2079896329207383
3 0.47211390879547516 0.3040772575659685 0.0676450242381549 0.22369727254873475
3 0.37157160323120003 0.5395100448043241 0.07360760652861145 0.28199375665196863
3 0.4483122101445826 0.5671257952846482 0.08469764765480546 0.2707458157675275
3 0.5413361091026683 0.7067963075812884 0.07145596122706029 0.1967499559990968
1 0.3672306373392481 0.24123938214726845 0.047624749055090294 0.08855575562336136
0 0.5434953574811294 0.42692544231274465 0.0225512482322631 0.03432230004929951