3 0.15431555203609082 0.4848178137651822 0.10894771856671293 0.26619433198380565
3 0.21368860412594856 0.46356275303643724 0.07082630019957246 0.2631578947368421
4 0.11466743949003717 0.2758097165991903 0.09511051807216597 0.20951417004048584
4 0.6809720019241726 0.895748987854251 0.11330971157056709 0.20850202429149797
7 0.6460190405089513 0.9919028340080972 0.042146237358916504 0.016194331983805668
7 0.8331651775481467 0.9924089068825911 0.0410052715854177 0.015182186234817813
2 0.5928319478383565 0.9913967611336032 0.03247946706870681 0.01720647773279352
8 0.5382161659415833 0.9888663967611336 0.05524914235258307 0.022267206477732792
5 0.48362024011925014 0.9924089068825911 0.03304167659110598 0.015182186234817813
3 0.17086196893150205 0.8481781376518218 0.09081140263737221 0.28643724696356276
3 0.5397930172192547 0.6882591093117408 0.09130411589923117 0.2631578947368421
0 0.4966876384758383 0.6396761133603239 0.025203836734915004 0.053643724696356275
3 0.5408030742093207 0.562246963562753 0.14250196449411792 0.26417004048583
3 0.6342747596008168 0.7054655870445344 0.18170478041143678 0.25
3 0.09102873366344962 0.6138663967611336 0.10224753513828075 0.30465587044534415