4 0.7913316427792292 0.15672782874617738 0.11513358346443675 0.29510703363914376
3 0.16760946464269297 0.4510703363914373 0.16845651725692076 0.3180428134556575
3 0.19798768052597845 0.900611620795107 0.1659628533027281 0.19877675840978593
3 0.2886807108472147 0.5389908256880734 0.12321154051837091 0.35015290519877673
3 0.6536780694251286 0.4847094801223242 0.15841440862632664 0.3562691131498471
3 0.8604063224415897 0.22782874617737003 0.10508149537117617 0.3318042813455658
3 0.7657644291854897 0.6414373088685015 0.1584842648649916 0.3669724770642202
0 0.8490184884915503 0.38837920489296635 0.02516075947736163 0.04434250764525994
6 0.7516093973422456 0.8379204892966361 0.09641414916371098 0.05504587155963303
6 0.4731384605406735 0.9434250764525994 0.03970060148947434 0.0382262996941896
8 0.5993698726816122 0.9021406727828746 0.0431810305352252 0.045871559633027525
5 0.6196938974749009 0.9281345565749235 0.022518004439382386 0.03363914373088685
2 0.5906092237193418 0.9396024464831805 0.031104313233095204 0.035168195718654434
7 0.6636424453511274 0.8944954128440367 0.05365225606047692 0.07339449541284404
7 0.5365883283964166 0.941131498470948 0.05365225606047672 0.07339449541284404