4 0.6568449284159543 0.7337591858532603 0.07585852960601036 0.19527053735214037
3 0.8162152735598053 0.6121184364974098 0.10011687887152884 0.2721371058019156
3 0.9433090168137445 0.7367223928836929 0.10025831156562821 0.29374810776655214
3 0.4220436418510988 0.2661711939734801 0.07630172689386984 0.17857684170362467
3 0.3989418885673059 0.29245661643207077 0.0882960911268058 0.23861827041288794
3 0.37636330498574927 0.40765327234805043 0.15747258226627733 0.2570143693582411
3 0.26313295296307093 0.3175761869442618 0.08544365756406151 0.2248372398146024
3 0.0996480843605358 0.3925110987377473 0.11606183321317036 0.26051502040360286
0 0.4053824615070867 0.23701849867953695 0.027373974869086704 0.04644899180818942
3 0.462441474318724 0.5097293030752803 0.0781849661580137 0.3819224387859537
3 0.48727159604855597 0.430412981377522 0.11002305769980816 0.2663460654645848
3 0.5068646017633293 0.6447755329814673 0.09838266227302747 0.3448057980226975