3 0.9594240359378147 0.7202048417132216 0.07316510415878871 0.27932960893854747
3 0.9057252595737284 0.8905959031657356 0.12270533508145248 0.21880819366852886
3 0.7806175634748103 0.723463687150838 0.06639232726241213 0.28957169459962756
3 0.6250112239888282 0.4366852886405959 0.07825145302751303 0.23370577281191807
3 0.6069802050617459 0.5069832402234636 0.09666134791479387 0.25977653631284914
4 0.4529900614309587 0.28631284916201116 0.05196683310951117 0.2011173184357542
3 0.2818647194663517 0.42225325884543763 0.11388400711029283 0.2430167597765363
0 0.47100837281329216 0.45996275605214154 0.024208654985470767 0.038175046554934824
1 0.4691063780518129 0.24115456238361266 0.04948575227914923 0.08286778398510242
7 0.13435558856144011 0.7011173184357542 0.03369061245479439 0.055865921787709494
7 0.05380346591498666 0.6778398510242085 0.045233304935678 0.0633147113594041
2 0.15078511794632662 0.8002793296089385 0.03573307156118904 0.04003724394785847
8 0.10161767101547314 0.7858472998137802 0.042548492236284804 0.04283054003724395
5 0.0398984859873156 0.7672253258845437 0.032591710304644535 0.04003724394785847