4 0.2979536039769031 0.7341153132119397 0.05925594956949115 0.11763135297409712
4 0.9624189699841715 0.5441856347817319 0.04699342876708771 0.281632466276279
1 0.6792625092390262 0.11266550371493303 0.04633321429195365 0.07950480670181091
0 0.6915029763977374 0.1530672644022565 0.0214601225043386 0.03973471997761989
3 0.6956745872081894 0.31269036176389825 0.07524970572631895 0.3123193787136065
3 0.6221046329012596 0.3704406150104907 0.052906556789500986 0.2634572760159093
3 0.3823931809371892 0.35275853267480917 0.07077996935921216 0.24996513988525582
3 0.5588312415382805 0.1494127468709441 0.061319843551051474 0.22707152874859854
3 0.3057205085101098 0.31548861674321954 0.09809861568125389 0.25480734437454233
4 0.2584527144703776 0.1576986494644756 0.04935955900375377 0.22238847461888211
3 0.35115523543364796 0.5120147000407751 0.06070983814212381 0.3015307721683388
3 0.6559786787756076 0.4490617596798497 0.04697357269264741 0.2755534389206559
3 0.48306804432587636 0.486784995946235 0.08374241678562987 0.3002497408687882
3 0.7465064686587509 0.5548666211918053 0.050366685901483944 0.2695097783116041
3 0.7764838378753974 0.6509251819186881 0.11015818060075232 0.28988553528237415
7 0.4203960745836978 0.8653277258149449 0.0334849392935667 0.06417461301311117
7 0.5483973147623947 0.8620947082946462 0.02578590233175448 0.058016010477703106
6 0.32830299014924896 0.8468956200101073 0.10249828690771419 0.03449565285306167
6 0.6128940522726932 0.8392060246331372 0.03763201445102153 0.027744657312586737
8 0.48444385284984154 0.8492735270851907 0.0538783666768549 0.03855094723114012
5 0.46854717949596236 0.8833044847576792 0.026569648392033126 0.036748256419664956
2 0.4984156247432413 0.882094186951271 0.023136823034316766 0.03063386231747072