8 0.8950276243093923 0.8508345711002778 0.041988950276243095 0.04310838906056028
7 0.8477900552486188 0.8626173634103041 0.02983425414364641 0.04580387709953903
2 0.9494475138121546 0.8315357977538095 0.02430939226519337 0.03684870958019619
5 0.9273480662983425 0.8413250336465043 0.023204419889502764 0.03977280377770278
7 0.7696132596685082 0.8853545948109677 0.0281767955801105 0.04871654098911937
0 0.15441988950276242 0.5184162308992052 0.019337016574585635 0.03969279162221816
3 0.13674033149171272 0.5438311166664063 0.07679558011049724 0.2776202469864467
4 0.2723756906077348 0.3534021862865828 0.05856353591160221 0.23303872462448227
3 0.5430939226519337 0.3812001566207169 0.07348066298342541 0.27165775551216925
3 0.9259668508287293 0.35756186088979774 0.09447513812154697 0.27995065338233144
3 0.5997237569060774 0.6305197091938198 0.09060773480662983 0.28379991431132595
3 0.956353591160221 0.30879959866897294 0.06740331491712707 0.28724911446289625
3 0.9461325966850829 0.1317026114284799 0.07679558011049724 0.24520374403949194
4 0.6870165745856354 0.8055310093430189 0.08397790055248619 0.27973347753172983