8 0.18093106446285773 0.938876656370779 0.03760302406956898 0.03186933680221197
7 0.2259710273174182 0.935638917739897 0.025642038121061597 0.037300994130312036
7 0.30018523213787845 0.9350176591732869 0.02721362848014124 0.04009493254645341
2 0.12884470100983117 0.9374120424993941 0.020927267043822705 0.028919178881887074
5 0.15020644297573085 0.9399477193718471 0.019900750975622116 0.033538034752607644
4 0.5315456578797314 0.8886739190116315 0.06689124277786197 0.222652161976737
3 0.7382951067482632 0.807608967229606 0.08949615437002668 0.29258243617394675
0 0.6482882035829824 0.27938107634723847 0.019392038121061717 0.03723635157685681
1 0.6329114997708764 0.27551845969962435 0.035643925643657086 0.06981075224735639
4 0.703549737637896 0.3757827254630308 0.040174206673508434 0.18096495839410429
3 0.18821411406859712 0.45887564072891435 0.042418136350581705 0.23006057998599658
3 0.247800054641173 0.6830954692183939 0.06334540339440445 0.2589797588678839
3 0.6140120297269097 0.4683720072756329 0.06513819249108815 0.32936628987661803
3 0.6413179032307447 0.4570807443729247 0.05786167642288736 0.3339205031938834
3 0.6485282775465419 0.6710369692549959 0.06817834913967834 0.3034726852274195