4 0.28841869410456933 0.2814355092951458 0.10467569894153772 0.2734107664766931
3 0.18925404369995485 0.5643002900817936 0.13355872705349853 0.2901369569039921
0 0.23752092524186655 0.5874957312431698 0.02899804286934387 0.05191680626307621
3 0.7623761159589888 0.49450748478196527 0.16013831533299108 0.3581316104391985
3 0.9184306588608545 0.35270271915274815 0.10072002036952143 0.32317883060082
6 0.40323361191551804 0.8802710821320012 0.0957579626704046 0.06502900616189697
6 0.6731057288654302 0.7801000769445237 0.039663314312260986 0.038942126930375486
7 0.6155840790009474 0.8238163874178901 0.052129385223012165 0.07292239203600055
7 0.4934001556603523 0.8688720383565398 0.05295310845200741 0.07293945369797844
8 0.5529930943012169 0.828778762877788 0.053724116583868414 0.05682748310189214
5 0.5415807761342268 0.8656745176410829 0.02566960398246034 0.04158462999639516
2 0.5691539390385518 0.8585047114956075 0.03473535178296355 0.043238583937978636