8 0.8544444444444445 0.920012033350544 0.04055555555555555 0.03500464582628441
7 0.8066666666666666 0.9214945762000917 0.027777777777777776 0.04080127617643072
2 0.9097222222222222 0.9135111696487753 0.02277777777777778 0.031856255950839095
5 0.8872222222222222 0.9181906381342927 0.021666666666666667 0.035797327433426035
7 0.7286111111111111 0.9257607867617905 0.022222222222222223 0.043708214617033635
4 0.034166666666666665 0.3168401220025951 0.03777777777777778 0.14663598065923408
4 0.32166666666666666 0.820782091442151 0.05444444444444444 0.2199309756141043
3 0.2263888888888889 0.7669261209012209 0.09777777777777778 0.267810215461194
3 0.2111111111111111 0.49633322596031315 0.07 0.21712751635986205
3 0.28583333333333333 0.5825165282235805 0.06111111111111111 0.22494067320079564
3 0.3575 0.44541129102435795 0.07388888888888889 0.2191440428506493
3 0.36083333333333334 0.3752186951954392 0.09166666666666666 0.16399203746917754
0 0.4636111111111111 0.3464871749236737 0.017222222222222222 0.025869913759031277
3 0.4330555555555556 0.3339575115240715 0.07666666666666666 0.153955395764735
3 0.4419444444444444 0.5912765972187599 0.06166666666666667 0.23383970267689336
3 0.5436111111111112 0.7320229777964231 0.0661111111111111 0.241790831766308
3 0.8541666666666666 0.340469453226933 0.08777777777777777 0.18964349516811357