7 0.2525329705947701 0.9478131155234857 0.03180631652505917 0.044173008801940875
7 0.17241103274017722 0.9398669666968997 0.0312628382641896 0.04416175536531716
5 0.09662427308833528 0.9339450813400937 0.01921778133562044 0.03037452792206778
2 0.0724458144217424 0.9324771854219368 0.023597227133090794 0.03530014535703151
8 0.12704640781282542 0.9365095097678198 0.0355537488722212 0.03554772096275693
4 0.5896195139069753 0.8517809270296399 0.05514502355187277 0.20614310376541525
3 0.678111992057141 0.7849386065866918 0.05047505717764347 0.23989095242961098
3 0.6676319204190219 0.6004606809101103 0.06689917914371493 0.17544290374251378
0 0.6505644697783249 0.25963565199506927 0.01649406608916988 0.02935114275055375
1 0.6560399772507205 0.33664531987530133 0.03193911930921717 0.06448248655822715
3 0.552339403329377 0.4433135673294681 0.04455965496913771 0.16627745094538368
3 0.5675406040184998 0.529229858964481 0.07579719746491625 0.2065707343571225
3 0.48334257920738516 0.521199309363216 0.07918454587218897 0.22598061474475736
3 0.46803425226248346 0.36854062309235275 0.04243633346248158 0.17396938110604485
3 0.32250520484045986 0.38825760152273947 0.06476320975285309 0.18120059792638576
3 0.2377478919132187 0.382633593455837 0.05570747363905067 0.20905571116722294
3 0.26981829096672155 0.6318806295439252 0.06513632233691614 0.23826055924166623
4 0.1675793091910526 0.3487778208018269 0.03745649392521683 0.16032844833890594