3 0.8034623542660003 0.8015 0.12770206653648825 0.397
3 0.755632924132958 0.864 0.058192387476730105 0.272
3 0.6784981198638533 0.7265 0.23043952410482715 0.547
3 0.625974932641784 0.728 0.3197555614703144 0.544
3 0.2836866716095521 0.767 0.18571104659923104 0.441
3 0.22042904815840375 0.836 0.06945775852633626 0.281
7 0.48801310334675446 0.8875 0.03898629911637354 0.068
7 0.5481369024503153 0.891 0.033917045566236696 0.064
2 0.4987622475725465 0.8245 0.0967534143442788 0.038
8 0.5763197534536131 0.8335 0.03663124946257504 0.035
1 0.9313090660906038 0.1255 0.12307003531202529 0.183
1 0.39432977869763974 0.7575 0.0198067328717315 0.044
0 0.7194263850702045 0.873 0.07858342264126636 0.151