2 0.879453125 0.926212962962963 0.020640625000000058 0.030203703703703604
5 0.856984375 0.9284722222222223 0.01736979166666662 0.027305555555555566
8 0.8267291666666666 0.925675925925926 0.03455729166666662 0.03762037037037047
7 0.783984375 0.9256574074074074 0.01955729166666676 0.04019444444444452
7 0.707171875 0.9261296296296296 0.023999999999999962 0.04115740740740745
0 0.5591927083333333 0.7812314814814815 0.021786458333333297 0.03653703703703707
1 0.2866927083333334 0.2635 0.0330416666666667 0.06774074074074071
3 0.42897916666666663 0.30692592592592594 0.04052604166666664 0.19162037037037039
3 0.3847083333333333 0.4454444444444444 0.043656249999999966 0.2205185185185185
3 0.4754791666666666 0.629712962962963 0.0751927083333334 0.24090740740740746
3 0.54828125 0.6475740740740741 0.06454687499999998 0.2840462962962963
3 0.58828125 0.6461759259259259 0.04662499999999999 0.2182777777777778
3 0.6171927083333333 0.7383796296296297 0.12111979166666677 0.22119444444444433
3 0.7194479166666666 0.4603148148148148 0.04229687500000002 0.21321296296296294
3 0.727484375 0.3658148148148148 0.0583645833333333 0.20570370370370367
3 0.5856979166666666 0.4260555555555555 0.04771874999999994 0.20024999999999998
3 0.7974010416666667 0.40347222222222223 0.0482031250000001 0.20694444444444443
4 0.6372604166666667 0.8861111111111111 0.059177083333333276 0.22777777777777777
4 0.6234999999999999 0.2869907407407407 0.035812500000000115 0.18880555555555553