6 0.7304915672260425 0.8520249221183801 0.10064652789813185 0.037383177570093455
7 0.6370846938260148 0.8901869158878505 0.02818053411035766 0.06386292834890965
5 0.589089138998196 0.9151090342679128 0.023708194428348026 0.03271028037383177
2 0.5593841158246234 0.9197819314641744 0.023692937881640938 0.028037383177570093
8 0.5714998256887291 0.882398753894081 0.0534488162109036 0.03894080996884735
7 0.5060344671673155 0.9112149532710281 0.043914799844623396 0.06386292834890965
6 0.4399871085151218 0.8956386292834891 0.0394373746470447 0.03115264797507788
1 0.7617755631247268 0.1261682242990654 0.045734248810841226 0.08566978193146417
4 0.8477094311142203 0.2087227414330218 0.06281050785158264 0.22897196261682243
3 0.7336439242160198 0.34501557632398755 0.09876663554883083 0.26479750778816197
3 0.7003912509883808 0.20015576323987538 0.05753015399784425 0.21806853582554517
3 0.6769223671936493 0.37461059190031154 0.06467572645792175 0.26479750778816197
4 0.5610354513751913 0.7562305295950156 0.0651786096955093 0.15109034267912771
3 0.7186902851215982 0.5841121495327103 0.07772150286741253 0.24454828660436137
3 0.7295179823964483 0.6876947040498442 0.06632226789479302 0.2336448598130841
3 0.47039981269933717 0.3045171339563863 0.12658609805378832 0.21806853582554517
3 0.38919539432996125 0.4657320872274143 0.06457401614654128 0.2336448598130841
4 0.1813511885914498 0.2585669781931464 0.06191603991518061 0.22274143302180685
3 0.20310858485440292 0.6308411214953271 0.08309848151696221 0.2850467289719626
3 0.33227325084448706 0.5677570093457944 0.06557019439432367 0.27102803738317754
0 0.24588931472713552 0.34735202492211836 0.019342650573287618 0.03426791277258567
3 0.23421575331566166 0.3862928348909657 0.07423517040204707 0.24766355140186916