4 0.8001595609265442 0.3344511529960758 0.06101368430497123 0.20182565759553706
4 0.12914521082261474 0.16124905662927183 0.08275587751882929 0.2302954767551184
3 0.061807359278300056 0.5160535989139386 0.12361471855660011 0.2916942184768449
3 0.19892092989329876 0.4606687006190591 0.0939501978332328 0.2939404158334343
3 0.5645780989810238 0.4704496734507205 0.0694116914261652 0.21822146959360605
4 0.6987168597285359 0.8191430817039128 0.0692669643929678 0.19609757578829648
0 0.5651470681812769 0.4468594345520988 0.020161006172193505 0.040234904547578235
6 0.6273968047097633 0.882572458441956 0.09394903597860384 0.04028742484071759
6 0.353745957439641 0.816428335032616 0.03752569915117733 0.03322068201490984
8 0.47666319524805356 0.8521627803720837 0.040881042612103 0.03918903631266258
5 0.4905326419673543 0.8871153067865003 0.020922654286386042 0.02992758309251781
2 0.4615496769705683 0.8806149205454709 0.029214528249901797 0.030099206300026677
7 0.536591136340386 0.8821681105734239 0.04934658901545583 0.06590933208654245
7 0.4119817540981908 0.85156158248036 0.04934658901545583 0.06590933208654245
1 0.7224574478551493 0.23253432843438188 0.047051996203997755 0.0953563701980365
3 0.7185751009856435 0.5724705052678064 0.09047907274574903 0.2702729464914338
3 0.6344903489343117 0.43206829954423537 0.10709176607942002 0.27504097166751296
3 0.6067795295113784 0.5480296981611303 0.08383592510605672 0.2686607216717395
3 0.5895695024981291 0.4532654280289985 0.05103449014211303 0.19719493098546467
3 0.5331271591966001 0.3975175376711338 0.08934113434524268 0.22305814405268873
3 0.5054259882425467 0.5120040100343414 0.12119760028627687 0.27680765737396495