7 0.31397231784726914 0.9967103009588197 0.02893090654863474 0.006579398082360629
3 0.2594688198491947 0.6773523529485562 0.11723265941355641 0.34528847349312125
3 0.29343726627022393 0.48387227706727665 0.08091469213138908 0.2812999917979725
3 0.3184097931850055 0.4927888999982142 0.09712923132802832 0.3132539893776202
3 0.4060209311855576 0.6304809103488563 0.12528802976703293 0.26048070748722824
3 0.35900842685790635 0.7352462972150589 0.10165771109196435 0.3390376735947672
3 0.7774550698618651 0.6243333824279899 0.11484236655235085 0.29385908197743316
3 0.8889712573896696 0.7575790986078521 0.11726498069028392 0.35516989641802243
3 0.9117255350182176 0.4255176421703959 0.1309276206420802 0.28628738785747604
3 0.818069359321767 0.35242822217407643 0.10482620591398725 0.28871140513707394
0 0.4734819604514055 0.7287216203520465 0.026815344539613255 0.046006453128968464
1 0.2748329898186163 0.31153883453300446 0.05475149657335597 0.09500032928850813