6 0.6486109089269584 0.8997393926463403 0.09412490051877184 0.03469682199186035
6 0.3749529725869732 0.8617123715141661 0.03724965816796759 0.028243111937672972
7 0.5583509135830135 0.9083360900593908 0.04320741852165916 0.057628338929867566
7 0.43448120893838865 0.8916563490233954 0.044874034754722 0.060577951334005085
8 0.4979606144524578 0.8842486846472128 0.041425783638160685 0.03708341860784115
5 0.5117482493758067 0.9173849062114156 0.014175822868569606 0.026537981094994296
2 0.4825204520777867 0.914882658471989 0.021608501704597667 0.029547307294845806
1 0.6703759428773407 0.15357995791191878 0.039242160577264956 0.08104609677582825
4 0.9584233422085149 0.5737466645442754 0.06103335224418079 0.2645438178099541
4 0.37720455550931503 0.7062999473861844 0.06566897521698897 0.21767417994905355
4 0.2973299614617108 0.1343197278468707 0.053293957006990376 0.21461367049573343
3 0.7389391526819132 0.6286622910402957 0.06865772883093502 0.29687865720628653
3 0.7108274176827457 0.5814471662184806 0.1137803935624734 0.2694885994930939
3 0.6154962640822182 0.483679164498574 0.08730623158419554 0.2516203142233715
3 0.5950565415579229 0.46000549038526917 0.0604013267659119 0.29386080046419033
3 0.4346760807343184 0.16873553074779382 0.058945000959520155 0.19707807637355848
3 0.4230136938979555 0.3775731804946605 0.1192205699892039 0.21969494085478977
3 0.39105535785034184 0.5407430212308616 0.08733498624680454 0.25601914120284364
3 0.2943879780871904 0.45835811812574023 0.07317833315330757 0.23241371142749725
3 0.26050509949172546 0.4748705359816799 0.11378997845000957 0.2709548751529178
3 0.09491871488690207 0.22387197373589704 0.06656937754627447 0.22941291576989073