4 0.14098128241329433 0.31982040136119927 0.0517094535680728 0.18705181462150278
3 0.3014284680435378 0.48368307310474423 0.10293621905842344 0.22664269174300555
3 0.2658351040004553 0.6988875967307167 0.09204310636299967 0.2558259372545102
3 0.2760965701264428 0.333559477402708 0.09074601545735171 0.1952676993056608
3 0.7407029941950002 0.48255870305214776 0.08152682728856948 0.23228048924043998
4 0.424833726093987 0.8017321566475359 0.06925031522326927 0.17453830930309522
0 0.7056676217265078 0.4433715361653325 0.016576218167317445 0.028490756732742817
3 0.42535157687935776 0.6435290316475359 0.07280594391265797 0.25367396064964387
3 0.3394512053270335 0.28163657659386054 0.08139256967754736 0.19126486424043987
3 0.6200797852656699 0.3217020931628076 0.08465091365681594 0.1795802030869884
3 0.46100549334148755 0.49375135478435117 0.05283712415505006 0.1958522400703524
4 0.7593161352665887 0.251417023883343 0.06702694014717693 0.16670308340539608
1 0.8703692616182157 0.1467565817867537 0.034819967641704024 0.06285793288875996
6 0.3531524393254114 0.9636007200855425 0.0501310610012358 0.04055607667265315
6 0.5001736155355476 0.9488973319269188 0.0550889023854357 0.04451345994247613
7 0.42789689370940354 0.9569686645637749 0.07103255814886038 0.047607910200794246
7 0.5749292580537916 0.9388473076551513 0.0682821087918213 0.046602940328670295
2 0.6472123730995081 0.9288228500182952 0.03089070194110783 0.037427537567786606
8 0.7170165674531248 0.9207770840163505 0.05013745422080809 0.04250920167265315