7 0.45152656896549004 0.8835553766497515 0.049418754702359395 0.06927634329293436
7 0.571364394051608 0.8579623283303722 0.04777770068714539 0.060663684754794264
6 0.6311403411693742 0.8272595784650275 0.03720468555294511 0.03333469938582215
6 0.36283096694083916 0.8801742323506185 0.09450028445495133 0.04538780241816858
8 0.5104913726721184 0.854293626540583 0.050947205559942456 0.04350504767634699
5 0.4974708519098008 0.8902436054474243 0.024306151544728084 0.03463400414660264
2 0.5245057481349974 0.8842337239307094 0.028338409609244213 0.03467567914524867
3 0.3228962661752184 0.3927811352664699 0.09826095590531332 0.2087449246520424
3 0.5174783882575484 0.44449316119863935 0.07068677172486046 0.16118359769850005
3 0.5897144550903202 0.4258388692672919 0.05072253692813488 0.22114714247604486
3 0.6613760454810759 0.4594810084461243 0.07813250817037519 0.21856520295394233
0 0.6606021676140875 0.5726656917053011 0.025117294955865902 0.036075003902778874
3 0.7662707878955833 0.5644104829585459 0.07968441801913122 0.19995723111958977
4 0.7058015300060005 0.31432761055973873 0.032863306488397644 0.1851471535708283
4 0.009873937197238553 0.4590606994447816 0.019747874394477106 0.17356914552304417
3 0.5471247342073474 0.502924021222987 0.05772724433959319 0.14385826062546964
3 0.5439924948786999 0.5975090676475405 0.09989731812229292 0.21592491843373565
3 0.6165590646452862 0.6010569119412568 0.10648968497255795 0.25897154112497867
3 0.44211008209612895 0.5577324995545403 0.04914716808820553 0.2325917905281623
1 0.6491062124363008 0.266204626321447 0.036529604290611924 0.07344097756660883