7 0.7496177488073698 0.880019120458891 0.03474016711497923 0.05066921606118547
7 0.827743648508265 0.8542065009560229 0.0336586423550497 0.0497131931166348
5 0.9018185223164682 0.8312619502868069 0.02118669993086994 0.033460803059273424
2 0.9255213558654027 0.8240917782026769 0.025525310856038985 0.03919694072657744
8 0.8721860704160967 0.8408221797323135 0.037372035673462214 0.04206500956022945
4 0.5663968341102045 0.9039196940726577 0.10173877541186255 0.1835564053537285
4 0.8534044037973354 0.5889101338432122 0.10969143790338891 0.33078393881453155
3 0.8723457852884797 0.7753346080305927 0.10645899884327571 0.24760994263862332
3 0.6241438038233452 0.6238049713193117 0.10682222018711898 0.3852772466539197
3 0.5065862303169837 0.6367112810707457 0.08778605789065765 0.35181644359464626
3 0.2937304890796342 0.5062141491395793 0.10692819454767435 0.3193116634799235
3 0.3106761101962397 0.3403441682600382 0.0802713113899033 0.27151051625239003
3 0.36810233183440244 0.4789674952198853 0.09938254499906832 0.31644359464627153
3 0.4231197125452682 0.36950286806883365 0.06809965421653852 0.3011472275334608
3 0.5207312607544102 0.4469407265774379 0.1076347394098599 0.3451242829827916
0 0.5848385672025973 0.30401529636711283 0.025031468046514144 0.045889101338432124
3 0.6212342991451356 0.4933078393881453 0.08914872340745165 0.3135755258126195
3 0.5852096657974288 0.49378585086042065 0.08619192249302712 0.3546845124282983
1 0.5777810695194532 0.19120458891013384 0.0543890351327464 0.09560229445506692