3 0.4431467604922686 0.533421407936751 0.12430339367705781 0.23447207548243207
3 0.659213593337585 0.325665883013891 0.07246865068250423 0.2082457334148244
3 0.10307506744467308 0.6752709979561069 0.08978784001696893 0.2232460819564644
3 0.40348633999576716 0.43947061017123146 0.07586016428318317 0.21717350710935573
3 0.5425113720630961 0.3323079227967967 0.08209410040313464 0.23601144794722187
3 0.6582273718084869 0.5613320709290975 0.09915471077161934 0.21148610478925697
4 0.9864677487092539 0.40231359093042884 0.023250462833292053 0.24231906656386104
4 0.6666019457811904 0.724771889993538 0.14184883960675457 0.2840574042612261
3 0.14559239629394893 0.4174373907514574 0.06312117335030229 0.22297013745950206
3 0.6458114099724304 0.5486155701096771 0.1086379420609607 0.21751268888687195
3 0.6573600407525342 0.22687752356146934 0.046899776957348975 0.12103051370979183
3 0.4680608523658029 0.24909192183284312 0.06972319527547395 0.2131577006588414
4 0.3053958136643405 0.31845833122493694 0.06696481092014463 0.21609338331787825
0 0.6315316150081476 0.5660546557422653 0.025814134521535078 0.03979013850919354
1 0.6728933598698672 0.14520056565149325 0.036033926642617946 0.07349045564021853
8 0.8273124541056833 0.7418823033035463 0.051989890374141194 0.0499417570873704
2 0.8885140678548875 0.7274159384031461 0.05366948598910691 0.051935288203410826
7 0.9026579142513805 0.773215085068082 0.03143433481858564 0.04972904987096194
7 0.7704904454487786 0.8086713445345859 0.03365009256665846 0.04876390295321866
5 0.7635720535115825 0.7623033917554776 0.03475473920361992 0.04778725834810185