7 0.7536971836534715 0.9604743083003953 0.032364435839823374 0.043478260869565216
7 0.8356286995872249 0.9565217391304348 0.03125332472871226 0.043478260869565216
5 0.9131222353318794 0.9545454545454546 0.019541408274627026 0.029644268774703556
2 0.9378428414902651 0.9540513833992095 0.02344645780187976 0.03458498023715415
8 0.8820143563484409 0.9555335968379447 0.035668680024101986 0.03458498023715415
4 0.3313521405796846 0.9229249011857708 0.07161532302806058 0.1541501976284585
0 0.9131649430450667 0.5429841897233202 0.022341810946114087 0.036561264822134384
3 0.949273192432663 0.7119565217391305 0.07760075156409231 0.2855731225296443
4 0.9412766904307374 0.39031620553359686 0.04452238591274838 0.19367588932806323
3 0.8103352660224459 0.44219367588932806 0.07083065681189762 0.25395256916996045
3 0.734358288209754 0.48320158102766797 0.07075955000309679 0.23221343873517786
3 0.5664526561868235 0.3591897233201581 0.08951592165740294 0.191699604743083
3 0.46688072790138424 0.4051383399209486 0.055766014258442485 0.2341897233201581
3 0.35186027467774833 0.6536561264822134 0.07547226104437994 0.3142292490118577
3 0.3933184691095224 0.5899209486166008 0.068075503927829 0.2608695652173913
3 0.5200869477978808 0.6210474308300395 0.06092762064208008 0.283596837944664
3 0.6709190354715359 0.7905138339920948 0.12485852719071469 0.2964426877470356
3 0.20390976327155724 0.6857707509881423 0.05311105733222929 0.2717391304347826
1 0.292453874957061 0.3255928853754941 0.043039580119270796 0.0800395256916996
4 0.21364435839823354 0.43478260869565216 0.052965611586955424 0.22727272727272727