6 0.6783810556404113 0.8507692307692307 0.09775286088857889 0.026153846153846153
6 0.39044982450703386 0.8407692307692308 0.03815732025518594 0.024615384615384615
7 0.5841276440097 0.87 0.04354968391913312 0.05692307692307692
7 0.4533287736818998 0.8653846153846154 0.04528684804129991 0.05846153846153846
8 0.5203499675575097 0.8507692307692307 0.04253539997955083 0.033846153846153845
5 0.5352411651599969 0.8846153846153846 0.013987748626057303 0.026153846153846153
2 0.505016640116819 0.8846153846153846 0.021779866162273447 0.02923076923076923
1 0.6778875921192528 0.06692307692307692 0.03939266911386991 0.08153846153846153
4 0.9813560254790908 0.4746153846153846 0.032866650659782615 0.2723076923076923
4 0.38806072404738184 0.6776923076923077 0.06276962672972132 0.2230769230769231
4 0.2864898899637121 0.09846153846153846 0.04878187810366391 0.19692307692307692
3 0.764497192266141 0.556923076923077 0.06330219221664832 0.3046153846153846
3 0.7337105615269982 0.5107692307692308 0.11145041577204494 0.2723076923076923
3 0.6306865228466398 0.41846153846153844 0.0837060318444455 0.2553846153846154
3 0.6088114993365377 0.39615384615384613 0.05466661363288321 0.3046153846153846
3 0.4315022955357768 0.10846153846153846 0.05658404404529373 0.20153846153846153
3 0.4257475842697327 0.32846153846153847 0.11887074230795343 0.21846153846153846
3 0.3974050177164156 0.5030769230769231 0.08460978332447709 0.26153846153846155
3 0.29384369185002507 0.4269230769230769 0.06976852524545685 0.23692307692307693
3 0.25873394511269115 0.44769230769230767 0.11146046417745861 0.27384615384615385
3 0.0776891545268401 0.20307692307692307 0.06370352342599384 0.23384615384615384