6 0.6570972886762361 0.8269973128349044 0.09090909090909091 0.027930728122796532
7 0.5709728867623605 0.8527477753627216 0.04146730462519936 0.05440699879285466
8 0.5103668261562998 0.8413019728991316 0.045454545454545456 0.03314150042503495
2 0.4988038277511962 0.874092254905181 0.02631578947368421 0.022999983499660977
5 0.5255183413078149 0.8723949576059382 0.019138755980861243 0.02576651692537333
7 0.44936204146730463 0.8611103024169412 0.046251993620414676 0.058717946206016336
6 0.39074960127591707 0.8446722491372611 0.03588516746411483 0.025940060144166145
0 0.40709728867623607 0.1264630651725956 0.022328548644338118 0.03432230004929935
1 0.4043062200956938 0.17620789813330348 0.03987240829346093 0.07569728904907355
3 0.423444976076555 0.3123731993897482 0.08771929824561403 0.3560226722715981
3 0.42902711323763953 0.3591903516501506 0.0861244019138756 0.36594932616418063
4 0.30303030303030304 0.30651878504522295 0.051834130781499205 0.24485533940015924
3 0.48963317384370014 0.4551531995682861 0.05901116427432217 0.2861228968835379
4 0.4700956937799043 0.7408670302932413 0.05901116427432217 0.09862289688353795
3 0.6718500797448166 0.5946001113412929 0.07097288676236045 0.2890877654164418
3 0.7523923444976076 0.3899302238258006 0.10047846889952153 0.2595639865854835
3 0.6068580542264753 0.2870349879458281 0.08213716108452951 0.26079436998654604
3 0.5709728867623605 0.5175205026354489 0.06140350877192982 0.2960908705901188
3 0.7464114832535885 0.20107174900134347 0.07655502392344497 0.24937288588331208
3 0.9692982456140351 0.6717733350352042 0.06140350877192982 0.3131363251355733