2 0.03729717958009761 0.9687474576755103 0.023370364447036916 0.034429467220949965
5 0.06249099217292588 0.9723546267350837 0.020456644446801227 0.03128319122573877
8 0.09719301291343095 0.9699864818874961 0.03208458913878772 0.03975306886913545
7 0.14349267612334676 0.9714585850536759 0.02283879753400661 0.041619142063059895
7 0.22915429192597306 0.9752879429892979 0.027475160990875297 0.04274371863482195
3 0.7504514484610912 0.8719305969566441 0.09552099656387093 0.25613880608671186
3 0.6621741462149475 0.565063609925739 0.07038125730838268 0.3213714550507737
3 0.6367381185609408 0.5686521013324883 0.08215061237238944 0.3514462709657753
3 0.7132886193035669 0.5949236641492777 0.09756686372797885 0.31987649055802364
3 0.5798871121395772 0.546388384007416 0.09118765533275992 0.3176871936566245
3 0.4644401037614451 0.7656780107556103 0.09121499608057099 0.41026781500079207
3 0.26705796548257343 0.6664431772376177 0.10340103755568911 0.32719784913280864
3 0.1492844197933483 0.5302801290886927 0.07084548594902253 0.30389371436504214
3 0.06360065463137754 0.8324788306313199 0.11836652792511675 0.3151634225795123
4 0.6506729279239383 0.31074487236506576 0.04730677582100929 0.2437440825350388
4 0.6078079220447947 0.9157854793544301 0.082196938285353 0.1684290412911397
1 0.6163945301412113 0.24522973951738936 0.04462792889643065 0.09967524697906423
0 0.6122425968066997 0.22971384201298237 0.01993181136101001 0.03950167265221079