2 0.890692060533547 0.906551088971625 0.021042925855372662 0.030942935933368963
5 0.8681881094808939 0.9095773149323988 0.017892426646245362 0.028117138001464106
8 0.8375537452611966 0.9080320105040383 0.03520646536757083 0.0394690824928622
7 0.7954101943867521 0.9093991755876342 0.033109178545680074 0.03851631590138752
7 0.7181926784571853 0.9125259259573882 0.034688997126535115 0.04132586291203269
0 0.47361760734762076 0.4927888514203201 0.021064247744731958 0.03746062680860174
4 0.1770615204235179 0.34827300668856515 0.05614617683232116 0.19889822156420986
4 0.6960755195653792 0.3135724682737028 0.04155350262071949 0.21923071762127982
4 0.4976931117084992 0.8901323564512544 0.04618330293229252 0.19413980558058963
3 0.7270943759375104 0.7527449939866274 0.06729019445574379 0.2446358141396567
3 0.613831749602838 0.7008424346189983 0.1004206948907834 0.28966982091627697
3 0.5543817749675537 0.693542922220063 0.05954949272956835 0.279005211302446
3 0.6553752415910217 0.5160488263324229 0.07880242709468503 0.24289279016930385
3 0.496166724555215 0.263497516758693 0.0436325135374449 0.21459689203398355
3 0.5142221113558509 0.341060080805646 0.06667220873629877 0.21576633757558697
3 0.530355355425764 0.471251389097705 0.06671180653082366 0.22787062062959068
3 0.4686331244134122 0.4895814672333592 0.07234303749833136 0.18882406208947944
3 0.2762873646620335 0.5907369247477275 0.07308590856973918 0.255868585208484
3 0.12412476371595794 0.6514380313352396 0.07735053984998726 0.27918938841005553