7 0.13770949720670392 0.9209086431892648 0.05139664804469274 0.05918015938628998
7 0.0729050279329609 0.9262020147021169 0.05139664804469274 0.05520401624513713
4 0.1653631284916201 0.7681133972405992 0.049162011173184354 0.22615503879062043
0 0.34441340782122903 0.4056527754258986 0.024581005586592177 0.04299799653248715
1 0.35195530726256985 0.39827557930507146 0.04748603351955307 0.08597864367189983
3 0.41480446927374304 0.5614510324399943 0.06424581005586592 0.3247207260718289
3 0.6575418994413408 0.38702543308896065 0.05195530726256983 0.2589871353602573
3 0.832122905027933 0.8580175521902763 0.06424581005586592 0.2650785789545327
3 0.3541899441340782 0.7347798251492502 0.08044692737430167 0.319918257945107
3 0.2905027932960894 0.9008139516355815 0.11284916201117319 0.19837209672883685
4 0.8857541899441341 0.3873997705420176 0.06815642458100558 0.27605345450987734