3 0.9763756402375999 0.6445 0.04724871952480013 0.293
3 0.9387757231049744 0.863 0.11213150863382125 0.274
3 0.7943541047424936 0.679 0.05662465819200815 0.308
3 0.6111339354941941 0.3985 0.07326614193486645 0.243
3 0.5959394359016406 0.4765 0.09189044731412747 0.269
4 0.41856603524141245 0.266 0.04563673029209131 0.212
3 0.2435745809166999 0.4405 0.11204326065354263 0.247
0 0.448096744710741 0.449 0.02484330198472823 0.038
1 0.43272518730862664 0.215 0.04970621463174063 0.082
7 0.10277472143020165 0.763 0.034449427325619404 0.055
7 0.02015123044271206 0.751 0.035595901937235525 0.062
2 0.12614507899791425 0.866 0.036641054793716994 0.038
8 0.07274977915320514 0.8585 0.04395096246766192 0.04
5 0.01260636938736016 0.849 0.019787122209447366 0.038