3 0.26758083806979055 0.8249977578125788 0.14553251465924513 0.3500044843748424
3 0.3180611120127503 0.8864515485378334 0.07041466340253918 0.22709690292433332
3 0.3877988330004849 0.7373410097714252 0.2545347270450474 0.5253179804571496
3 0.43946461559662775 0.7313817345801019 0.34221439780781787 0.5372365308397962
3 0.7827214083410629 0.7375809656074169 0.20370491690768883 0.44809441873194394
3 0.8492063813516507 0.7972674695251096 0.08121955845447068 0.27083194966296653
7 0.5866184142958739 0.8965447251735826 0.04181163009898867 0.07343051940601071
7 0.5268294433899989 0.9089251262987159 0.036739108105137586 0.06837815893771221
2 0.572374095409094 0.8353992794283088 0.0973609703090841 0.053006484557295154
8 0.49575570524680457 0.8551051456591133 0.03777118718676294 0.040389794597334
1 0.10202876713140026 0.19205011828087742 0.13217319488695972 0.21936137217576357
1 0.6726646123336394 0.7534406709644698 0.02206046077039543 0.04622689536262715
0 0.35522637745656505 0.9151477792914691 0.08535768011211459 0.16187849230145412