3 0.737441874144339 0.6757172131147541 0.11332350873388317 0.3483606557377049
3 0.6955858566992681 0.47797131147540983 0.0766665471334145 0.2858606557377049
3 0.6700520123732758 0.4887295081967213 0.09298456649908882 0.3176229508196721
3 0.584148021467917 0.6383196721311475 0.12424182133153595 0.2581967213114754
3 0.6360425528146266 0.7433401639344263 0.09718625659701516 0.3442622950819672
3 0.19965110381708318 0.6598360655737705 0.1123999904482718 0.29508196721311475
3 0.08970841021709947 0.7848360655737705 0.11081446520250124 0.3165983606557377
3 0.06027923716614546 0.4636270491803279 0.1163539624919082 0.2838114754098361
3 0.14863556495425748 0.38114754098360654 0.10201647824235911 0.29098360655737704
0 0.5178132398573214 0.7448770491803278 0.026761787314522282 0.045081967213114756
1 0.7090829065359631 0.29815573770491804 0.054694407862880705 0.0932377049180328