4 0.4524549757952313 0.9251642326896754 0.06342468864656588 0.14967153462064925
1 0.5353662257874019 0.3410327561502185 0.04914768532264563 0.08350615119355313
3 0.7346680898136103 0.7310835411585802 0.09245878195436469 0.27194830625918576
3 0.5606542234002381 0.6012858317469951 0.040303107367121095 0.2994072480867669
3 0.5544942460646246 0.6932189267041691 0.07354069120684405 0.3277505000456133
3 0.3800967120808576 0.617915399462773 0.06222956194524184 0.30463414344939405
3 0.33222259610867244 0.4084267017586527 0.0350214049755729 0.23035488761846817
3 0.35313331382373775 0.4466419614616581 0.06712231953482167 0.25468650391769276
3 0.08661621822501336 0.6328755833865488 0.06454212183075818 0.32465741476863785
0 0.545498196000248 0.3471374770868157 0.021475783911588286 0.03922107753281625
6 0.22425886373407625 0.8927922249455164 0.048406123165565584 0.02850033336374213
6 0.2241185079373746 0.935789316030611 0.04056056528852385 0.03441888374638893
7 0.17538736190526527 0.8937860737519633 0.02763594853020312 0.03328507366073677
7 0.1763706016141816 0.9367948004966797 0.02764902230505919 0.03728507366073677
8 0.12256693358822125 0.8897391977497334 0.042239421659522776 0.03243633723582161
2 0.13592606607750546 0.937875916750291 0.02424881979477907 0.028250166681871178
5 0.10446048925463104 0.9360501182808775 0.02256669498006612 0.029232713192438267