4 0.16097916666666665 0.2658055555555556 0.04202604166666664 0.1723611111111111
3 0.30689062500000003 0.4411481481481481 0.08910937499999999 0.20357407407407407
3 0.2660208333333333 0.6405648148148148 0.07760416666666667 0.23243518518518516
3 0.2881354166666667 0.2959259259259259 0.07870833333333331 0.1751111111111111
3 0.7222395833333334 0.4959722222222222 0.06862499999999988 0.21137037037037035
4 0.41263541666666664 0.7580462962962964 0.05923958333333334 0.1579444444444444
0 0.6903645833333333 0.45441666666666664 0.01459374999999999 0.025046296296296254
3 0.41869270833333333 0.6083888888888889 0.059130208333333316 0.23323148148148137
3 0.34988541666666667 0.25503703703703706 0.0699947916666666 0.17203703703703707
3 0.613671875 0.3284259259259259 0.0736718749999999 0.1606759259259259
3 0.45745833333333336 0.47096296296296297 0.04235416666666663 0.18068518518518523
4 0.7476197916666667 0.27971296296296294 0.05720312499999996 0.1506296296296296
1 0.8562135416666667 0.1948611111111111 0.030484375000000105 0.055194444444444456
6 0.33936458333333336 0.9019814814814815 0.04626562499999996 0.03262962962962964
6 0.4788854166666667 0.906712962962963 0.05075000000000003 0.0356574074074074
7 0.41045833333333337 0.9052222222222223 0.06598958333333335 0.036370370370370345
7 0.5498385416666667 0.9068518518518518 0.06350000000000004 0.03592592592592588
2 0.6185729166666667 0.9066666666666667 0.02823437500000002 0.031842592592592686
8 0.6849375 0.9078611111111111 0.046078124999999893 0.03414814814814825