4 0.7065438567594491 0.6861276615441116 0.06219463525997691 0.12270853731017074
4 0.07369080139920374 0.6906634160589307 0.061882333598781314 0.27269191437664353
1 0.3012785207672405 0.21306042567975397 0.048424907005646375 0.08385451886877864
0 0.2929869614289722 0.25466353791036167 0.02260264786092034 0.04046544213876343
3 0.30230314378470635 0.4037663999272761 0.09007961296126278 0.3061308599072405
3 0.3754512471798656 0.43725371297629506 0.06664171244490376 0.25564879483494984
3 0.5967079383437568 0.3555229261799131 0.08186249336074178 0.24739320200053938
3 0.41605978359985113 0.21496906047106956 0.07135439923796873 0.22431996100754206
3 0.6651500912066651 0.29981595107761777 0.10837992900173433 0.2579417588069391
4 0.6959343045340242 0.14131051381291165 0.060902335578864555 0.2183895771574019
3 0.6389014024178974 0.49537281935078115 0.0763985996077416 0.2944196986087057
3 0.35043649300588847 0.5192059068109753 0.061858987572252645 0.26554905723378625
3 0.5145336784161086 0.5072350883332212 0.09727471169411543 0.2977090377375573
3 0.2753919629368124 0.6421970339911095 0.06425268461123104 0.26131321174865385
3 0.2552416447283368 0.7390494902246262 0.12053518240885627 0.2939053885241336
7 0.6039157802784522 0.8418351370737936 0.034725216830901975 0.0664290718559583
7 0.4844288344607351 0.8735976684550705 0.02828132505798488 0.05915323124488298
6 0.6880523708485867 0.7993754433391453 0.0972835150104377 0.054868517813941774
6 0.4226147394331762 0.8698776343366698 0.03703019896907129 0.03505036922796859
8 0.5429229302904147 0.8438127657361515 0.05232101796449563 0.0482233478221292
5 0.5606704805964449 0.8713042040556945 0.026610819747107512 0.03911998537782828
2 0.5326016043798714 0.8783145781577202 0.023381870052690153 0.03333920792943348