7 0.7434693553999364 0.8798527369696465 0.02164506800339391 0.04466530650208256
7 0.8191263662873759 0.8616550464488076 0.01642461378102998 0.042759585855684755
5 0.8924396271748153 0.8434331149704231 0.01999772178018162 0.03168618290075579
2 0.9150595145077244 0.8381118886711422 0.02420075111393937 0.03728483349194802
8 0.8628006107309365 0.850533470248919 0.03880226578081789 0.040213443894454366
3 0.19198848895340612 0.84683591025215 0.09456888979948387 0.285218123802176
0 0.28852888737268 0.5182270942791648 0.022674613781030216 0.04282422840913998
1 0.361502216024817 0.32871694682366587 0.04058294178336344 0.0735629378661515
4 0.34319765869668045 0.3965785747188563 0.04273330490133276 0.16339391331932993
3 0.358257284266907 0.5888509566540325 0.08957836757372645 0.2388733455907885
3 0.34684173894014914 0.6748381695376882 0.12567949957563537 0.264245040273155
4 0.5109354534001485 0.877416015435383 0.07767798668575678 0.24516796912923416
3 0.9682605635741507 0.6308313816010491 0.06347887285169852 0.2682821131627798
4 0.9143272240213172 0.28860447947110535 0.05137572090493876 0.2107023256128257
3 0.7299130135794535 0.3204911270007501 0.05655375201569631 0.2061265647777419
3 0.6052978518061654 0.3779945722279452 0.06074466046042346 0.2098733635170823
3 0.6462929038165588 0.5145204730570596 0.0875435177965142 0.24625920548037736
3 0.7608946009309224 0.5582954856899343 0.06658291512836266 0.22659928585774955
3 0.3145438293814827 0.6337661357104901 0.07884086224272634 0.2693157766777976
3 0.47633172715095273 0.5266505458040255 0.07342647379587793 0.2377804264017702