2 0.08004249173371285 0.7803900942159949 0.02420560900127658 0.037493128651120915
5 0.10180526924304582 0.7908729248145474 0.020528503598531072 0.033730815049001064
8 0.1319373951426786 0.7989413370918939 0.03838437843444586 0.050674768692923484
7 0.17334738743428868 0.8134109753087788 0.036284045628361086 0.04879090340498677
7 0.24909626320608955 0.8414922821917556 0.03839047040283428 0.05253696608584713
4 0.3300287848048389 0.7736135451147556 0.10098080691053807 0.30084842224757224
4 0.8492217988701963 0.4735390442607666 0.06720186091411122 0.21763395194226376
0 0.4522653395605445 0.28769555931373975 0.018963914938647252 0.03557676152066524
1 0.31762490364512624 0.18293976168479192 0.044237966248131415 0.07959841499452536
3 0.27350542954040663 0.7006390727727422 0.09400090308895462 0.2477053758904563
3 0.294161340867123 0.5328219199726084 0.07603841880624217 0.19817296787037003
3 0.38921018922306017 0.4587447830772697 0.10825277614278513 0.2832333846473425
3 0.440934342981159 0.3450773025687128 0.06710134343570215 0.18690769495902354
3 0.4902310697042761 0.2896305754577861 0.0640422237524015 0.21201485792097355
3 0.6847756809718984 0.7005739840236683 0.09220516870229155 0.3389313802487023
3 0.8163898048861897 0.5204352484303105 0.061993672677618294 0.22595967047288795
3 0.6412969896362616 0.5338859598565345 0.0709733918268775 0.2502603251347002
3 0.5586169457899848 0.46770002707741487 0.09084735789563314 0.24394847926208962
3 0.5339048785643337 0.5959861125810703 0.07732617197643347 0.27174059883836094