7 0.7752887255679292 0.9220610298326601 0.026714730881772314 0.04984597033505728
7 0.8553061838564866 0.9010816551504423 0.026714730881772314 0.04984597033505728
5 0.9358886138964564 0.8801139867594409 0.021583968386092413 0.03565610667185644
2 0.9604862499946322 0.8740839750148786 0.026685148696292935 0.040791644379322874
8 0.9033715125500134 0.8889982190788852 0.04251750537383168 0.04514356540259681
3 0.834100586744826 0.6471039830324399 0.08110688044595254 0.27127999959015087
0 0.29799150995579893 0.7074291372422722 0.018180990239626858 0.03156172405534293
3 0.244373804260525 0.5166675063237288 0.06838825387908022 0.18249127406065402
4 0.21909305601011625 0.4723781477662752 0.0384480379637192 0.18287687684348966
4 0.632063644561729 0.8340775715015257 0.06966939521879985 0.22879235263906253
4 0.7237017649189512 0.369143920121565 0.04462657122478106 0.1719392476565277
3 0.4850603643181587 0.3460893601711744 0.0734795734607875 0.18460870311620922
3 0.5149330102477193 0.45486454011141186 0.062216294437013785 0.19544097568222352
3 0.375461853339851 0.6013811707417994 0.08879954893887734 0.20504549732512786
3 0.29376243909395 0.7048262495148897 0.07985860820120991 0.23503928318478057
3 0.4101725384786976 0.8673812805797091 0.11275515925354176 0.26523743884058193
3 0.45669616989182543 0.6402902167172 0.07861362286596509 0.19980460299671388
3 0.5421496965771556 0.6848202590718945 0.07932650554477455 0.24508793906660237
3 0.6579380566586699 0.5237274571681653 0.08098526479453709 0.23405665954990965
1 0.6604103260091166 0.2858350106494604 0.036365267388751656 0.06412948432798934