2 0.11553923768845824 0.8935241348874825 0.02226196874807418 0.03391690075739246
5 0.13841685179631355 0.8973534539386909 0.019011138525560006 0.03002606297458708
8 0.16986846469953934 0.8967026803938137 0.03683440126486007 0.04282146427906107
7 0.21398263794717962 0.9000925882480537 0.0217868937667252 0.043466005868798625
7 0.29306494355349827 0.906105494691691 0.026100480920992975 0.04546704643070371
0 0.5922010584587426 0.6446233035674531 0.02120546775904586 0.03676272092284342
4 0.6890196086048691 0.7726567303894114 0.07351315729313693 0.22615605273886946
4 0.7256922233355845 0.2962121147520192 0.03704122404057025 0.15657707034649018
1 0.7305276167087537 0.25451943549011063 0.034877797854936145 0.07241367822372984
4 0.13785136862349853 0.2768222547536535 0.055996059081602496 0.17799892682012103
3 0.23842084774438957 0.4028657653478072 0.06441716394597768 0.23265909967101614
3 0.3649682519044677 0.4313222925320951 0.06319175250336577 0.20969230033359926
3 0.5577953959466802 0.6046987236394291 0.09202382040067199 0.1797002801494026
3 0.6505778067253781 0.5678793763639495 0.062010132659831164 0.19341766160803683
3 0.6707922725611241 0.5755884088638629 0.04248050421962005 0.2484553920302587
3 0.6165774621602492 0.3022944463526159 0.04253017509564753 0.1738967266894068
3 0.5965319067780868 0.3203980333555707 0.07630104775397793 0.15930119262492531
3 0.5539119621773594 0.33992486533529553 0.07808286143336791 0.18514718513009473
3 0.5893897655352635 0.37934918512284327 0.05657122914655643 0.18374618882152557