6 0.22702702702702704 0.9210453292855919 0.04864864864864865 0.04235312001174761
6 0.2289189189189189 0.9614691044655359 0.04432432432432432 0.04899438113890867
7 0.18 0.9292065440434665 0.03135135135135135 0.042956626058852754
7 0.18297297297297296 0.9696526962493127 0.03027027027027027 0.04389578749448923
8 0.12783783783783784 0.9358191602359985 0.04756756756756757 0.04617689683199947
2 0.14486486486486486 0.978960059932418 0.02702702702702703 0.0370978871860136
5 0.11351351351351352 0.9813485731405729 0.02216216216216216 0.03730285371885425
0 0.13054054054054054 0.6570289489546001 0.02054054054054054 0.04369439426137048
3 0.11864864864864864 0.671205878592754 0.0718918918918919 0.24187268760710393
4 0.10945945945945947 0.6210156738725862 0.04432432432432432 0.21726361190813945
3 0.3286486486486486 0.6284372312588494 0.04540540540540541 0.25478598893404164
3 0.4556756756756757 0.5147203779561907 0.11621621621621622 0.2389439918229357
3 0.4710810810810811 0.40494309672914164 0.05675675675675676 0.1992517169367825
3 0.7418918918918919 0.39901008017915257 0.06648648648648649 0.2138761870929783
3 0.7445945945945946 0.2894506381285232 0.047027027027027025 0.20770416985751
3 0.7875675675675675 0.40909012490813107 0.06054054054054054 0.21279157498897835
3 0.58 0.6230629667041614 0.11081081081081082 0.2667167220780407
3 0.6064864864864865 0.5846688961464548 0.08648648648648649 0.2758286236106283
3 0.5816216216216217 0.6211734553199376 0.07243243243243243 0.29476849150467066
4 0.7575675675675676 0.27000762397780975 0.03891891891891892 0.16907480370170588
4 0.6802702702702703 0.6991768973950413 0.0627027027027027 0.2609132521177055
1 0.40054054054054056 0.2578099188659536 0.03783783783783784 0.07001396513734226