8 0.1358686870993824 0.8595196646487016 0.039599226853815346 0.038798068572866676
7 0.18110734886859944 0.8665418244204786 0.028032527548154194 0.04242354398874586
2 0.08380935417683731 0.8460140140412902 0.022738749496517607 0.03300577404669586
5 0.1051006475250017 0.8532840307947137 0.021698365980330137 0.03674019758637562
7 0.25447940924913875 0.8807631846652085 0.0227754936847973 0.04424172910287563
4 0.5760598876254047 0.876966654689091 0.08181813550144158 0.23492129755701055
3 0.6683213135834883 0.8282605496170711 0.0994070216837513 0.3025167922983601
3 0.004696509537490053 0.5982574089765776 0.009393019074980106 0.18176233560489713
4 0.022393921822192967 0.23337454633737637 0.030649147326275016 0.1988123748120079
4 0.6523141339596524 0.33172019128248964 0.047451446385463274 0.18681440716589423
1 0.6259556517209098 0.2645795549580076 0.04179328846671955 0.06597341625006126
0 0.6047468573417735 0.31255026019437304 0.02063961037000282 0.0348566435979656
3 0.6100555945626577 0.45949408404463477 0.05551459409051715 0.23839424559956868
3 0.5939555017405157 0.4741733385476629 0.07143879646508666 0.2797561696579288
3 0.5243482689382731 0.6766659749757857 0.10150616081026616 0.3006659227470905
3 0.5185928283358547 0.5053830292433246 0.05503727055208317 0.2533700716016184
3 0.5035241084374313 0.44608407518388427 0.08296875158246812 0.26489473918586987
3 0.45101789667875075 0.48876092356046663 0.09489641783034418 0.2107129134233717
3 0.40492751626748213 0.25937682885370167 0.07023000208595045 0.23199246585678474
3 0.3822586667680306 0.5124118849746331 0.08452932685674927 0.2592931038763499