8 0.892478706228993 0.8335758153746811 0.03444740077731303 0.048936305454106564
7 0.9266971566410068 0.7170351236068407 0.05623496470802722 0.07547585761282748
7 0.9810548617613393 0.6913081833043059 0.03789027647732151 0.07735882530972744
3 0.15347269026415855 0.3325379987142855 0.07600575200827311 0.2285041859364729
3 0.4473998162080025 0.702964757599017 0.11158419029783337 0.27644012262501455
3 0.37092511749867607 0.6201948382875164 0.07564872909075926 0.26088696141237266
3 0.3082371866502335 0.38423793878885476 0.05116224171179581 0.16954652735158315
4 0.5709125744853525 0.19415643376080138 0.0506265080754737 0.17460136760481082
3 0.5974396024792294 0.29310857065999013 0.07000638084044208 0.18087445081692874
0 0.7418588898471892 0.2414695399787028 0.017825623180093095 0.0295347699637041
3 0.7775064282295162 0.21299436111037304 0.08707784617233567 0.18206325131726137
3 0.7967704699730347 0.20155489371520346 0.10026017882423331 0.19738087286144354
3 0.8688099754726728 0.21495160977905559 0.0809531141298906 0.202241392888192