7 0.6580323702330386 0.9787263323545282 0.025225315562376723 0.02912407433047081
1 0.40472809665392234 0.3109787540935844 0.038987134232919655 0.0748887517746841
4 0.367451758322209 0.3430207149097648 0.047126859888537195 0.1624932838483939
4 0.4083948423521505 0.8705121924427325 0.0745347498302427 0.21864088827127068
4 0.9436642740036747 0.5665670385115592 0.055558650954818586 0.17933973196475816
3 0.9587102762522426 0.6883811670223383 0.0635247555113659 0.21387163834014392
3 0.6088737600146052 0.4019732954891355 0.0691559864788736 0.17482507980003267
3 0.5213342931220735 0.35492905572501543 0.06497055078767512 0.1757128427064688
3 0.5054811050620378 0.47985608177661987 0.07653151917372403 0.18886739787950516
3 0.48843036943752166 0.4907397684329104 0.06772846710772949 0.21857046761247875
3 0.5816162972185324 0.5721750732548326 0.07507658594483202 0.2242328974237948
3 0.43378821065318124 0.5499623515803399 0.07034322217065572 0.21766645378478316
3 0.3502011616609902 0.5750349250019856 0.08240642887676919 0.2243087350563399
3 0.3394361945337572 0.5849225092767757 0.08561784776978079 0.24575650691748124