4 0.6912651263281633 0.15965732087227413 0.09533180197904549 0.2757009345794392
3 0.8356828411817432 0.3987538940809969 0.12598723582591126 0.2850467289719626
0 0.7894708344647187 0.44781931464174457 0.028287340609739073 0.048286604361370715
3 0.23721053384554572 0.6199376947040498 0.15003617494535157 0.35358255451713394
3 0.05625661273164847 0.5545171339563862 0.08694654137713807 0.3302180685358255
6 0.6637118421743958 0.8317757009345794 0.10170374266090261 0.04672897196261682
6 0.3719620072066909 0.866822429906542 0.04128734359211685 0.03115264797507788
7 0.437856796949094 0.882398753894081 0.0520107957160582 0.06697819314641744
7 0.5695195404468435 0.8660436137071651 0.05288492159018407 0.06697819314641744
8 0.5027150250163793 0.8559190031152648 0.0545111168335153 0.048286604361370715
5 0.5195570520536331 0.8870716510903427 0.025603934734901287 0.03894080996884735
2 0.490665127018134 0.8940809968847352 0.03520914797487601 0.037383177570093455