4 0.34749165319171454 0.1172566371681416 0.06604669949635983 0.20943952802359883
3 0.06903278696693646 0.41150442477876104 0.09385371314443443 0.27728613569321536
6 0.30742242063607095 0.7920353982300885 0.09822040305579952 0.05752212389380531
7 0.39292491668542434 0.8407079646017699 0.03528899715299841 0.07079646017699115
8 0.4563384555685602 0.8436578171091446 0.055054416101118525 0.05014749262536873
5 0.4366788793144611 0.8702064896755162 0.02511683361254318 0.03687315634218289
2 0.46564737160792713 0.8783185840707964 0.030091957990652632 0.03687315634218289
7 0.517042517478405 0.8805309734513275 0.03275319261954462 0.06342182890855458
6 0.578845923913237 0.8761061946902655 0.03838383195416838 0.03687315634218289
1 0.7340467744663116 0.2205014749262537 0.04531643366025587 0.08259587020648967
4 0.5537203132227856 0.724188790560472 0.07921721314918671 0.19469026548672566
0 0.21243512604598883 0.16519174041297935 0.023516349633119084 0.045722713864306784
3 0.8192770801414289 0.754424778761062 0.10952143745519578 0.2640117994100295
3 0.6244768042030594 0.5553097345132744 0.08112644813276566 0.23303834808259588
3 0.6032851546426667 0.3724188790560472 0.0677919105089816 0.22271386430678466
3 0.5678999632645273 0.3945427728613569 0.061254896026967334 0.2374631268436578
3 0.36030970726677003 0.24926253687315633 0.07760708070088282 0.20206489675516223
3 0.3518628768738624 0.3997050147492625 0.09623514217581099 0.2610619469026549
3 0.38769614112759987 0.4358407079646018 0.10950214051743619 0.2610619469026549
3 0.26765298519075004 0.2168141592920354 0.09358355601579889 0.2359882005899705
3 0.3002313435158285 0.4336283185840708 0.07228519237041361 0.275811209439528