8 0.8531073446327684 0.8951558581635237 0.04293785310734463 0.04370438135375503
7 0.8050847457627118 0.9062277741253635 0.030508474576271188 0.04659372516075601
2 0.9087570621468927 0.8771207034717523 0.024858757062146894 0.03748086973006245
5 0.8861581920903955 0.8864439296363013 0.023728813559322035 0.040487272486981946
7 0.7240112994350283 0.9270176548317297 0.029943502824858758 0.050612017082475425
3 0.11497175141242938 0.8799637106303113 0.08305084745762711 0.2312426770444774
3 0.2810734463276836 0.5929520828279178 0.09322033898305085 0.24040235605513838
1 0.27203389830508473 0.35442785216697686 0.03785310734463277 0.07383279134540645
4 0.27570621468926554 0.4037616709735877 0.04293785310734463 0.17951927068977125
3 0.334180790960452 0.5260978333331792 0.08022598870056497 0.2483160280011626
3 0.3912429378531073 0.5372523613119583 0.060451977401129946 0.23805081266576664
3 0.4384180790960452 0.5588678429912488 0.06271186440677966 0.22398971741349705
3 0.4915254237288136 0.6937238550659267 0.08587570621468926 0.23730815908577993
3 0.53954802259887 0.7742012348787348 0.08248587570621468 0.24532133113923482
4 0.3361581920903955 0.877727976597101 0.07231638418079096 0.22408921752092775
3 0.6711864406779661 0.39377422717848587 0.05536723163841808 0.20479894096727722
3 0.7177966101694915 0.37463938910947564 0.07570621468926554 0.22613640764051107
4 0.8742937853107344 0.27012383464029516 0.08700564971751412 0.1940603076367074
4 0.8850282485875707 0.5338165295763195 0.08248587570621468 0.25538169331227306