8 0.1765571164624098 0.9501808802608248 0.03860845252062698 0.03311577552259887
7 0.2225573102615212 0.9459026477528957 0.02632765411360335 0.03856479716728634
2 0.12308429177246911 0.950336398651422 0.021486819638577355 0.029910116101486087
5 0.14500164761496787 0.9522593281264863 0.020432856616681472 0.03464084603785675
7 0.29904034305256066 0.9405186594961665 0.024201061236193623 0.0423228349867955
0 0.8513608961603084 0.3835040995661069 0.01615478175037113 0.03455235893923249
3 0.8705500102799774 0.4021173144664044 0.05592022141655497 0.2577932637902241
4 0.723943857465803 0.2668510736907374 0.041354162046368374 0.21852123580194913
3 0.46876235327724786 0.3847641720538732 0.05323086893042959 0.2529851076425574
3 0.10185814358198034 0.49215629624879476 0.0735610579622118 0.25625713238763836
3 0.4377131087295251 0.640617249070036 0.06930164992951969 0.2618720673422462
3 0.06855701810744945 0.455775358360789 0.04580023841524082 0.26994052137966074
3 0.06029504927369407 0.2843799162336405 0.06169990677283231 0.2265461122580567
4 0.36991946983722607 0.8501802953726691 0.06296231610346287 0.2855035952494427