4 0.6651682889868732 0.192272361369302 0.06921462244609324 0.20414687039245155
0 0.30646414892399504 0.37005437165695326 0.023518467124763503 0.040356328172661535
4 0.17641980664943413 0.6779990669925983 0.09835479187000613 0.23739821978098222
3 0.35293156737146825 0.5221580732339957 0.0806128563861352 0.23721484978694077
3 0.3349954599443148 0.7093125289440987 0.0758679826734087 0.2658181349175055
3 0.40722214318061717 0.7236095264110322 0.08391373160950241 0.26017082588900925
3 0.6468693737217177 0.6380353081176808 0.09363806894668741 0.27459749345022905
3 0.7006758877875159 0.3222822817177597 0.06525743315333131 0.22702783149695763
3 0.8089072315956055 0.49523832716222593 0.083918423407737 0.26160349064545607
3 0.9562715163546472 0.5166273233152119 0.08745696729070555 0.2888824660160531
3 0.9759524350416321 0.28075393088618195 0.04753426486239908 0.232575120528704
4 0.9055881268627548 0.7120115051743983 0.06907386849905438 0.1611669276990419
3 0.3033532915291308 0.40518799818882123 0.1259477432433975 0.29069020576031235
1 0.315517827955354 0.3026232756070593 0.04621640724191982 0.07640632707625286
6 0.6929828302442029 0.8051861571372813 0.09696655727600739 0.05973945498182604
6 0.4299696160209648 0.8974490818267896 0.03964749938282811 0.04052302816724466
7 0.6104927905571866 0.8583327582198356 0.0510410415246354 0.07215834280528682
7 0.49125759270249264 0.8960992894691497 0.05347447175804885 0.07648134207381534
8 0.5500183031859142 0.8618232127124165 0.05258356777692223 0.050685041458040425
5 0.5674391193324396 0.886715643456062 0.025928438367003905 0.03751600365895477
2 0.5400549529804898 0.897744019120206 0.030767148044423258 0.03756601365732987