4 0.7873586398452634 0.3482554631514008 0.05802082542990074 0.19738665901861066
4 0.12223312837168132 0.21811563488098643 0.07942290638597306 0.22530395285984212
3 0.05954013212129394 0.5722629584677766 0.11908026424258789 0.28404551163587527
3 0.19464004151742637 0.5089017926534638 0.08946402661701493 0.28808793822096673
3 0.5565538996968245 0.4964111631176959 0.06627000258393413 0.21350645245608807
4 0.6935646967449915 0.8324457049206901 0.06619847188953697 0.19164056324325993
0 0.5566301991041813 0.47308754795734603 0.019800886397455707 0.039562139818459095
6 0.6236755891577798 0.899493103658199 0.09273739993070723 0.03594375330705228
6 0.35253101870153664 0.8512798407827272 0.03698538887379511 0.030993880964275463
8 0.47415695591775053 0.8791749607143207 0.04028315225022436 0.03685870796025768
5 0.48839153781475714 0.912554243481534 0.02058717753788463 0.029366538987279475
2 0.4597197037199524 0.9077490307167867 0.028779130136400103 0.027993621054495
7 0.5339048003017647 0.9055237922358955 0.048565710394976376 0.06318258303038833
7 0.41062521268437635 0.8820188117498148 0.04856571039497619 0.06318258303038833
1 0.7089896190234061 0.2514019816089106 0.04538239612958194 0.0923031787749309
3 0.7095273905919874 0.5881197138835143 0.08610903868506783 0.2647303998547221
3 0.6251324309669984 0.4541578266902691 0.10251678744689828 0.2692731937267617
3 0.5989336461555469 0.570314184764679 0.07954689292292776 0.26320482749541074
3 0.5807938364776745 0.4779394051301986 0.048170453717251 0.1929117115583608
3 0.524408133095047 0.42604644632109645 0.08595643987035437 0.2180831695340224
3 0.4982117326400752 0.5414739414217453 0.11645121367640647 0.2694173673518145