4 0.16497214753570638 0.19637632667064384 0.053036228823623514 0.1851580091265987
3 0.05290940611220877 0.39321576658947477 0.05203691183718284 0.21014682099234688
3 0.41460021273698766 0.41062718183608143 0.0677314561500832 0.2160782797082292
3 0.5613078651210125 0.22881433700580706 0.04213421959955987 0.15716151239946496
3 0.7264185628596509 0.5501934607100138 0.07474590408562723 0.21230484873471242
4 0.6154038824020911 0.7369255586484391 0.05088979052581537 0.18994332516578735
3 0.8817221235399904 0.6827253758630535 0.07639582866308588 0.22097547708993637
0 0.6744412215103955 0.27668363851495154 0.016307414629469053 0.028052437398392926
3 0.6362548544737526 0.4184297681606086 0.07792939664432541 0.19406918236823725
3 0.6263491976598762 0.44737941224859196 0.06171003565523844 0.19293982189292103
3 0.6264071957613684 0.3824727690611828 0.05960133463187958 0.20926359947057122
3 0.6399456872612308 0.3073301203494719 0.03381855648197981 0.09361606293103779
3 0.6649096124715254 0.3373612548001412 0.050399566351207375 0.20532234648327688
4 0.7285738948862193 0.3001626933408213 0.04543092398160641 0.17354123064837426
1 0.6498936183122453 0.20866614076638715 0.03367075215705267 0.04842375523872999
6 0.31911412441664616 0.88278516303903 0.04986495496317361 0.041860808021738194
6 0.4635233576084817 0.9072530855779481 0.05420185837898095 0.04575171440489957
7 0.3926716647503507 0.8954859083714435 0.07042750891380967 0.0488041518032925
7 0.5368043381261745 0.9180335510208476 0.06772166143823609 0.04781464300612452
2 0.600619569638666 0.9269888357153739 0.03093345695277143 0.037818861826177504
8 0.6690372576779292 0.938300416993176 0.04932755919550382 0.042816752416150794
5 0.7331211870742558 0.94677213542337 0.031489721357665985 0.04263214820099567