7 0.3177654489516523 0.9732441927445306 0.02288550238477717 0.040956925241663555
7 0.23445693571136914 0.9825606723328109 0.01657875184600338 0.02564518780425449
8 0.18669356714706895 0.9891167740447573 0.041570790453557126 0.015029789375752185
4 0.4321774999396019 0.9076119409489631 0.07620019449306459 0.1685704403961418
4 0.6849640547445044 0.2758174551654106 0.0660936604728362 0.20884427747868897
3 0.17485936502384786 0.4144240928055963 0.07134879757309157 0.2504482496256745
3 0.47360504039282797 0.44214784981848154 0.07763569203742518 0.2596871125691563
0 0.7708225565367269 0.3504619632149073 0.0200281239324198 0.036849455335443294
3 0.7916906854070059 0.38242075273755755 0.07655429448724689 0.2768700355378423
3 0.5694196906008101 0.5170923265565319 0.07781108736164635 0.31333083726551253
3 0.4252386643644842 0.6992394678600562 0.07148448074843251 0.2919462253341766
3 0.3354676717089442 0.5588820391096982 0.09070550357369164 0.25590940936044065
3 0.16291988468450042 0.851441751972118 0.11414659678938802 0.29282952898820613
1 0.6462868559197426 0.19058003979006974 0.045215413938634874 0.0859506560972244