7 0.6746691045248843 0.9554957090371871 0.02435662808184328 0.04517454601341126
7 0.750533374784299 0.9648566219719683 0.024319293150926475 0.03947112396017954
5 0.8269386268904887 0.9732559036772164 0.019910546026407256 0.01942065967524349
2 0.8499270568084197 0.9737308558643164 0.024176175915745068 0.017608006089456885
8 0.7959536965521707 0.9691445834312152 0.03922410780966448 0.029324555041105663
3 0.7668042129915047 0.7254840065058087 0.07116767602636777 0.2533390560370541
0 0.26790559345355186 0.567574985587172 0.016757992273049964 0.027909427431123315
3 0.24592850524037857 0.371763358520542 0.060994428590389324 0.16948976995108114
4 0.22888795171848828 0.32031675370851276 0.03213609070825415 0.1717441930619837
4 0.5555396681292475 0.8168191824248386 0.061280663060751785 0.21321600569252624
4 0.7048636647933744 0.4269008395757285 0.03847853314588565 0.16047007960345622
3 0.4898785197615957 0.3106414741525115 0.0658134853034743 0.17053988827923883
3 0.5017111110400171 0.42254884368053097 0.05465820864124387 0.1817144537518142
3 0.3538902199968127 0.5011664603447257 0.08036399277002164 0.18794879839679146
3 0.2644545475786194 0.5638445999859829 0.07039646210560545 0.21720632214592392
3 0.34762424738494 0.7640931775067857 0.10111420009053865 0.25395846572742387
3 0.4224199355565757 0.5691312408603987 0.07071343436687932 0.18394742105606549
3 0.4943789182815696 0.6441534031749796 0.06993015012066424 0.22765153502285437
3 0.6231009233942888 0.5426450050705635 0.07145975833369682 0.21627787357837455
1 0.6587442496996103 0.32520707025875606 0.0329998926532698 0.058659505001534294