7 0.7572774185101431 0.9995551576676894 0.02317145328321834 0.0008896846646211737
7 0.6787546440648213 0.9901166261091984 0.027528830130851382 0.01976674778160335
1 0.7958059890691082 0.37781843884063776 0.03677183463824994 0.06576601494827691
3 0.7212847317168599 0.6047505158141828 0.08574384225902876 0.24554349564829386
3 0.6661930233904066 0.690602797355946 0.10717450828699751 0.38746874047171115
0 0.24907889273088582 0.4630577462930339 0.0221462303138503 0.03200485486829112
3 0.2709312829165169 0.48740885543786944 0.07686643955829546 0.1612354871822275
3 0.3190730214775826 0.49557465542399093 0.04674014548363642 0.1548763868052977
3 0.3475222910838951 0.48230191243533077 0.09529301912878739 0.20654679293552475
3 0.2965394735264571 0.5916601886243389 0.13240579110542125 0.3765193088398248
3 0.45681534143912994 0.5314052765407076 0.07584747231990688 0.17842165151593872
3 0.46525033040088054 0.5626484494171615 0.10190728103748077 0.2563934780613652
3 0.6218395693856557 0.607950640200626 0.09666230730202931 0.2964351983914887
4 0.9657115763879008 0.74030921976106 0.0685768472241984 0.309263302910175