7 0.7079166666666666 0.9275092592592593 0.021307291666666592 0.04021296296296302
7 0.7838229166666667 0.9273518518518519 0.017536458333333373 0.04012962962962956
5 0.8571822916666666 0.9266481481481481 0.017765625000000066 0.02736111111111107
2 0.8799843749999999 0.926962962962963 0.02170833333333325 0.03169444444444446
8 0.8269895833333333 0.9266574074074073 0.03655208333333325 0.031101851851851776
1 0.6394947916666667 0.31523148148148145 0.03239062500000003 0.06010185185185182
4 0.6455 0.38914814814814813 0.029812499999999888 0.15977777777777774
3 0.021718750000000002 0.39564814814814814 0.043437500000000004 0.20612037037037037
3 0.014671875000000001 0.5013888888888889 0.029338541666666666 0.05462037037037038
3 0.049114583333333336 0.5971666666666667 0.07037500000000001 0.23137037037037048
3 0.18872395833333336 0.8472962962962963 0.10584895833333334 0.2316296296296297
4 0.19342708333333333 0.9148148148148149 0.07149999999999998 0.17037037037037037
0 0.7253802083333334 0.47025 0.012494791666666553 0.025685185185185193
3 0.7399895833333333 0.49204629629629626 0.03963541666666662 0.20261111111111105
3 0.5613020833333333 0.5357037037037037 0.04683854166666658 0.2343796296296297
3 0.5861354166666667 0.5626296296296296 0.0500729166666666 0.22118518518518512