0 0.6501796325415541 0.670487106017192 0.02514544574527382 0.044412607449856735
4 0.8695042434044339 0.7843839541547278 0.07589144166458203 0.2722063037249284
4 0.6830999734575196 0.1339541547277937 0.04422400604256242 0.20630372492836677
3 0.6079618342513252 0.2148997134670487 0.08225860219958409 0.24641833810888253
3 0.47139496441656387 0.25358166189111747 0.046746580442434224 0.23782234957020057
3 0.380081143811686 0.44340974212034384 0.0750943736481479 0.27507163323782235
3 0.3946793793130503 0.4684813753581662 0.09363337714845281 0.2722063037249284
3 0.44158728911112477 0.5093123209169055 0.08078645292081686 0.28939828080229224
3 0.30000342126602747 0.49355300859598855 0.06634070086207841 0.3108882521489971
3 0.5890814048468017 0.6060171919770774 0.11681403480032229 0.20916905444126074
3 0.6447922513124092 0.6260744985673352 0.11452605031218248 0.2492836676217765
3 0.775833331870104 0.5007163323782235 0.08468264883652853 0.24785100286532952
3 0.8687723228798298 0.5608882521489972 0.06861930175374885 0.2679083094555874
1 0.25277358560542507 0.10816618911174786 0.046282092417204844 0.09598853868194843
6 0.6641194769161339 0.8638968481375359 0.09043987560102719 0.03581661891117478
6 0.3927109747883213 0.8524355300859598 0.03637008315063405 0.024355300859598854
7 0.4516570113020111 0.8753581661891118 0.045334886857262384 0.05300859598853868
7 0.573452317942454 0.8818051575931232 0.0485935358965178 0.06303724928366762
8 0.513713905210565 0.8631805157593123 0.053338409609244214 0.034383954154727794
5 0.5291397054168884 0.8946991404011462 0.023495008133590265 0.0329512893982808
2 0.5017203505781788 0.8946991404011462 0.028329026012775028 0.03151862464183381