6 0.6655736109482067 0.8060768968630377 0.09140374370199822 0.042850488910939004
7 0.5809251336427338 0.8459628286348704 0.043844721311158776 0.06022596460564923
8 0.5206145993131437 0.8450932524535856 0.04695468193230703 0.040517693721293484
2 0.5101886318523838 0.8784989991980746 0.027865506957466767 0.027411386824036845
5 0.5367920940780493 0.8730049203969243 0.020727267139856547 0.02867590026863873
7 0.46100075194702184 0.8738682581176836 0.04862047804880394 0.0645618633638617
6 0.40189916310889495 0.8673243117666198 0.036609517663365905 0.031829461101098896
4 0.9801669065116296 0.4627206240942688 0.03732982040186514 0.25216844415194617
1 0.6380464916057482 0.1230773940453692 0.04312956504670349 0.08422082893690758
4 0.3797026007499287 0.7385554240884686 0.08325998527818178 0.2220482338429165
4 0.16456196007732607 0.27623429781312975 0.05944584414341118 0.2201427513512885
3 0.3094350220465264 0.5062693037289814 0.07309489669386555 0.26844474698543314
3 0.4353879705611915 0.4549355262221312 0.07464064235394592 0.25576575278619346
3 0.4646124860806423 0.3759458144260555 0.07931943526140862 0.23044063459525335
3 0.4364794388332602 0.3638173962031071 0.06979562573759909 0.23024341335001455
3 0.4815143717604966 0.4250274879435904 0.10630817957078234 0.2324118575019609
3 0.5583510089111249 0.3471703139891177 0.09194397075587274 0.20810472619907444
3 0.5547475236373673 0.2356705686040123 0.08170962229285449 0.23331479866362512
3 0.5724102096853478 0.5375442306710695 0.08027007511345007 0.27847966856907985
3 0.80117991866799 0.5935371665102914 0.06985103364056035 0.24719256589238744