7 0.707921875 0.9275092592592593 0.021307291666666592 0.04021296296296302
7 0.7824739583333333 0.9273518518518519 0.021437499999999925 0.04012962962962956
5 0.8571822916666666 0.9266481481481481 0.017765625000000066 0.02736111111111107
2 0.8799843749999999 0.926962962962963 0.02170833333333325 0.03169444444444446
8 0.8269895833333333 0.9266574074074073 0.03655208333333325 0.031101851851851776
1 0.6986770833333333 0.34099999999999997 0.02972916666666663 0.05293518518518515
4 0.6995104166666667 0.4068703703703704 0.021963541666666704 0.11930555555555558
0 0.7650520833333334 0.4606388888888889 0.0124270833333334 0.02159259259259264
3 0.7754947916666667 0.477 0.035046874999999984 0.19165740740740742
3 0.540046875 0.4700648148148149 0.04071354166666671 0.16851851851851857
3 0.44865104166666664 0.4640833333333333 0.03327083333333339 0.17044444444444448
3 0.680484375 0.6263703703703704 0.06811979166666665 0.2156944444444445
3 0.3759427083333333 0.42848148148148146 0.046708333333333366 0.1671388888888889
3 0.177265625 0.48225 0.081640625 0.18516666666666667
3 0.03716145833333333 0.4979537037037037 0.06358854166666666 0.20425
3 0.038218749999999996 0.7886666666666666 0.035317708333333336 0.26252777777777775
3 0.2758541666666667 0.7375925925925926 0.06961979166666668 0.23752777777777775
4 0.44422395833333334 0.8774907407407407 0.06000520833333335 0.1654629629629629