3 0.010054788572972373 0.6852659883770041 0.016675441493644718 0.32114926070462546
3 0.12529050936484545 0.5321420850459249 0.0762819229751262 0.32176575913109484
3 0.34628086874949515 0.33484602415867787 0.08881139647706064 0.2601690433449231
3 0.35089890749915015 0.41976745803067594 0.10916366329680471 0.29021392404799234
4 0.5567758275131535 0.29021401803850067 0.059176302800443475 0.2228267498054593
3 0.7083513248446225 0.5433164302460664 0.12820028312516266 0.27189292444280877
0 0.5029332013087597 0.45940447482633 0.027340479659757107 0.043491191359171795
1 0.5493551738357761 0.23304043483619924 0.05527986382117241 0.09316120764613245
7 0.8065450616873325 0.9296070542104028 0.037817748720287786 0.06211744746678188
7 0.8957529688488399 0.9572777803327146 0.05057953139870127 0.07150838600159799
2 0.7688823786701963 0.9992279746020171 0.039382153048783855 0.00154405079596577