2 0.09343165571970521 0.9474459724950884 0.02220551844406716 0.03241650294695481
5 0.11719338320297394 0.9489194499017681 0.018880958505153946 0.029469548133595286
8 0.14922472501554643 0.9449901768172888 0.03715157395141446 0.0412573673870334
7 0.19369343459586583 0.9430255402750491 0.034938414929419424 0.04027504911591356
7 0.27517711162651365 0.9405697445972495 0.03660551630479673 0.043222003929273084
3 0.5529740707376081 0.5712180746561886 0.0844121954430737 0.30157170923379173
0 0.4815792347292069 0.3644400785854617 0.01777920040007709 0.030451866404715127
1 0.6250135017084759 0.29960707269155207 0.04169360573750085 0.07858546168958742
4 0.7089674794102218 0.37671905697445973 0.053732956485727255 0.21218074656188604
4 0.3948096569187047 0.9464636542239686 0.0688586427897206 0.10707269155206287
3 0.4651659151611264 0.6669941060903732 0.06779903856034916 0.28978388998035365
3 0.4304746307112424 0.5333988212180747 0.05089659732238365 0.18958742632612965
3 0.3886928167107256 0.512278978388998 0.08134440879553731 0.2082514734774067
3 0.3914990086609643 0.6944990176817288 0.05736608640356396 0.3094302554027505
3 0.15351654575588586 0.3993123772102161 0.06106634764656426 0.2583497053045187
3 0.43112317665977523 0.393909626719057 0.09964716694793567 0.22986247544204322
3 0.49066472125782334 0.3551080550098232 0.06238630779565239 0.15520628683693516