3 0.5435219128074739 0.5532319391634981 0.11192995278474055 0.21387832699619772
3 0.32905660891395644 0.38165399239543724 0.06213510968515819 0.19486692015209126
3 0.8748397360650474 0.6454372623574145 0.07875309459828266 0.20722433460076045
3 0.5785033609914304 0.45769961977186313 0.06536855494638164 0.20247148288973385
3 0.44132807390417117 0.37309885931558934 0.07077526016905965 0.22053231939163498
3 0.3380858300342813 0.6078897338403042 0.08833520710237161 0.19391634980988592
4 0.01258813693915731 0.49667300380228135 0.02269358500711549 0.23479087452471484
4 0.335930037875738 0.7661596958174905 0.12705566062470686 0.26045627376425856
3 0.8251159143528584 0.40304182509505704 0.05255921945894185 0.21007604562737642
3 0.3495380447229129 0.594106463878327 0.09744167188796236 0.19866920152091255
3 0.32767597630374495 0.28659695817490494 0.040477177405082186 0.11311787072243346
3 0.5097506488147939 0.2832699619771863 0.05894522036904353 0.2005703422053232
4 0.6684561332163586 0.3288973384030418 0.05681240521376131 0.20247148288973385
0 0.3642937052988355 0.6093155893536122 0.02364452390535046 0.03517110266159696
1 0.3097784707958402 0.21007604562737642 0.03230645236180631 0.06749049429657794
8 0.18204067710708946 0.8032319391634981 0.048799991717477044 0.04182509505703422
2 0.12292954561309415 0.7970532319391636 0.05041049207021603 0.043726235741444866
7 0.11104835029000928 0.8431558935361216 0.029023228877601535 0.04467680608365019
7 0.23917921710102386 0.8602661596958175 0.03062128467459517 0.04277566539923954
5 0.24411009633582284 0.814638783269962 0.03222245161052517 0.04182509505703422