4 0.3601139878477817 0.799059677539331 0.06350329773962436 0.2867687130112946
4 0.2648293071490691 0.2800654952360205 0.056812405213761186 0.20305215981953445
0 0.48047110751370603 0.31871132659170964 0.014541170258696019 0.031518138217581496
4 0.8765086349800536 0.32935001197667885 0.05363184931445569 0.21157411136053664
3 0.8514952587976728 0.6114623358795602 0.07202211380500864 0.2754503530084193
3 0.7510194328097937 0.5488110460407334 0.07838944788149248 0.2603075906108256
3 0.6546943032612156 0.5288939446775889 0.058597129346935374 0.2582018304368661
3 0.5988833282461943 0.4695831597919799 0.05857224023544443 0.2505972676992235
3 0.5020028603974795 0.27998925234518524 0.04686042371500944 0.2666352978742796
3 0.4873654231011378 0.30105388192674537 0.03842214072320837 0.1391759181716519
3 0.5129732050897401 0.28225230794297557 0.0759054305651653 0.3182647302029788
3 0.5397894862857296 0.5509954973480788 0.08218565275143158 0.27650599822363614
3 0.4145189063329585 0.5104644823060289 0.1313306243520807 0.2608550860017806
3 0.10289144710256613 0.7190173460033653 0.10151165698429945 0.2995187756696383
1 0.309748914975945 0.19784913913428498 0.038745342633825945 0.07454266515816427
6 0.8044463034932126 0.8600561531495988 0.04558210215093526 0.039443455830732894
6 0.8024566007290019 0.9057056506013516 0.044506361156485104 0.037531254633373784
7 0.8590073137333489 0.8642449187002477 0.02579289475531446 0.03828826599897897
7 0.8580964631025247 0.9127350666656677 0.02472959831660978 0.04017834617044093
8 0.9154524262832412 0.8722166097220577 0.036466303948535714 0.03174487873302747
2 0.8995496467867135 0.915158182815526 0.024157505291084836 0.02876597180750282
5 0.9284359855511161 0.9177112599925302 0.01721185591120344 0.030595219157747777