2 0.9641968474780155 0.8757025592998587 0.07160630504396898 0.05110745974673865
5 0.8197651699623774 0.9071183511089336 0.032545645118314676 0.04726847296570487
7 0.8627625065514448 0.7983133843880859 0.041422342999653985 0.06783757670891381
7 0.9170418930130285 0.7853597798445653 0.04468195602675387 0.06499273818543289
4 0.44931094341773403 0.7800583606508406 0.07256429116534437 0.2344783368456125
4 0.22062387529434538 0.4001386265380241 0.05706663124319054 0.20406492956684136
0 0.17347577869373812 0.16715648045582157 0.021032084287268604 0.04120599032216043
1 0.2739306028042355 0.28038325692000404 0.04421180992928336 0.07663192648303566
3 0.8179484785090341 0.3377404153682946 0.07966175780279304 0.23365432586997972
3 0.5453359992347478 0.6757472746935862 0.11685240308458904 0.3227607487655414
3 0.4331134657469787 0.5593649883754374 0.06032026861175066 0.2837330657487302
3 0.4003103014125448 0.47277612706021804 0.05796915528377458 0.25844515874496676
3 0.36191644332208445 0.5753664398533835 0.06969890508637752 0.2975173501263752
3 0.34056662549695593 0.5273586844567236 0.05035067455554796 0.2631413677269402
3 0.30216564322608486 0.462010426479926 0.06999101320727186 0.258693695809355
3 0.2108422398040877 0.49167155370704096 0.05957034855108898 0.2526538074443912