4 0.8565331814004207 0.41100667706099153 0.065487821050955 0.22044123087705747
4 0.6038734736551011 0.7358576840414642 0.0637655835121402 0.17686921949090834
0 0.473276237735617 0.33144304790475465 0.018296128937367186 0.03970172644633272
3 0.7044912208461311 0.2835547693088379 0.04888176155708154 0.21448005514271656
1 0.7611038795976502 0.24329069321760136 0.03500788360158182 0.07796627296719062
3 0.6542387730776741 0.4321038263754779 0.052068891872141254 0.2229723925217564
3 0.6990691978677196 0.6128188166486133 0.059242232802120265 0.24278239881560718
3 0.5460167666728885 0.5527662964618121 0.07673468599743934 0.2782542993441463
3 0.45078250784264834 0.4461539896222626 0.06556594356816363 0.24431763537143947
3 0.3991754579104763 0.525850136426349 0.0893407485498274 0.2686843230176088
3 0.3777499050059001 0.4348108225634279 0.06866116503944862 0.22472008511002986
3 0.33167030990198937 0.27373423948101777 0.07735454405193748 0.22630434998104101
3 0.2625802609793671 0.2645795278538479 0.0821536212932823 0.24466083357769064
3 0.16836717143366642 0.449440662213277 0.06001833589103591 0.23858525844126593
4 0.20603909490226502 0.1622792527839405 0.056702533194691165 0.19076707836559692
6 0.6247179664432919 0.8837708489904322 0.0949429748922375 0.04971394159591305
6 0.3630350611298595 0.827791422410374 0.03643141739812807 0.030246149521879238
7 0.5390103694213244 0.8834021526401574 0.02308601529433424 0.05524922127893741
7 0.4198037015953046 0.8605692255701689 0.04444979304985368 0.06692643117172553
8 0.4802325396007591 0.8611172004162153 0.05147607982979285 0.04179261724085768
5 0.49395450464353874 0.8923020753259191 0.024606053376844267 0.037023479856097614
2 0.46711434856481704 0.8868306907501481 0.024606053376844267 0.037023479856097614