7 0.7872857415044863 0.9129516779959208 0.03488382860585975 0.05010099095488185
7 0.8721129692923065 0.9003021737091111 0.034305124902156044 0.0500890197064568
5 0.9525931857030309 0.8896204982278383 0.021519774626128724 0.03336474689131291
2 0.9786466361685044 0.8865583813616952 0.026169605053713373 0.03963335638488544
8 0.9204582961491796 0.8941001268620623 0.03832574963114997 0.04091355918617241
4 0.4267131254200018 0.8293559173601449 0.06380593243007311 0.22352708830054566
3 0.33085705218405226 0.7635826818911449 0.06045154819592008 0.2594634912626705
3 0.3381585703111955 0.5661894870505012 0.07585770621807736 0.19291428698660584
0 0.34918501355382703 0.20322427399389062 0.018626256107610203 0.033304890649187964
1 0.3448647436551716 0.28544500200388695 0.036111938806108676 0.07172987172333666
3 0.4576562207641861 0.39323805596809064 0.051515115866271506 0.1810946221247731
3 0.4431766514539544 0.4850229496820901 0.08580340677013201 0.2260396089094192
3 0.5326351922712338 0.47195481209049917 0.08992166868924037 0.24669953933563687
3 0.5459003114986855 0.30915233593444963 0.04980257235277424 0.18826035447003317
3 0.7009609194945164 0.3221342930637857 0.07355972540155796 0.19801043491471682
3 0.7909914304161814 0.311135739889344 0.06497344023645776 0.22663745055048184
3 0.7623382847270329 0.5780508318991011 0.0754944776925573 0.258745937137358
4 0.86520017647662 0.27151579631325634 0.04396503332085057 0.17270854322035117