8 0.20275168861543783 0.9962779749208774 0.03762770398660888 0.007444050158245072
7 0.24617179353294044 0.9913620199594143 0.022880612234312547 0.01727596008117143
7 0.3232205652585624 0.9818612261756781 0.027771806479207108 0.036277547648643875
4 0.2585942694000913 0.7903944017945316 0.20328111952416975 0.41921119641093674
3 0.12191832264019427 0.5333133951649685 0.09050808574728535 0.24856628569514166
3 0.04005987576410277 0.6713339921282109 0.08011975152820554 0.44059642116790954
3 0.23212822706530625 0.510441557689148 0.11482824015976825 0.24599342333290447
3 0.5660306791010464 0.5077777635372768 0.17198993791571987 0.3303837319861738
4 0.8253582174532538 0.37862711369043284 0.07267836976413983 0.19188833053152438
3 0.9416219947527862 0.3605263732417555 0.11418253411872524 0.3090709792089666
3 0.7694692765097703 0.6313612685344789 0.28101654218152355 0.5791417540686823
3 0.619217595559744 0.5064450817067693 0.13363612085450197 0.29044128024757804
0 0.6023263968018334 0.5001492525599232 0.0278333728996783 0.04924908394554584