6 0.41570850068326715 0.8911459087030577 0.09762704601099574 0.05571919847788565
6 0.6957807766406233 0.7967771233886015 0.039487427716090574 0.03688088171930678
7 0.5092030692391963 0.8822356539375557 0.04822834676289133 0.06888419220275606
7 0.6362024408922152 0.8387158176562893 0.049954688151063936 0.07194138925385335
8 0.5700314833490318 0.8448694927165492 0.044666451880608006 0.046052472872598296
5 0.5574112603654762 0.8827352092328733 0.024138994314613544 0.03824148819864264
2 0.5877708613674247 0.8724107912363517 0.023255966873993058 0.03367337599528227
0 0.531151778632778 0.33075401767757917 0.024168779434414922 0.042800758715359793
3 0.4950276783336283 0.37445561516684944 0.08698227041752325 0.2546835607615434
4 0.18501339083169818 0.28461110141124507 0.09968162149713844 0.23961861767212747
3 0.577034157348533 0.16480483236614324 0.06802230026742714 0.2256136637161923
3 0.46435969998024396 0.5626004250019894 0.131708292537734 0.3098545746675764
3 0.5309966932868281 0.6157261083456975 0.13424816275365697 0.30684158604969325
3 0.35251109093359134 0.44213241051103785 0.14521124407183275 0.28719968907027427
3 0.2525129570522138 0.46693379943522967 0.09220100807510925 0.2699341792704579
3 0.1523553714184075 0.6467592276144534 0.09575297458412559 0.2912461417617098
3 0.7241831106032403 0.3023571020807341 0.09719139314755124 0.2502303904845395