6 0.3556875 0.8453194444444444 0.08869531249999998 0.02144444444444452
7 0.44067968750000003 0.8645 0.03992968749999992 0.04972222222222216
8 0.4996875 0.8493055555555555 0.04431250000000002 0.02943055555555563
2 0.5117265625 0.8801666666666667 0.025773437500000006 0.020430555555555605
5 0.485453125 0.8805000000000001 0.018679687500000063 0.023624999999999986
7 0.55953125 0.8640277777777778 0.04467187500000005 0.053805555555555565
6 0.616859375 0.8435694444444445 0.03434375000000003 0.022999999999999923
4 0.018953125 0.5861388888888889 0.034859375 0.24370833333333336
1 0.338484375 0.17170833333333332 0.03767968750000002 0.07459722222222222
4 0.6303828125 0.7125555555555555 0.06797656249999999 0.20287499999999992
4 0.8104765625000001 0.21109722222222224 0.044242187500000085 0.20791666666666664
3 0.6838124999999999 0.46930555555555553 0.05430468749999999 0.2520972222222222
3 0.5576171875 0.44884722222222223 0.05638281250000006 0.23895833333333338
3 0.524234375 0.37794444444444447 0.06313281249999995 0.21224999999999994
3 0.5506875 0.35959722222222223 0.05367968750000003 0.21523611111111116
3 0.5107421875 0.4298888888888889 0.08986718749999997 0.20897222222222228
3 0.430765625 0.3718194444444444 0.07722656249999997 0.1880694444444444
3 0.42692968750000004 0.26211111111111113 0.06509374999999995 0.2146944444444444
3 0.4291171875 0.5612916666666666 0.060531250000000016 0.2614722222222222
3 0.2096171875 0.6696805555555555 0.052335937500000006 0.23195833333333324