2 0.06626407821103253 0.867165075458338 0.02360355107519356 0.036025306268734215
5 0.0894061718927084 0.8741740288113028 0.01977390748069554 0.0321174486201107
8 0.12094688284945147 0.877401721392575 0.03834070353969942 0.04584840240499701
7 0.1647443124152222 0.8851080417985537 0.03616046655411843 0.044858778305148075
7 0.24446189873520632 0.9009226569506861 0.037816197105138186 0.04874412984231701
0 0.5149605846179272 0.5062644939719675 0.024184972988679786 0.04183364072696526
4 0.8281331325519512 0.4045815120723802 0.06823909334956446 0.21345802037403044
4 0.29206082042730336 0.28491945949618 0.05477861566988066 0.23265971694533225
4 0.47437849885144345 0.9045998269569022 0.057799175435193 0.1908003460861955
3 0.24174374591092232 0.7345614833632268 0.08269837312151689 0.26389444549500224
3 0.36134039263275647 0.6990516491981549 0.11944026158912147 0.3145615582583814
3 0.4230314991835549 0.7006573780990673 0.07639797196467889 0.29767605675444964
3 0.32553627690752396 0.5009187360521243 0.09464857091854452 0.2630511111196067
3 0.5008859230343391 0.26532270472085345 0.05638375468407829 0.22880812457534472
3 0.47910922970690795 0.3424614561500129 0.08087189613372259 0.23389690827117943
3 0.45714952281846477 0.4747203063898 0.08094778343895566 0.24550232413191445
3 0.5201046562698797 0.503416592021488 0.08449284963882929 0.20588987230278155
3 0.715274000511982 0.6393739171253724 0.0893023234992874 0.2765344976784949
3 0.8704532346054679 0.7265646062754854 0.09489520466055212 0.3007687126669955