4 0.260042151110286 0.26147858944595953 0.0981988483186099 0.2711565197881654
3 0.14631584746892748 0.5350345567736812 0.1267613840891532 0.28339205145021396
0 0.19445160717863383 0.5658785489913977 0.027845627838726135 0.049540281169793365
3 0.7310010241608704 0.5431613815822843 0.15214880216087528 0.3508167303969731
3 0.895825893468494 0.4205639268913183 0.09165338373268074 0.32183332182027335
6 0.3490230556607182 0.8851633140213495 0.09748626178136197 0.053246072026971646
6 0.6273296327892036 0.8203444922566754 0.03954178698460732 0.03473647462852982
7 0.5663903476252247 0.8567949290645773 0.05139901021082539 0.06918639943054952
7 0.44088059103839355 0.8857050269104547 0.05223793638532203 0.06919508275862549
8 0.5026441601877476 0.8537235187147753 0.05301829380333278 0.05129331832550776
5 0.48994557042217934 0.8889283955015876 0.025299564936993257 0.04055900730496813
2 0.5180593587272313 0.8856524293841742 0.034522872126749024 0.03916198660037189