2 0.879453125 0.926212962962963 0.020640625000000058 0.030203703703703604
5 0.856984375 0.9284722222222223 0.01736979166666662 0.027305555555555566
8 0.8267291666666666 0.925675925925926 0.03455729166666662 0.03762037037037047
7 0.783984375 0.9256574074074074 0.01955729166666676 0.04019444444444452
7 0.707171875 0.9261296296296296 0.023999999999999962 0.04115740740740745
0 0.42360416666666667 0.6518981481481481 0.019359375000000036 0.033425925925925845
4 0.326953125 0.7689814814814815 0.06355729166666665 0.2120277777777778
4 0.30205729166666667 0.30559259259259264 0.030437500000000027 0.14823148148148152
1 0.2983854166666667 0.26487037037037037 0.03142708333333329 0.06678703703703703
4 0.871328125 0.3281296296296296 0.04814583333333336 0.1673611111111111
3 0.7713645833333334 0.4428333333333333 0.05446874999999996 0.21899999999999997
3 0.6482760416666667 0.46169444444444446 0.05412500000000004 0.19746296296296295
3 0.45769791666666665 0.6157037037037038 0.08338020833333329 0.16475000000000006
3 0.36875 0.5739166666666667 0.05335937500000002 0.18116666666666675
3 0.34904166666666664 0.5797592592592592 0.032734374999999954 0.23728703703703702
3 0.4075052083333333 0.31916666666666665 0.03507291666666663 0.16426851851851848
3 0.42639062499999997 0.338 0.06868229166666673 0.14637962962962967
3 0.4673072916666667 0.3598240740740741 0.06926562500000001 0.17149074074074078
3 0.43205208333333334 0.39568518518518514 0.04875520833333328 0.1728518518518518