2 0.07029794978370578 0.9697513421630954 0.022205518444067127 0.03264510136781733
5 0.0940628915375883 0.9724528811433223 0.018325258046694857 0.028675823559686963
8 0.12609584048546765 0.9693462349046539 0.03659587349295534 0.040652236510337045
7 0.17167595098270524 0.9698177191476831 0.021132688774514463 0.04245685415797274
7 0.2528930277312718 0.9711489774799135 0.025555792547890647 0.04348489211326509
1 0.17363710764478332 0.30286647526122157 0.033897727966004584 0.060270027130126025
3 0.23522701304366878 0.553003961783034 0.072045357449967 0.23747593324716434
3 0.28583432601081155 0.6547028051158404 0.08466933709217662 0.3810201299621359
0 0.7254620766379624 0.5286064411123296 0.021087688985921407 0.028704398362294943
3 0.7017694559728901 0.5480070632322991 0.06955255688457257 0.15100906554653193
3 0.6523106922135871 0.5440574603166994 0.03806405844800401 0.1516656310679223
3 0.6240663969505871 0.5231373136365827 0.08516038378063374 0.19340877009928892
3 0.668948140304778 0.6478606292552289 0.11168330342554819 0.3636184341475355
3 0.5097788985613401 0.5455299553154945 0.06685119708700787 0.16964453789520095
3 0.49882560292284756 0.5748852042386585 0.08864244297962265 0.24452360996065026
3 0.3364219849965454 0.5815547111498365 0.07994730615171808 0.28863649279269793