8 0.8384345389939137 0.9794327943047457 0.041188682175257126 0.02414082945257976
7 0.7906761539821724 0.9739983411068625 0.029005245485107783 0.03587206240135344
2 0.8939771660387783 0.9828104791060347 0.023385047376097343 0.01605172811468385
5 0.8712026203886732 0.9820580394046998 0.02228040052033167 0.01801651501229078
7 0.7118195863700112 0.9649332539854748 0.026818576667286226 0.0467186322439979
0 0.16556774325793064 0.3342437263406259 0.01845615418489792 0.03773911895628612
3 0.14467946375416052 0.3512577269512097 0.06866984501545757 0.27342863165705195
4 0.303142267396483 0.22511625206858438 0.05130864130330691 0.23076029892568867
3 0.5623748222762831 0.3721322249572982 0.06532035104376063 0.268453427132481
3 0.9377152561395216 0.5189348318079787 0.08644762279323534 0.2736125946550269
3 0.5823290168826276 0.6406913468763586 0.0825748945427103 0.2785130642116705
3 0.9717172694969569 0.48399917210593496 0.054264186103086004 0.2851368692310788
3 0.976465719144719 0.3060904431300633 0.04578217489680608 0.23959609112123265
4 0.6419086550830908 0.8535063325142158 0.07702580324250019 0.2804318603597835