6 0.39142011891390915 0.8920559902900327 0.09289676482561415 0.04823646193160441
7 0.47974299182063374 0.886128981172125 0.0453630376466703 0.062071344512053706
8 0.5387195250228487 0.8532855691718388 0.04772139910832955 0.04347170767743037
2 0.5535473897959827 0.8810683344275655 0.028319642416305663 0.028945020119460704
5 0.5269086816798858 0.8892230455790865 0.021066269698411404 0.030302669878345043
7 0.6008233369137489 0.8504947770580228 0.05102696612993125 0.06786034853594584
6 0.657800162377527 0.8126578759094952 0.03720468555294511 0.03333469938582215
0 0.5657560342984105 0.1080456783276638 0.024320226939432043 0.038931998415943615
1 0.5740642550939166 0.15666876254970533 0.04543341462018992 0.08356131585875858
3 0.5691642831977194 0.29854841593646786 0.11331194993632057 0.37221873688212437
3 0.56860153625129 0.3472631851555302 0.11253834091105985 0.3822390551775241
4 0.688275417240923 0.2486084017572187 0.0693788353843058 0.25429013686809626
3 0.5186247264007356 0.46382163291108 0.08000346029908696 0.2973784345579852
4 0.5681247810470187 0.7390886610440531 0.06649030072213177 0.11099865622420964
3 0.35223737639803826 0.6675402060144486 0.09131255007267067 0.3032257835799813
3 0.25079130085128915 0.4945258155718782 0.11865214434139136 0.2791538727111741
3 0.38435783939142804 0.33985541167673833 0.10090082526105121 0.27610517320423844
3 0.4441355947248564 0.5548463325423233 0.08326210933834219 0.30744042785203074
3 0.23729771499245533 0.30555993021613564 0.09441167797194822 0.2645771751548292
3 0.06013506484801319 0.8446220763248502 0.09294891228965028 0.31040577736167474