4 0.3061196235459426 0.7048531152812131 0.06019368411029443 0.11851752448270116
4 0.9347497621316104 0.6630737954032845 0.056698221558429324 0.26904438648688483
1 0.6964207234917291 0.2053637166336059 0.04651644043000349 0.0814452189332889
0 0.7053225570122289 0.24522734749712932 0.021661004174407382 0.039995854268317886
3 0.7002275587109132 0.394317227030259 0.08391352638764865 0.30057536122207296
3 0.6281860836868315 0.4326318383968905 0.06142723754109983 0.25204851571822817
3 0.4066900832787915 0.3678385887199869 0.07734372493449948 0.24227061315603943
3 0.5824227511141276 0.21554560631689193 0.06690730751251846 0.22085636345782567
3 0.3375484373111811 0.31740784684690787 0.10288990274858698 0.25105778723835553
4 0.30275246964818736 0.16222295099197737 0.05651728426765807 0.2136466592141575
3 0.368477789005343 0.5094832410696584 0.07031979222617536 0.2890712374908425
3 0.6555614484271177 0.5131684949502605 0.056675024469869134 0.26194211375961207
3 0.49248793792457457 0.5128989691031861 0.09105808395648718 0.29070655506908805
3 0.7332920330599669 0.6297371447963722 0.059053450714340316 0.25770554201164747
3 0.7555303788992241 0.7244246310460899 0.1149629712617154 0.28527265577125954
7 0.4122570458391028 0.8515446812612578 0.03370159676355101 0.06426754098304018
7 0.5315451379022322 0.8740869618816242 0.02650136618216768 0.05709089259057039
6 0.32801259860595416 0.8158716968222582 0.09664432885467429 0.04787493949875777
6 0.5929208101678896 0.8662005597444701 0.03678468281964995 0.03163014228878389
8 0.4728538276097392 0.8493318333431226 0.0519779527305738 0.044571248491068485
5 0.45620020448072734 0.8775673810334207 0.026436414334198438 0.037204528954206756
2 0.48412712824814225 0.8828282106404992 0.022430615834004016 0.03148139095839042