7 0.7027067430886703 0.93713163064833 0.03232706428322637 0.043222003929273084
7 0.7839447133578095 0.9336935166994106 0.03122209190753576 0.043222003929273084
5 0.861032608459286 0.931237721021611 0.01952987933926637 0.029469548133595286
2 0.8858944869123246 0.931237721021611 0.023429426448297284 0.0343811394891945
8 0.8300869531811264 0.9322200392927309 0.03558412258089397 0.0343811394891945
4 0.28298438805562953 0.9115913555992141 0.07187540863228467 0.17681728880157171
0 0.865088187599142 0.5225933202357563 0.02233731159025189 0.036345776031434185
3 0.899627443335894 0.6900785854616895 0.07810100522241184 0.28388998035363455
4 0.894534469511282 0.3708251473477407 0.04490644556902813 0.1925343811394892
3 0.76381343372101 0.4219056974459725 0.07126545068594174 0.25245579567779963
3 0.68785281811565 0.4631630648330059 0.07112401799184237 0.23084479371316308
3 0.5220850417125397 0.33988212180746563 0.08964496926685216 0.1905697445972495
3 0.4228910768029747 0.3855599214145383 0.05621974843766463 0.23280943025540274
3 0.30608087379332016 0.6326129666011788 0.07607749447688887 0.31237721021611004
3 0.34765574973185936 0.5692534381139489 0.06854802105847423 0.2593320235756385
3 0.473423309037085 0.599705304518664 0.061513562069407376 0.2819253438113949
3 0.6220413194256582 0.768664047151277 0.12513304753631235 0.29469548133595286
3 0.1583581269768863 0.6645383104125737 0.0537016103337007 0.27013752455795675
1 0.24992792890477655 0.30648330058939094 0.043062165928727004 0.07956777996070727
4 0.17048826928691255 0.4150294695481336 0.05341231618667923 0.22593320235756384