2 0.8880731527689136 0.960348162475822 0.02249762272714604 0.03288201160541586
5 0.8644381723631903 0.9613152804642167 0.018674303074750816 0.029980657640232108
8 0.8328848135222418 0.9564796905222437 0.037228451249549106 0.041586073500967116
7 0.7883006243046292 0.9535783365570599 0.021480229568537554 0.043520309477756286
7 0.7083808622173405 0.9492263056092843 0.026377857858466313 0.04448742746615087
0 0.4161714291506223 0.6445841392649904 0.020886159770845736 0.035783365570599614
4 0.31366943263773645 0.7606382978723404 0.07212565242298742 0.2253384912959381
4 0.2941904658760623 0.2751450676982592 0.03580708731629986 0.15667311411992263
1 0.2909230819887581 0.23259187620889749 0.03470710215038712 0.07156673114119923
4 0.8877922339966153 0.3355899419729207 0.054967953172995444 0.17794970986460348
3 0.7817386569617693 0.44874274661508706 0.06293078958292427 0.23210831721470018
3 0.6532819355713502 0.46034816247582205 0.06169838239282142 0.20986460348162475
3 0.45235048677108086 0.6088007736943907 0.09137467270915352 0.1769825918762089
3 0.3599084005064487 0.559477756286267 0.060497594913232436 0.19245647969052224
3 0.33928784630391895 0.5643133462282398 0.040762011845121696 0.2495164410058027
3 0.4038404621675405 0.29642166344294 0.04081222262197568 0.17408123791102514
3 0.4232699051836195 0.31721470019342357 0.0754873243018808 0.1576402321083172
3 0.4658256320261174 0.34235976789168276 0.07674502726039459 0.18375241779497098
3 0.42855645591286823 0.3776595744680851 0.05554937508648154 0.18375241779497098