3 0.19060714380315033 0.7961307765662745 0.12475615136209961 0.4051239565475478
3 0.2385955478777719 0.85889525257425 0.056083097479068166 0.2778991189186869
3 0.3175003220390467 0.7214341318671363 0.22819391320657545 0.552950907150567
3 0.3704112739670517 0.723922939384931 0.3180489149250819 0.5478084143470557
3 0.7172626455577221 0.7663865352657233 0.18402018466923878 0.4381250236531544
3 0.7809219549528176 0.8375923166180295 0.06746297110239632 0.27902903450190475
7 0.51031030037739 0.8864478702516476 0.038902044708381114 0.06821418261856771
7 0.44916788607683367 0.8891051746086088 0.03376935340050637 0.06411260319721294
2 0.4995784896389997 0.8227916251620754 0.0979542798881589 0.03643792178895168
8 0.42081563809114175 0.8296800557580443 0.036517523443442806 0.03478981893512279
1 0.06378506453321624 0.10966731981384462 0.12286727345135627 0.17535509454388196
1 0.6054531534001482 0.7569160935226593 0.020051289352600216 0.04372836441638013
0 0.2758819253256633 0.867112795233544 0.07842255781674194 0.1516164399636649