8 0.8887766151778556 0.8745059288537549 0.04193171010679584 0.040513833992094864
7 0.8413283309710515 0.8824110671936759 0.02973534578117172 0.044466403162055336
2 0.9436796480656131 0.8596837944664032 0.024115145484121157 0.03458498023715415
5 0.9215091416365868 0.8675889328063241 0.02302989226960815 0.038537549407114624
7 0.7622683281278513 0.8987154150197628 0.02753251698139795 0.04743083003952569
0 0.1486875932809842 0.47875494071146246 0.01914100338071901 0.038537549407114624
3 0.13079041734209115 0.5029644268774703 0.07457490159133638 0.274703557312253
4 0.26961065080980895 0.32262845849802374 0.056519151425130504 0.23221343873517786
3 0.541329227880322 0.3730237154150198 0.07065369033169999 0.26976284584980237
3 0.9266619536883705 0.3814229249011858 0.09236560831741321 0.2766798418972332
3 0.59494473889241 0.6284584980237155 0.08850257732512218 0.28063241106719367
3 0.9577470122922331 0.3349802371541502 0.06464601080698079 0.2855731225296443
3 0.9507371446636924 0.1551383399209486 0.0771458161963306 0.24308300395256918
4 0.6812085435886355 0.8216403162055336 0.08249489780040298 0.2964426877470356