0 0.5560837724730973 0.6819694476679743 0.022348275201459527 0.03876750315458304
4 0.6634947037600175 0.79300832219038 0.07743268092510915 0.23498306374892472
4 0.6723410701377981 0.2963920852461681 0.03886340227166481 0.16245200618276276
1 0.6747071220414579 0.252396757855611 0.03635675281424028 0.07547248906888547
4 0.06729401908446428 0.4019580019944141 0.058937741208138134 0.18538623728275716
3 0.17804959615157256 0.5095038854309841 0.06800762924670122 0.2408141871611914
3 0.30970333430754826 0.5120939786471932 0.06682217919911675 0.21807541674654515
3 0.5184175031000294 0.6482694599477618 0.0961664276857059 0.18774769439474728
3 0.6116556738690956 0.5914764891045453 0.0650973342343405 0.20027160895066282
3 0.632755472533352 0.5947165310681655 0.04584035319491578 0.2573826523860548
3 0.5605822878324581 0.32570965816316616 0.04503269168088536 0.18030180472813875
3 0.5410635044515403 0.3486381404194739 0.0799842097657942 0.16584184749305003
3 0.4984697727490305 0.377734053443721 0.08173814387962516 0.1925389359213433
3 0.5372487692970457 0.41092847233031504 0.059512689529730226 0.19132083988138465