2 0.9390179368868342 0.9160516280343606 0.02382466160610937 0.03610505227689463
5 0.9143069830551949 0.9209186020936546 0.020345637317342635 0.031970926273958575
8 0.8806476044591075 0.92126731422884 0.03942001516262355 0.04548730781469764
7 0.8334970648967431 0.9263667630449244 0.023316238438497755 0.04634499302503898
7 0.74897064857209 0.935439735362763 0.027932620548358423 0.04844186048250579
4 0.7996962833550094 0.7289576517583659 0.19708789496621648 0.48971373836710225
3 0.9110328861360045 0.37583365443494005 0.0862738328697807 0.26009756248177296
3 0.9905203239381186 0.4923087425462672 0.018959352123762655 0.4684522970012237
3 0.7908768002759942 0.39193603807273686 0.11384491896052651 0.25321155411182
3 0.4346204769707441 0.5124380497507058 0.1724999939495919 0.33680540740168313
4 0.1428956182944643 0.469862978848297 0.06977504627530008 0.20050442801998328
3 0.03659202630531054 0.4924821371628736 0.06881885878907724 0.318314414198843
3 0.23192915718512566 0.7102479069924925 0.279935457995487 0.5776563097430928
3 0.37748458106106303 0.5304491912119662 0.1319827914611644 0.2995028991160614
0 0.39494979931862145 0.5174600069811935 0.027946010713455254 0.05049104081037487