7 0.7290652758040074 0.8881340692844923 0.03348847546162536 0.048120714632554504
5 0.8870351799762349 0.8586770957548929 0.020109892340873455 0.03401076870048123
2 0.9120254835932166 0.8551952554326512 0.0212177713243121 0.03304562256109219
8 0.8542751789006573 0.8647902648800669 0.031233931962675696 0.03819329940145116
7 0.8109628543971968 0.87211003975219 0.03237090009516881 0.046121433894473186
4 0.8277166033089488 0.8134589531604836 0.06686419685886247 0.23160542525970448
4 0.012646742159826727 0.6391095997866476 0.02181571494377126 0.21585194667176413
3 0.06452349712522233 0.7022695276793108 0.061408837261162336 0.2621228555613934
3 0.18701846373163422 0.6132660021687696 0.057397127520708864 0.2244929619109156
3 0.3382839761627216 0.3176254106168633 0.0449712812551032 0.1619870397999276
4 0.5440365063042362 0.28866181594265783 0.03604037470646846 0.14895722077274842
3 0.3610296178658508 0.3922585527458179 0.03841773905698296 0.19643404311847606
1 0.22410114885769114 0.31504755388553607 0.034092512932272334 0.06295434709645671
3 0.3399077499141219 0.6441949402082969 0.055714300215678476 0.21951775621881361
3 0.42447520041221004 0.7649826258796742 0.08757166241503758 0.27847354183910805
3 0.7562427530901734 0.36431482543034976 0.04887633078235568 0.1670082377982315
3 0.6347409249348173 0.41722816111190064 0.04782986222469971 0.18674808749493305
3 0.7095328231040826 0.5219127152968241 0.05900238376159324 0.20575275258325473
0 0.8458184691095224 0.5724553703364234 0.018430297163515914 0.030023705300869362
3 0.8695974656575378 0.5383641151000887 0.06845975671672881 0.20990078905457327