6 0.6825343179797633 0.8188405797101449 0.09311818860905943 0.04057971014492753
6 0.4123326158528776 0.8768115942028986 0.037620044393172944 0.030434782608695653
7 0.5957969528246255 0.8586956521739131 0.044244982750457004 0.06086956521739131
7 0.47353563948979904 0.8855072463768116 0.045881049495816624 0.06231884057971015
8 0.5346129106879031 0.8557971014492753 0.0417268200692463 0.0391304347826087
5 0.5518343198896271 0.8840579710144928 0.02213672750037751 0.034782608695652174
2 0.5233075500969265 0.8905797101449275 0.021306830690073525 0.030434782608695653
0 0.4861156025872615 0.3681159420289855 0.022150963625526886 0.0391304347826087
3 0.5261541567856012 0.3898550724637681 0.07418770317210167 0.23768115942028986
4 0.7933062142257076 0.14782608695652175 0.0871813296339847 0.22028985507246376
4 0.0627413408881254 0.8521739130434782 0.09546606161187683 0.2594202898550725
3 0.41718488471739323 0.24130434782608695 0.05697341203295222 0.21159420289855072
3 0.5845738205619243 0.5449275362318841 0.11594299549164618 0.2855072463768116
3 0.5326420230898399 0.6275362318840579 0.1183757414219619 0.2811594202898551
3 0.6664074589443343 0.377536231884058 0.1297333011384853 0.26231884057971017
3 0.7617448516064721 0.34855072463768116 0.07912437565847892 0.25072463768115943
3 0.8820123662030818 0.4601449275362319 0.08082687765453501 0.27246376811594203
3 0.3060966052955476 0.4420289855072464 0.08395664989376252 0.2318840579710145