0 0.33931102847179506 0.6047807729212608 0.03073547037449477 0.054640836221324034
4 0.09425169217237603 0.6507396727334243 0.10706497113479688 0.3123579667743198
4 0.36541068184631337 0.06906518777849793 0.06258141408515103 0.13813037555699587
3 0.43785261369262674 0.13993585213477205 0.11211169261439302 0.2798717042695441
3 0.5770136144264151 0.22414285549823315 0.07291788298323157 0.2669045623217051
3 0.6510041855196733 0.456376903875069 0.10708517261651412 0.31544438652740625
3 0.6322046310736381 0.47759630997010805 0.12619249557959478 0.31738264760197393
3 0.5782084236641685 0.5057158089131377 0.11414072521040294 0.33256335015048144
3 0.7290278740319464 0.5365419303581674 0.101231000026514 0.34926930570289455
3 0.4112235836604565 0.5577746395706444 0.14403783409363552 0.2591177666187189
3 0.3500206166233606 0.559812204029858 0.14604666520792828 0.3008203470306607
3 0.22707045885937005 0.38182448126146157 0.11385790446636267 0.28935347360727154
3 0.1218438225608348 0.41331825050491716 0.09920196743050397 0.3044803055378665
1 0.8248942833209603 0.1449510727224783 0.05804922223106009 0.11692589433481418
6 0.30111062141949785 0.8053896190206992 0.0993825644493938 0.06686189829548714
6 0.5887343740054324 0.8866192953297486 0.04103092815085832 0.03633780017445515
7 0.5236150562274778 0.8902808755923739 0.05341602296838369 0.07208302355187358
7 0.39452224660073537 0.8551478076400493 0.05782700593217142 0.08297527705086356
8 0.46004528993389193 0.8561068785707348 0.059371202966969565 0.053690203141817716
5 0.43990324919108903 0.8835260594809028 0.028050497780959423 0.04224128659106581
2 0.46891240511619003 0.8937269733833498 0.033258831114292856 0.04234902782689089