7 0.707921875 0.9275092592592593 0.021307291666666592 0.04021296296296302
7 0.7824739583333333 0.9273518518518519 0.021437499999999925 0.04012962962962956
5 0.8571822916666666 0.9266481481481481 0.017765625000000066 0.02736111111111107
2 0.8799843749999999 0.926962962962963 0.02170833333333325 0.03169444444444446
8 0.8269895833333333 0.9266574074074073 0.03655208333333325 0.031101851851851776
0 0.44628645833333336 0.2131851851851852 0.011854166666666662 0.023111111111111093
3 0.44825 0.2995 0.032572916666666646 0.16750925925925922
3 0.423703125 0.3488888888888889 0.05014583333333332 0.18481481481481485
3 0.2431458333333333 0.34203703703703703 0.03382812500000002 0.15073148148148144
1 0.25927083333333334 0.27605555555555555 0.030661458333333336 0.061379629629629597
3 0.2880625 0.5936388888888889 0.03303125000000004 0.2206111111111111
3 0.27556250000000004 0.7322222222222222 0.06325000000000003 0.27924999999999994
4 0.35628645833333333 0.8192685185185185 0.05177604166666671 0.25149074074074085
3 0.5905572916666666 0.7402037037037037 0.05677083333333333 0.25262962962962954
3 0.5363854166666666 0.5876851851851852 0.033848958333333276 0.23833333333333337
3 0.5458697916666666 0.46775925925925926 0.059067708333333316 0.2151388888888889
3 0.6915052083333334 0.491824074074074 0.04824999999999993 0.21513888888888885
3 0.6671302083333334 0.5467777777777778 0.04324999999999998 0.2176296296296296
3 0.8498333333333333 0.5566574074074074 0.04511458333333328 0.21701851851851856
4 0.9551614583333333 0.35917592592592595 0.04535937500000008 0.18872222222222226