8 0.19187775128135345 0.9849183913659291 0.04292844486350674 0.030163217268141817
7 0.24133335035040632 0.9782627435144666 0.03024073177759379 0.04347451297106674
7 0.32375149293295646 0.9657644832461618 0.03256564699138585 0.048689093075528274
2 0.13431356676113054 0.9898110365798589 0.024954962052100745 0.020377926840282085
5 0.15803536841349372 0.9883935205572562 0.023807655043670682 0.02321295888548779
4 0.5772016380385622 0.872863469956928 0.08590104396024645 0.25427306008614414
3 0.8010352068656759 0.7490006225711094 0.11510557311816111 0.33759888114481296
0 0.672728290794754 0.17927717008788543 0.023292920533490264 0.04447809999222044
1 0.6556531647358357 0.1780717935658451 0.043096784846462635 0.08377625453293283
4 0.7390186755847629 0.27718173037435545 0.05449617117592709 0.2073467676670976
3 0.173655844100841 0.45754197980325023 0.05930087438783084 0.2608925934268585
3 0.2519781877185639 0.6954839439952955 0.08372426793145553 0.2971522115874141
3 0.6453665056937096 0.39452185656336763 0.08976718174258551 0.3754013662150989
3 0.6748231589883934 0.37733740113163794 0.0816754302897109 0.37840399006555847
3 0.6944020264807017 0.6131286351530948 0.09140902246324153 0.3466127381178077