2 0.9644125653848606 0.8736065710106509 0.07117486923027874 0.05298957916275609
8 0.8178956713117508 0.9107580617036048 0.03166402301168096 0.04384664809384478
7 0.8553164435351116 0.8037990086783259 0.05184860340051945 0.06726566134626775
7 0.9174893717841922 0.7875186813218021 0.052395243525416926 0.06823840586252587
3 0.13346574197962557 0.3466311813916515 0.0648323685967566 0.21536412371150163
3 0.3988530177132423 0.7337950743202049 0.09757702440212125 0.2572877888842844
3 0.3290032325594456 0.6460342597981525 0.06275963520216445 0.24628939322867385
3 0.2790611835161174 0.4139003008059944 0.04236953365152584 0.16000771073060313
4 0.536987102975234 0.26425463163298596 0.04238534297166439 0.16484330067257605
3 0.5585005224839302 0.3616694240533218 0.06033277303647068 0.168897448045653
0 0.6983355094168741 0.3292691253843865 0.01584623989396495 0.02627535499469802
3 0.7335872925687449 0.3069075769682474 0.07772091552026911 0.16811037894889325
3 0.7523072548604819 0.29791407128979286 0.08972170335578727 0.18177381439941648
3 0.8205817566762077 0.31941323728715726 0.07072209727354635 0.1883467118429529