6 0.3025080495423877 0.7954552975639648 0.10260731253765926 0.05507176530508146
7 0.3948044602243941 0.8407954227570718 0.04536109766639069 0.06836809745396556
8 0.45991115199080507 0.8393504578869767 0.0574532730503042 0.049975272789387515
5 0.44072050107804234 0.8680973595163608 0.023558704787728146 0.03727944661249342
2 0.4684705027586323 0.8762977135997705 0.02703092700995037 0.03731535914219065
7 0.5240437340123983 0.8703218785567133 0.04883837008810153 0.06994721986020634
6 0.5887340736992419 0.8634801681849289 0.03917865458823952 0.035897843119587915
4 0.6485418179197718 0.7571552895706536 0.05427396239842529 0.13944553309919627
1 0.3441054603074549 0.1530714838966832 0.0410410206865676 0.07449604629801682
3 0.15679173893203913 0.363335115701244 0.06484213504975228 0.18584956698458444
4 0.018925226061358817 0.4913103376994653 0.037850452122717634 0.24268796657637803
0 0.35020457509404285 0.1460641925252686 0.019203276411484498 0.03260492632074234
3 0.2922740581920586 0.3418727986479893 0.0797152340824362 0.22149602239629157
3 0.33823807594084926 0.35451424158011796 0.07475436052404819 0.297059437552363
3 0.28999000043642603 0.5093290265177763 0.10590335653427453 0.26651845278877406
3 0.37370209873141014 0.39272638506430135 0.07798922337030254 0.22456448588452937
3 0.42745084038301306 0.4137746791255989 0.07355299180223993 0.19519860756808677
3 0.456810408809249 0.593248884174244 0.08846649243083328 0.24319074199213958
3 0.5294956344341818 0.2653476944220776 0.07436549516342003 0.17823227705853587
4 0.6333217020136112 0.23572542488132273 0.0631868271304599 0.2105229687444271
3 0.8182719300283262 0.7476840152989841 0.10423794821600493 0.28810543479553036
3 0.8270666938288739 0.44744889111951097 0.0753699061051698 0.21990792185762675