8 0.8262604166666667 0.9269166666666667 0.037197916666666705 0.03025925925925932
7 0.78140625 0.9248703703703703 0.02527604166666677 0.036083333333333356
2 0.8783124999999999 0.9243333333333333 0.02073958333333342 0.028388888888888963
5 0.8569895833333334 0.9273333333333333 0.019463541666666608 0.03244444444444441
7 0.708296875 0.9235462962962963 0.02000000000000005 0.039685185185185094
4 0.39171875 0.8722222222222222 0.063921875 0.25555555555555554
3 0.3051770833333334 0.7877962962962963 0.07834375 0.28299074074074065
3 0.9875 0.7 0.025 0.17777777777777778
4 0.9869791666666666 0.33611111111111114 0.026041666666666668 0.19444444444444445
4 0.356 0.3039351851851852 0.03415104166666663 0.1782314814814815
1 0.38675 0.2434537037037037 0.03731770833333338 0.05726851851851854
0 0.4043072916666667 0.294962962962963 0.018265624999999966 0.030666666666666672
3 0.38859895833333336 0.4381203703703704 0.03893229166666667 0.22809259259259262
3 0.40341666666666665 0.4555185185185185 0.05190104166666672 0.26659259259259255
3 0.45748958333333334 0.6682222222222222 0.08087499999999999 0.28089814814814823
3 0.475296875 0.5016296296296296 0.03732812500000004 0.244
3 0.49428125 0.4467314814814815 0.0648802083333333 0.24901851851851856
3 0.5427395833333333 0.4992037037037037 0.08054687500000005 0.19099999999999998
3 0.6044322916666667 0.28329629629629627 0.053932291666666764 0.2184444444444444
3 0.6087395833333333 0.536425925925926 0.0667083333333333 0.24321296296296302