7 0.1802291666666667 0.848037037037037 0.047187500000000014 0.05162037037037037
7 0.11982291666666667 0.8501018518518518 0.04721354166666666 0.048342592592592624
2 0.07146875 0.9443148148148148 0.09008333333333332 0.033074074074074096
8 0.22417708333333333 0.9448240740740742 0.02883854166666667 0.030379629629629683
4 0.20877083333333332 0.7073981481481482 0.041770833333333354 0.2073888888888889
0 0.3822604166666667 0.3786203703703704 0.022093750000000037 0.03871296296296302
1 0.3894375 0.37197222222222226 0.04269270833333335 0.07726851851851856
3 0.44507291666666665 0.5270555555555556 0.05395833333333329 0.29856481481481484
3 0.6744166666666668 0.3764722222222222 0.0439062500000001 0.23812037037037034
3 0.829046875 0.850925925925926 0.05523958333333331 0.29814814814814816
3 0.38540104166666667 0.6852314814814814 0.06937500000000002 0.29269444444444453
3 0.32292187499999997 0.8431296296296297 0.10132812499999998 0.18996296296296303
4 0.8870885416666667 0.3876574074074074 0.058828124999999905 0.25309259259259265