6 0.3351510067114094 0.8940298507462686 0.09563758389261745 0.020895522388059702
7 0.4261744966442953 0.9156716417910448 0.024328859060402684 0.056716417910447764
5 0.47315436241610737 0.9328358208955224 0.02097315436241611 0.028358208955223882
2 0.5016778523489933 0.9328358208955224 0.02181208053691275 0.023880597014925373
8 0.48825503355704697 0.8992537313432836 0.04949664429530201 0.029850746268656716
7 0.5524328859060402 0.9164179104477612 0.03942953020134228 0.05522388059701493
6 0.614513422818792 0.8925373134328358 0.03691275167785235 0.023880597014925373
1 0.2688758389261745 0.20597014925373133 0.040268456375838924 0.07761194029850746
4 0.19085570469798657 0.29701492537313434 0.04949664429530201 0.21194029850746268
3 0.3066275167785235 0.41044776119402987 0.08221476510067115 0.2417910447761194
3 0.3309563758389262 0.2671641791044776 0.04530201342281879 0.20298507462686566
3 0.36199664429530204 0.4298507462686567 0.04949664429530201 0.24776119402985075
4 0.49203020134228187 0.7776119402985074 0.05536912751677853 0.13582089552238805
3 0.33305369127516776 0.6365671641791045 0.06291946308724833 0.2253731343283582
3 0.3276006711409396 0.7373134328358208 0.05201342281879195 0.21791044776119403
3 0.5562080536912751 0.3328358208955224 0.1115771812080537 0.1925373134328358
3 0.6417785234899329 0.4746268656716418 0.050335570469798654 0.21641791044776118
4 0.8301174496644296 0.2455223880597015 0.04865771812080537 0.20746268656716418
3 0.8280201342281879 0.6044776119402985 0.0662751677852349 0.2626865671641791
3 0.7013422818791947 0.5634328358208955 0.04949664429530201 0.2537313432835821
0 0.7726510067114094 0.3402985074626866 0.016778523489932886 0.03134328358208955
3 0.7860738255033557 0.3753731343283582 0.05956375838926174 0.22835820895522388