4 0.8215972233300344 0.42266745867878336 0.06219097311760942 0.210528056344269
4 0.5384600161497259 0.7361514689348782 0.06578196357156343 0.1558344893040239
4 0.15971446564558905 0.14137802423133985 0.06138270131118125 0.2077027248084978
0 0.23091536077984678 0.2775639669859065 0.022383448302214403 0.04118793468698652
3 0.3501562166358401 0.20977904830533586 0.054117446248800244 0.1836792353685796
3 0.21435581003636223 0.4029235079638838 0.07685935117446979 0.27964245095444246
3 0.30272719371546586 0.4467473563321382 0.08604390590510909 0.23489474399043833
3 0.3573536445226007 0.4645803792403308 0.06975953763060656 0.28089986039092874
3 0.39961217485566447 0.342903181327318 0.06309115687876983 0.2273983317002649
3 0.53017343159939 0.3149175537302204 0.07726321038007687 0.22067002968122496
3 0.6584661232468753 0.30243039265054866 0.058562664486548545 0.13883347177421793
3 0.652551697221449 0.42476031744617676 0.07263416823286428 0.23742590563513713
3 0.7651852985842172 0.6148717169698553 0.08763287593154584 0.23633192391591332
3 0.7192668438311505 0.7808722017752071 0.10025272418830881 0.2337844194994882
1 0.7111037870244885 0.25779610110219375 0.04159814774702839 0.08090600390504557
6 0.6120627487145854 0.8772041137113449 0.08955162220458995 0.04679055342978444
6 0.35284087580683904 0.8010956972943859 0.03655550180352127 0.03445963266794665
8 0.4692303557468648 0.8408281413113023 0.03975182424734146 0.04014298128294122
5 0.4816988259759268 0.8749849407090963 0.0207301399074652 0.029919294087353925
2 0.45439249396896436 0.8671218000415167 0.027848335842274773 0.031470873414913045
7 0.5255284973396954 0.8726734224962671 0.04860604933615957 0.06560365064833439
7 0.4075868121551256 0.8371871471688708 0.04860604933615939 0.06560365064833439