0 0.46676364132801257 0.2006456929764762 0.01448179258790925 0.027791141890760825
3 0.4639502276967911 0.2954214733439044 0.04757683406478828 0.1903691653065131
3 0.43423542824971795 0.3449234008460703 0.06832490570654387 0.2142173301994734
3 0.23714951959645406 0.30470222202057656 0.048035751164917234 0.1730694056868278
1 0.25843931730288244 0.23551467616332075 0.03766464293465339 0.07408996280599847
3 0.2716154571924922 0.5881408625014952 0.051967504031153765 0.24951524715405238
3 0.24999342162797325 0.7377942475442945 0.089040094242462 0.3205383708017319
4 0.3336010596524039 0.8363815919913238 0.07265566464246219 0.26419844259691083
3 0.594294220169034 0.8039925488325634 0.08025915510969736 0.2898107325104528
3 0.5436441576077699 0.6268097775750032 0.05438231239265985 0.26891091335962913
3 0.5608226697566032 0.4976177860431537 0.0799928838632651 0.24907753495444468
3 0.7187974883726214 0.5503614390668475 0.06796584032382672 0.24679203890266163
3 0.6891226296125129 0.6059733462024146 0.06282375568622339 0.24770372476699806
3 0.888234125329359 0.6497172071183953 0.06511208520567419 0.2477511221334707
4 0.9914694917606984 0.44944805646131814 0.017061016478603207 0.20916051508956093