6 0.3431255909425634 0.8830769230769231 0.09856114860591704 0.03538461538461538
6 0.6305697809982949 0.8461538461538461 0.03895556024732999 0.02923076923076923
7 0.43771783264702896 0.8930769230769231 0.04510596994165653 0.06153846153846154
7 0.5676280259735225 0.8761538461538462 0.0502923411245675 0.06307692307692307
8 0.5011089507152714 0.8684615384615385 0.05193907231888922 0.038461538461538464
5 0.48697579880305375 0.9038461538461539 0.022563033036132156 0.033846153846153845
2 0.5163242059062252 0.9 0.030325005696216968 0.03076923076923077
1 0.27940647135754815 0.14615384615384616 0.04259065685630621 0.08461538461538462
4 0.14459376469297866 0.24846153846153846 0.0594252989408754 0.2153846153846154
4 0.47084143351567276 0.7230769230769231 0.065369723296472 0.18461538461538463
3 0.17502513871152411 0.7084615384615385 0.07953833131613255 0.2923076923076923
3 0.19198731787095957 0.6138461538461538 0.10545511513273183 0.2953846153846154
0 0.3449570598294903 0.3861538461538462 0.01910377756997412 0.03230769230769231
3 0.3690741673347625 0.49923076923076926 0.069024916036056 0.24615384615384617
3 0.39038427998199227 0.41384615384615386 0.06401941002861501 0.3
3 0.4093722169220923 0.2784615384615385 0.056920033920828964 0.24153846153846154
3 0.43438496274022026 0.13692307692307693 0.06462171818909025 0.22
3 0.6151951172632877 0.23692307692307693 0.07581782615207333 0.21076923076923076
3 0.5795534034140885 0.2969230769230769 0.06648448278744601 0.26153846153846155
3 0.5683098550197911 0.4238461538461539 0.10108206148167768 0.2784615384615385
3 0.6681311721847094 0.44846153846153847 0.08720987138848227 0.26153846153846155
4 0.8160649760610083 0.13307692307692306 0.07324724870755157 0.2169230769230769