3 0.7895438455990126 0.35273519265713094 0.13202665008202094 0.29310838683716467
3 0.7296486226755509 0.3495996896793027 0.09412752600442038 0.27863173231268373
4 0.8066321267717464 0.13611875567427895 0.11262696978313082 0.23455928601868126
4 0.3201537009615476 0.8956567721059513 0.13684844308491553 0.2086864557880974
7 0.36283390835551615 0.9901747618547934 0.0458383107828542 0.019650476290413166
2 0.415069143539933 0.9829250640735594 0.03628309465130862 0.0341498718528813
8 0.46841624422493733 0.9700631523059591 0.05953239610615894 0.05987369538808178
5 0.5220458307856478 0.9601043024963405 0.03632582447477897 0.0516824357222345
3 0.8139698606540446 0.7392930709491321 0.12207409458344641 0.35940142412429027
3 0.4337995610738436 0.6659404647641548 0.11392125876084148 0.2848728027788643
0 0.47117296797290725 0.6059675127344049 0.02957245873381152 0.05966049009071397
3 0.41983923608122403 0.5430635755131861 0.1642563351885111 0.30149029458286336
3 0.3435552786847497 0.7112816591607817 0.20097621212082134 0.3008646999527949
3 0.8647510150679173 0.46015054723454707 0.12932012006687657 0.3292964259226226