6 0.3507285515983621 0.8298022598870056 0.09057315430637304 0.029661016949152543
6 0.6154895858100972 0.8538135593220338 0.03579739756872796 0.025423728813559324
7 0.43653518381758355 0.8580508474576272 0.0406562661608152 0.05508474576271186
7 0.5564133922608278 0.8693502824858758 0.042248185073363705 0.05649717514124294
8 0.4960266720646657 0.8481638418079096 0.03979335548846256 0.03389830508474576
5 0.48025062002183233 0.8778248587570622 0.02073650179035003 0.031073446327683617
2 0.5084344578469291 0.8806497175141242 0.01992899902095901 0.026836158192090395
0 0.521046391730682 0.3686440677966102 0.020750353766090253 0.03531073446327684
3 0.48343109088671155 0.3940677966101695 0.06343718473789908 0.22598870056497175
4 0.21332406026935274 0.19138418079096045 0.0776628737954051 0.2076271186440678
4 0.9549551112060378 0.7874293785310734 0.08731135110087782 0.2457627118644068
3 0.5821226083280436 0.2365819209039548 0.048279325129338496 0.2019774011299435
3 0.4335490972549032 0.5515536723163842 0.10325362685259572 0.2669491525423729
3 0.4873629354017882 0.6257062146892656 0.10562534458305443 0.2641242937853107
3 0.3465424896203134 0.3990112994350282 0.11746084660911449 0.24293785310734464
3 0.2528385967291817 0.3827683615819209 0.06744699463337418 0.2387005649717514
3 0.14133554212089047 0.5056497175141242 0.0691035560993776 0.2598870056497175
3 0.6993826012889229 0.4180790960451977 0.07373155842912552 0.2189265536723164