2 0.9227305883961413 0.8560124368901045 0.022979118507066628 0.03507548651776947
5 0.9002899907247223 0.8628417610266719 0.019779888764275024 0.03127613908004271
8 0.8685716638679026 0.8667503582124936 0.030964879579951903 0.04269061594071139
7 0.8265666599038584 0.8752602287680764 0.02304684156958535 0.04543330196033068
7 0.7491673302685029 0.8918776373676011 0.027291959086483675 0.04736036659167494
3 0.7511960566484328 0.5548216511514876 0.11006054944276931 0.32597630629137
3 0.6924497649392501 0.3899119115569546 0.07528114660226541 0.26629819053081244
3 0.670615225822521 0.40851695869711024 0.09082207449168915 0.29658888456519816
3 0.6095171693694102 0.5717150801634123 0.11851963057937774 0.24414853143900286
3 0.6676939716892331 0.6495250080818625 0.09468585088861849 0.32110934107054345
3 0.2668483601251346 0.7183453245492735 0.10815310246901681 0.27699565328813747
3 0.1839217358538652 0.8593980094989471 0.11084170160884939 0.28120398100210586
3 0.11522356265512058 0.5896653984700622 0.12344160803450797 0.2686799443093406
3 0.1912443605023475 0.4835859119564921 0.09859850973497163 0.27218894807476907
0 0.5613511073255504 0.6898524160791247 0.02515093040189289 0.043571975518940445
1 0.6850139112687246 0.2236503164931773 0.05190147567518194 0.08904362475674449