7 0.29191195717665874 0.9473416606826223 0.030664106495522613 0.04245078101969616
7 0.21426813016653035 0.9502834866216522 0.03013779070604893 0.042445333613506185
5 0.14083176745650153 0.9542052213982175 0.018515975117968236 0.02921687644511549
2 0.11740459079354265 0.955835470998791 0.022741811512207583 0.033942103634710626
8 0.17031157569840782 0.9526376169688293 0.03432075888062867 0.03406194657089137
4 0.4704447733809218 0.9123349012760954 0.0884826438545808 0.17533019744780928
4 0.1616493256457253 0.7044122228334389 0.08364510614075063 0.31078033640479397
3 0.16341146759174152 0.8887432370533486 0.08810024280253592 0.22251352589330295
3 0.38549582300360985 0.6571019022994088 0.07645734401382769 0.3659475184110173
3 0.4995427069345867 0.6278505541290641 0.05952031626428044 0.33674698418447196
3 0.6896777865341479 0.42756442934624006 0.08202635256835995 0.2985917095420292
3 0.6562310576784064 0.2741231840065335 0.05873372914115886 0.2571535217970086
3 0.6154641982026685 0.42773267466146037 0.0741316157262547 0.2985099984491787
3 0.5512691574199301 0.34185937489381807 0.04410405758504471 0.28977253000421194
3 0.4659109015842028 0.4505301805918805 0.08000988786547443 0.3257234779697034
0 0.38944083122737705 0.3359708143443154 0.021710614043090094 0.040485515938435544
3 0.3743302477533356 0.5305775649812056 0.06412855371056474 0.297470168143553
3 0.4091084270704134 0.5182966443515455 0.05742730116914572 0.34047051291177177
1 0.3842773642971655 0.2249585603995448 0.04711462465956581 0.08381815248424629