7 0.7426701570680628 0.8736057649784359 0.024607329842931937 0.04587843389303071
7 0.8167539267015707 0.8534225460941252 0.024607329842931937 0.0458784338930305
5 0.8908376963350786 0.8327737778615835 0.019895287958115182 0.032794299378786085
2 0.9133507853403141 0.8269545662059697 0.024607329842931937 0.03749854562487407
8 0.8607329842931937 0.8408421901389297 0.03926701570680628 0.041374615675811556
1 0.2413612565445026 0.36935011130619216 0.034031413612565446 0.0590113211710541
3 0.34659685863874345 0.36671452824474154 0.048167539267015703 0.13271437648287518
4 0.14554973821989528 0.589029196170806 0.05706806282722513 0.19984557118193136
4 0.3143979057591623 0.8607947921801476 0.06596858638743455 0.2204218310578961
4 0.7821989528795812 0.28928476511877776 0.03821989528795811 0.15402672400018605
3 0.7287958115183246 0.3827732021385939 0.0612565445026178 0.18126693304272046
3 0.6489528795811519 0.48902346373433814 0.07382198952879582 0.20188111173495785
3 0.6298429319371728 0.5121032116038913 0.05235602094240838 0.19793462102522863
3 0.5052356020942408 0.5285048470834004 0.06492146596858639 0.20737561535992421
3 0.6227748691099476 0.6693857621602713 0.08691099476439791 0.21877631261510117
3 0.6837696335078534 0.6583781058967483 0.10052356020942409 0.26454099005931425
0 0.7183246073298429 0.5702812500005873 0.01832460732984293 0.035571344546912076
3 0.1180628272251309 0.8340893115664529 0.07277486910994764 0.22980323868130625
3 0.25078534031413613 0.720937374748089 0.06492146596858639 0.22599758928916072
3 0.3324607329842932 0.47783456418059284 0.042408376963350786 0.18293411938052834