4 0.31697952218430037 0.8361355716356157 0.06569965870307168 0.1305409971384795
4 0.9628839590443686 0.4838430298786291 0.06484641638225255 0.2900977812517483
1 0.6505972696245734 0.12633360065322635 0.051194539249146756 0.08920693496678583
0 0.6659556313993175 0.16400921013279546 0.023890784982935155 0.04304834270081211
3 0.681740614334471 0.3202170110610963 0.0947098976109215 0.3256711275608942
3 0.6126279863481229 0.39611749788631795 0.06996587030716724 0.2719668030159041
3 0.37329351535836175 0.4383118945399323 0.08617747440273038 0.26318425744738233
3 0.5341296928327645 0.19257725004308965 0.07508532423208192 0.2386382563910022
3 0.2947952218430034 0.4201819810432086 0.11433447098976109 0.2744061263903607
4 0.23677474402730375 0.2762477130126581 0.06399317406143344 0.2323293374014914
3 0.35409556313993173 0.6036034009275529 0.08020477815699659 0.31321244532841014
3 0.6518771331058021 0.4659727281909108 0.06484641638225255 0.2824989970572196
3 0.48293515358361777 0.5462218749794804 0.10238907849829351 0.3167117422739973
3 0.7491467576791809 0.5483032599607046 0.0674061433447099 0.2779927784560147
3 0.7858361774744027 0.6356887458282265 0.12713310580204779 0.3126653069405678
7 0.44795221843003413 0.9367645470041497 0.03668941979522184 0.07066922537867903
7 0.5746587030716723 0.9014637051498047 0.029863481228668942 0.06292896940944998
6 0.3553754266211604 0.9409628932068788 0.10324232081911262 0.05837076363185295
6 0.6369453924914675 0.8629387326524747 0.03924914675767918 0.037287626838264115
8 0.5102389078498294 0.9043186018624428 0.05546075085324232 0.051301433853328936
5 0.4970136518771331 0.9425866243985688 0.028156996587030716 0.04161700572109391
2 0.5264505119453925 0.9336178647561926 0.024744027303754267 0.03546724247812072