3 0.5520708397621922 0.5388960308148469 0.1115714990315392 0.21699589449486767
3 0.3215410200567189 0.4314761745712854 0.06151142361501293 0.19758533654597446
3 0.8925552274009333 0.5303950757873988 0.07785687567345996 0.21049547349382008
3 0.5786267895642032 0.4324395659727583 0.06425727169560995 0.20634566562464496
3 0.433636482637121 0.38853338439588314 0.06974896785680422 0.22386632378198615
3 0.35108050126924445 0.655734674731961 0.08813869653359396 0.19716963695214954
4 0.013247105790269706 0.6438698848200036 0.023060427246464683 0.23837241604664652
4 0.3630168332440886 0.8155563796421633 0.1269406598092162 0.26373265416327607
3 0.8208819525828918 0.30265668601729767 0.051239088346962156 0.21381252705282866
3 0.36135125560528164 0.6385962946392021 0.09739047442448746 0.20122941732833383
3 0.3117187068847737 0.33641198785533666 0.04004701299874608 0.11494142350410363
3 0.49414875721938295 0.2779886668054214 0.05826952523396175 0.2033205238565986
4 0.6571938164122665 0.2750961948124568 0.0555616195216969 0.206165610638663
0 0.3771469056748037 0.6489082428494503 0.023483392322388295 0.03530014535703151
1 0.2870266262755801 0.26486810236801445 0.03228654787324276 0.06836221194842941
8 0.21192215323822705 0.8994448137728597 0.049045841767423944 0.04163176480872122
2 0.15217432504687953 0.9113209896738261 0.050685762142115745 0.04456687908377655
7 0.14445514532968315 0.9608071819129962 0.028949793571360856 0.04508385960721602
7 0.2742847933289692 0.939258809786196 0.031117382886783673 0.04319463737692258
5 0.27494507938291657 0.8918531481999257 0.0322011775444952 0.04225002626177564