6 0.7093975578386933 0.8410929822163041 0.09816603077010792 0.025177274756182904
6 0.4198985049611712 0.8463099943026309 0.038275247636263304 0.025481460420740315
7 0.6148502050759793 0.8646552196053939 0.0435845849593702 0.05645339918742924
7 0.48377381618709037 0.867366707373653 0.04879796849219215 0.05810435029979753
8 0.5501245139927149 0.8490176979749107 0.0504532764114845 0.03344890602038097
5 0.5662946461592436 0.8826361131150681 0.021807443078151165 0.03285632922334425
2 0.5367807572703547 0.8832466467847423 0.0296047924796851 0.028388311447451717
0 0.45047314581643927 0.10874491709302408 0.02181754347712841 0.03594274897643076
1 0.4530419610866852 0.09788857733930918 0.04011741293663659 0.05792478157342267
3 0.41201161955559185 0.2931949516703525 0.08256181032455946 0.2964410324476759
3 0.4528102306667029 0.2923509786563911 0.052452576652503545 0.37914587523869747
3 0.3670093754311456 0.4685204035332027 0.057256894026742756 0.25579682635106565
4 0.992704856069341 0.14613298280571246 0.014590287861317898 0.23178674831631857
4 0.2535766194464853 0.4245674791160971 0.04163189402674266 0.2554736026435909
4 0.600090446153542 0.7314638536829248 0.06289391556011677 0.12166326520026871
3 0.8428253140415668 0.6284421021839375 0.08260221192046895 0.30878671146002157
3 0.7185788719738818 0.19811262929177 0.0615012180142358 0.22656562305993191
3 0.6935722068241454 0.3822843323432176 0.05298226884231778 0.2757687703829399
3 0.6816040507059528 0.5715879168730043 0.06005296827397899 0.31449267227762
3 0.5368806037471346 0.38321073303946723 0.06417103727425497 0.2466812220729061
3 0.49442668471673124 0.40878197782339487 0.06771396228931871 0.268357987835061