7 0.707921875 0.9275092592592593 0.021307291666666592 0.04021296296296302
7 0.7824739583333333 0.9273518518518519 0.021437499999999925 0.04012962962962956
5 0.8571822916666666 0.9266481481481481 0.017765625000000066 0.02736111111111107
2 0.8799843749999999 0.926962962962963 0.02170833333333325 0.03169444444444446
8 0.8269895833333333 0.9266574074074073 0.03655208333333325 0.031101851851851776
1 0.3855625 0.35065740740740736 0.03236979166666672 0.0647407407407407
4 0.352828125 0.39395370370370375 0.03026562499999995 0.15365740740740744
4 0.45114583333333336 0.8969907407407407 0.05285937500000001 0.20601851851851852
4 0.9407031250000001 0.42338888888888887 0.037171874999999945 0.16854629629629628
3 0.9686770833333332 0.5372777777777777 0.041484375000000046 0.2018796296296296
3 0.5953229166666667 0.3721388888888889 0.05214583333333327 0.1586203703703704
3 0.5043958333333334 0.3549351851851852 0.04737500000000002 0.16126851851851848
3 0.5027760416666667 0.4819722222222222 0.05845312500000001 0.16997222222222216
3 0.4873177083333333 0.49820370370370365 0.04577604166666672 0.2047407407407407
3 0.5871770833333334 0.5472962962962963 0.05278125000000008 0.20802777777777778
3 0.4403020833333333 0.574 0.04809895833333329 0.20355555555555555
3 0.361328125 0.6258148148148148 0.06008333333333328 0.20532407407407408
3 0.351828125 0.6389722222222223 0.06124999999999995 0.22702777777777783