3 0.022485339313770437 0.5373345935727788 0.044970678627540873 0.276937618147448
3 0.04765363984420275 0.7755198487712666 0.0953072796884055 0.30907372400756145
3 0.19269257678003257 0.6072778827977315 0.0509500392297677 0.29017013232514177
3 0.38305984344217 0.3813799621928166 0.06723515797044696 0.2277882797731569
3 0.3921176922641448 0.45793950850661624 0.08486880880825805 0.2523629489603025
4 0.5724325539571065 0.29678638941398866 0.04161040536708078 0.1994328922495274
3 0.7252370422070471 0.4962192816635161 0.10394656940099638 0.23062381852551986
0 0.5327952559693845 0.4621928166351607 0.02298684026755604 0.03497164461247637
1 0.5622273214091232 0.24574669187145556 0.046527257561003954 0.07655954631379962
7 0.8369167984497888 0.8279773156899811 0.032082001494570175 0.05103969754253308
7 0.9198723124266069 0.8350661625708885 0.04327387639280247 0.057655954631379965
2 0.8081576290845931 0.9201323251417769 0.03468896792713051 0.03497164461247637
8 0.8586771656169102 0.9239130434782609 0.04160695613447673 0.035916824196597356
5 0.9222255224525194 0.9286389413988658 0.03149747856542838 0.03497164461247637