4 0.333203125 0.20480941222856197 0.046875 0.18985856001131257
3 0.096484375 0.538801461949211 0.06875 0.2514221843128881
6 0.34921875 0.8426407165287233 0.09140625 0.033835303133170666
7 0.433203125 0.8700724884008437 0.02890625 0.06032018608105021
8 0.492578125 0.8594951829336916 0.05 0.03714542697502957
5 0.4765625 0.8883305453001968 0.02109375 0.030991907560646344
2 0.50390625 0.8895906312327216 0.0265625 0.029716146969373212
7 0.55234375 0.8801759580592261 0.02734375 0.05473230815474734
6 0.609375 0.8633001690359529 0.034375 0.02709998104533295
1 0.701953125 0.21868749172496188 0.0375 0.07022018134238345
4 0.5734375 0.7271400878420947 0.0609375 0.17348279468137315
0 0.2109375 0.27797463116201787 0.01953125 0.03929291852323213
3 0.82421875 0.6983000505692838 0.08515625 0.2337060136501808
3 0.626171875 0.5539254122992657 0.06015625 0.21096663349599934
3 0.591796875 0.38793654236504393 0.04765625 0.20237472119668637
3 0.5609375 0.4164648422094483 0.03984375 0.2188797760096157
3 0.35546875 0.3254088949006021 0.059375 0.18039491675506997
3 0.359765625 0.4671644480868243 0.07265625 0.23344743468420118
3 0.39609375 0.4936103876511471 0.0859375 0.2309443970577768
3 0.26640625 0.3145387419902193 0.07109375 0.21119289009123154
3 0.3140625 0.5106634631869056 0.04765625 0.255152498974464