4 0.13872925371842135 0.4393411988236616 0.07373779950076265 0.22868321729863475
0 0.3914989923249061 0.49089982838390145 0.024875385524942263 0.04147755541252043
3 0.47543616063401595 0.46356112395647725 0.07276987735159936 0.2407658317242044
3 0.2962853523650407 0.8815512077731268 0.16167763816023525 0.2277100859977095
3 0.8191241893081954 0.8609566087145784 0.11299835622756348 0.1485010385869499
3 0.8699675886836546 0.8110284158283897 0.13656502463165252 0.22998333500467777
3 0.9048817057598331 0.1553666754857998 0.05996683751636666 0.20419295902098464
3 0.8185458712861768 0.18927182520243335 0.05247250587046857 0.178901613817477
3 0.5729719477706241 0.15804568656531534 0.04511220206557587 0.1740944399361295
4 0.9351449977437948 0.09050330951956348 0.05135837153111805 0.1686378595279629
3 0.6443450665164874 0.49078789744761847 0.08771589542125732 0.284830831255987
3 0.42087301022126794 0.5219450453103416 0.10113351127936705 0.25531736513885106