3 0.7764431867145526 0.4166456246441014 0.10894771856671279 0.2684320345740142
3 0.7172155562105537 0.39661541164894426 0.07082630019957246 0.26460651272945096
4 0.8147245394699779 0.206830776807429 0.09511051807216574 0.2114692154614049
4 0.25284272799067725 0.8642570389679527 0.11405062576292754 0.2634773022675584
7 0.2883864076204923 0.9480410113211073 0.04281103659925652 0.046429862358483016
7 0.10096743918444724 0.9549580959547748 0.04111447999483838 0.049430967459285435
2 0.34157184561821696 0.9469398260990836 0.03256881940368719 0.045205723732528284
8 0.39617273545916015 0.9437849059239498 0.05591725093866307 0.05378576238863407
5 0.4510696221171331 0.9441666071792467 0.03312771958034651 0.04218106386761829
3 0.7626449918295259 0.807139911503343 0.09155893552121262 0.34296572115544993
3 0.3922944238460068 0.6275482462755141 0.09130411589923117 0.26503049848338517
0 0.43536651950532085 0.5780701692880136 0.025203836734915004 0.05416192950672037
3 0.39046033976667577 0.5015655439816606 0.14250196449411792 0.2671026086172086
3 0.2979268538924754 0.6472158423037206 0.18170478041143678 0.2537452074930861
3 0.840573888250899 0.5443751408500351 0.10224753513828089 0.3067522444509079