2 0.09323775128161849 0.8900789718850474 0.022152486044829816 0.03368884418953075
5 0.1163701062462149 0.8941419100476944 0.018914168131257878 0.029831380538607618
8 0.14755290194513962 0.8938193152780622 0.036696765866495736 0.04244322411772935
7 0.19165299884521986 0.8976653362680255 0.021646130291125252 0.04324351165625073
7 0.2709790970379552 0.9044931279533831 0.02595346129092197 0.04520005337564615
0 0.5706815913607912 0.6461258556165533 0.021086600824095005 0.036545789065609124
4 0.6670747230028825 0.7751521628620068 0.07277805914278208 0.22541069712683365
4 0.7053035561582855 0.2991191615178284 0.03653134745117514 0.15620439254047228
1 0.7102750208912013 0.2574793246314 0.03464319206226993 0.07205768748365306
4 0.1178363091320189 0.2741248776444715 0.055417364793025094 0.17743156657812376
3 0.21771624476629983 0.4007249746664345 0.06366016925497375 0.23200830409931336
3 0.3441619864162224 0.43048865534944164 0.06250983166601512 0.2090526294725238
3 0.5364088721312398 0.6058480661261094 0.09144199803485897 0.17876024210138775
3 0.6293070216617803 0.5704690177921751 0.06138138913548495 0.19278911545758878
3 0.6494933349082792 0.5779086271440768 0.04167033221561156 0.2480326530264173
3 0.596176282674008 0.30407233498974423 0.04196399311601248 0.17346842533025192
3 0.5763416750672891 0.3219645526790419 0.07578491501011159 0.15852246288100738
3 0.5336607329604683 0.3410491774113276 0.07748227060414167 0.18435176832023578
3 0.5690087210072241 0.38131584294419807 0.05597376639456592 0.1831732662242146