2 0.879453125 0.926212962962963 0.020640625000000058 0.030203703703703604
5 0.856984375 0.9284722222222223 0.01736979166666662 0.027305555555555566
8 0.8267291666666666 0.925675925925926 0.03455729166666662 0.03762037037037047
7 0.783984375 0.9256574074074074 0.01955729166666676 0.04019444444444452
7 0.707171875 0.9261296296296296 0.023999999999999962 0.04115740740740745
4 0.7599010416666666 0.7657407407407407 0.16278645833333344 0.4685185185185185
3 0.8719010416666666 0.4363611111111111 0.07012499999999994 0.22827777777777775
3 0.96953125 0.55 0.0609375 0.4222222222222222
3 0.7626927083333332 0.43945370370370374 0.09544791666666678 0.21964814814814818
3 0.4368489583333333 0.5151574074074075 0.1458489583333333 0.28956481481481483
4 0.17475520833333333 0.4493425925925926 0.05708333333333335 0.17586111111111105
3 0.05297916666666667 0.4597685185185185 0.10310416666666665 0.28249074074074076
3 0.24707812499999998 0.6828055555555556 0.23504166666666665 0.5137500000000002
3 0.3847447916666667 0.5260833333333333 0.1103854166666667 0.259574074074074
0 0.400765625 0.5160277777777778 0.02368229166666668 0.04316666666666657