7 0.8250295820517798 0.9145734955932613 0.053842546892576656 0.06516750662211904
7 0.8893208946871727 0.9291550566551499 0.05382954615556882 0.06119136348096596
8 0.7719538924059313 0.9944515987849686 0.0324639881376583 0.011096802430062851
4 0.8030109232359586 0.7582872267585478 0.05829269200353668 0.2302179288971456
0 0.6372247120814052 0.3708982099798933 0.026406491715812212 0.04599745328142631
1 0.6299345156828614 0.3623737251016205 0.05057834656011605 0.09197177403875341
3 0.5614455059262153 0.5162320730323829 0.07761537402080299 0.33081216966610427
3 0.32557393687555686 0.3070379315309792 0.06287247201111917 0.2640614106451452
3 0.1329853212750593 0.7776923094044316 0.07814803176466456 0.3228656665148231
3 0.6156683243762678 0.6977017665332295 0.0938034906022309 0.3270037373246704
3 0.6729637685246443 0.8792032672547127 0.12083977311600778 0.223907389074906
4 0.09782117497095683 0.2743632141870783 0.07969400204821862 0.28312158449636654