7 0.2911247639749348 0.934557438794727 0.022357663762794747 0.04143126177024482
7 0.21519114250693094 0.9369114877589454 0.022357663762794747 0.04143126177024482
5 0.1392605992557582 0.9383239171374764 0.01861086502345431 0.02824858757062147
2 0.116241648023054 0.9392655367231638 0.022329959811314 0.03295668549905838
8 0.1699515081604201 0.937382297551789 0.03767387515522934 0.03295668549905838
3 0.21359821363476403 0.6958568738229756 0.05793395886847381 0.24199623352165725
0 0.7146842950273781 0.6064030131826742 0.015427027198357411 0.025423728813559324
3 0.7478457773669618 0.416195856873823 0.052372070496323586 0.1591337099811676
4 0.7675794860020723 0.3681732580037665 0.023296167130444013 0.16666666666666666
4 0.41665258997001836 0.8135593220338984 0.05040342278781864 0.20433145009416195
4 0.2920472190646743 0.4096045197740113 0.030134457189945316 0.1544256120527307
3 0.510847394423247 0.3234463276836158 0.057137053475059506 0.160075329566855
3 0.4925024423898262 0.4322033898305085 0.045007758124552794 0.17231638418079095
3 0.6339827887467395 0.5296610169491526 0.0704138181718718 0.1751412429378531
3 0.718398772489991 0.6031073446327684 0.059404288216189954 0.2062146892655367
3 0.6246675924357216 0.78954802259887 0.0880803761598792 0.2382297551789077
3 0.5623649069830496 0.5875706214689266 0.060883852214399944 0.17325800376647835
3 0.4870233131062534 0.6516007532956686 0.058379947543132145 0.21657250470809794
3 0.3659779796731655 0.5343691148775894 0.06045941105755985 0.20527306967984935
1 0.34341170269757915 0.3159133709981168 0.030331110301277095 0.05273069679849341