4 0.032848699138355385 0.3245526838966203 0.06235609577218032 0.13817097415506957
3 0.29780800834965937 0.091948310139165 0.08704111077525584 0.1540755467196819
3 0.36902484024337134 0.26093439363817095 0.06307116051050395 0.24751491053677932
3 0.23052747850885325 0.5675944333996024 0.08307888293759594 0.23161033797216699
3 0.2970761816157948 0.5780318091451292 0.09676622947344549 0.27435387673956263
3 0.3826133846356095 0.7157057654075547 0.15663377402571751 0.2882703777335984
3 0.630134388600636 0.5501988071570576 0.08854196393429285 0.21272365805168986
3 0.6159316151616593 0.7276341948310139 0.1148769542368788 0.22465208747514911
3 0.8231135147310158 0.8434393638170974 0.14083491040471255 0.17892644135188868
3 0.7681990698021733 0.091948310139165 0.07159367033060365 0.18389662027833
4 0.937748696435746 0.048707753479125246 0.10231303532959243 0.09741550695825049
1 0.5513158586531531 0.7992047713717694 0.1119276440227681 0.20079522862823063
0 0.5925514571724106 0.5268389662027833 0.029966470916647853 0.05467196819085487