6 0.40793612832668585 0.9503549430922851 0.09861641296508847 0.05332805015145998
6 0.6919087907135087 0.8574147014109024 0.03983921423631428 0.035796338725082866
7 0.5025183219658476 0.9424517856087471 0.04771673964739385 0.0681845855993886
7 0.6313215797292243 0.9003489292366974 0.049453903429450656 0.07127940969111443
8 0.5643832856234149 0.9048887474064651 0.04419217175676049 0.04661032203132121
5 0.5517386078769827 0.9427108374560941 0.016503055929540697 0.029400828871397118
2 0.5819907650997463 0.9339360312355043 0.023426590894508666 0.034087817545993784
1 0.34699673819259386 0.17562819000167765 0.04520142656204352 0.0912346571541072
4 0.06775519627592227 0.6708134704389425 0.07864462926184437 0.28388246874305545
4 0.6812100619830685 0.6959925964686597 0.080215999966387 0.2362080620655507
4 0.7349829062199188 0.0994385418182256 0.06716717547035234 0.1988770836364512
3 0.2995652168908441 0.6853333361247248 0.08739073656395226 0.3178181276632239
3 0.32651386365966006 0.6304404857798945 0.133099014666084 0.29983096609396326
3 0.42146532369873996 0.5094604052194336 0.10452122081722805 0.2749202147343301
3 0.4409883201162725 0.48079748034136216 0.07960866777325987 0.3146606500196876
3 0.5940647182760111 0.1453760371925496 0.07237364278387108 0.21458904596047584
3 0.6166749038645783 0.36128821964655605 0.13552389516369945 0.249088586846937
3 0.6584516674312689 0.5254650293992688 0.10540487480621233 0.28108301139557784
3 0.7550774908442565 0.4206208939778509 0.08890684290932353 0.2532206440626422
3 0.7913117526675062 0.43101420343622 0.1331040386987359 0.3013694276324248
3 0.9464088845752575 0.1378780763265961 0.07333768129528646 0.24536722723710808