4 0.32717968750000004 0.20831944444444445 0.04342968750000002 0.18638888888888888
3 0.09761718750000001 0.5617222222222222 0.06405468749999998 0.2457499999999999
6 0.35600000000000004 0.8445416666666667 0.09064062500000003 0.026402777777777765
7 0.44038281250000005 0.8646944444444445 0.02754687499999999 0.058680555555555555
8 0.4994375 0.8495277777777778 0.04939062500000002 0.032374999999999925
5 0.4838984375 0.8795277777777778 0.020546874999999964 0.0289027777777777
2 0.511234375 0.8789166666666668 0.02611718750000005 0.027666666666666766
7 0.5594140624999999 0.8654583333333333 0.026046874999999935 0.0531805555555555
6 0.6161328125 0.844 0.0337890625 0.024319444444444432
1 0.6960468750000001 0.1915972222222222 0.03639062499999994 0.06702777777777777
4 0.577796875 0.7103194444444445 0.057710937500000094 0.1684305555555556
0 0.206640625 0.29194444444444445 0.018695312499999985 0.037888888888888854
3 0.8274374999999999 0.6608472222222221 0.08039843749999998 0.22702777777777775
3 0.6270390625 0.5334027777777778 0.05611718749999994 0.2056805555555556
3 0.58946875 0.37020833333333336 0.04349218750000006 0.19875000000000004
3 0.5588984375 0.400875 0.035914062500000024 0.2164444444444445
3 0.3518203125 0.3270138888888889 0.055906250000000046 0.1758611111111111
3 0.35890625 0.4684444444444444 0.06785156250000002 0.2285555555555555
3 0.39574218749999995 0.49201388888888886 0.08124999999999996 0.22411111111111112
3 0.26271093749999996 0.3238055555555555 0.06741406249999997 0.20520833333333333
3 0.31442187499999996 0.5154027777777778 0.04249999999999998 0.25105555555555553