0 0.36529618897085886 0.65954158661135 0.02516911529497731 0.04454336103448506
4 0.14666115829344498 0.7701422426203866 0.07641320237490055 0.27220151167488404
4 0.3342877780967872 0.12346991992296265 0.04468346043302428 0.20616308972827374
3 0.4083989843399628 0.20495714588356098 0.08266565104067619 0.24655371544415208
3 0.544583435829798 0.24494147598050728 0.04729661707533538 0.23761659471317784
3 0.6348388314279892 0.4351746654068629 0.07562931161000348 0.2750503433465826
3 0.6198278916722035 0.4600209084761448 0.09406970317746872 0.27238435775465697
3 0.5734140654090664 0.5002573010273877 0.08134067640510041 0.2893942359304065
3 0.7139662296050213 0.48599747276584093 0.06703452937623708 0.31067320602098203
3 0.42631033215393177 0.5958833668266743 0.1169332775332956 0.20976823927539662
3 0.37080705228087185 0.6145956093167373 0.11478705722601992 0.2497433057190639
3 0.24080090192116907 0.48895517180361486 0.08508269442227262 0.24800722042905624
3 0.14811799965875574 0.5472850997632437 0.06916207223011142 0.2678409967201719
1 0.762621350276329 0.10290393735745504 0.04637208313196509 0.09618802328460638
6 0.3503918011551876 0.8522574393159409 0.09012110861695592 0.036645138484038525
6 0.6205353857896074 0.8429112960750645 0.03627432817734699 0.024659717630704237
7 0.5621997703357509 0.8651658779875013 0.045289353112645384 0.053322569242019266
7 0.4409652757391655 0.871053746128281 0.04856499707274456 0.06335581398379612
8 0.5004813967037182 0.852383059565439 0.05319363184852179 0.03483425252503301
5 0.48462586445948075 0.8836495628778482 0.023489269044774302 0.03309816723502536
2 0.5123144679907808 0.8839362987756739 0.028295339627865058 0.03171946291911939