2 0.09670079635949944 0.8750111021580339 0.024459613196814563 0.037702597856144916
5 0.12087599544937429 0.8828580072521984 0.02104664391353811 0.03361868390992445
8 0.1547212741751991 0.8865562249913159 0.03299203640500569 0.045888091223720145
7 0.20022753128555176 0.8962066031442749 0.024459613196814563 0.048836201095011314
7 0.2832764505119454 0.9140715797106723 0.02901023890784983 0.050907600526678934
3 0.2790102389078498 0.5512614923863628 0.11604095563139932 0.35039153570995435
3 0.34101251422070533 0.3745062864659234 0.07906712172923777 0.28624360156247247
3 0.3643344709897611 0.3940017004110153 0.09556313993174062 0.3188030317897172
3 0.4311717861205916 0.5694231629588015 0.12571103526734925 0.2624349599071065
3 0.36945392491467577 0.6530580157265026 0.09954493742889647 0.34516004070538175
3 0.8006257110352674 0.7270358345557494 0.11433447098976109 0.29774229128745144
3 0.8919226393629124 0.8596939705024514 0.11604095563139932 0.2633470012969987
3 0.9488054607508533 0.5858257691045814 0.10238907849829351 0.28344859247568005
3 0.8805460750853242 0.47519635572129665 0.10409556313993173 0.29257556969170523
0 0.48378839590443684 0.6969149147224518 0.026734926052332197 0.04683546356388133
1 0.34755403868031853 0.195288771240391 0.055176336746302616 0.09571288410087313