6 0.6661056923078096 0.8191511461988448 0.0946913816032939 0.05210399719096706
7 0.5797110087391848 0.8660388312124365 0.029228993931899816 0.0640225101348346
5 0.5352481775401549 0.896094098379699 0.023328200734371418 0.034403848815832284
2 0.5074414553354569 0.9043687181566691 0.023313728520911296 0.029979070054770334
8 0.51751230587051 0.8677015096634966 0.051554340708398545 0.0453118514971729
7 0.4564488424954117 0.9025757723036474 0.0441640152085348 0.06728128441572506
6 0.3934450725861521 0.8968466571655199 0.03825357386869978 0.03471277058934811
1 0.6667049828148802 0.12885133483167938 0.04671911439373665 0.08798173892959991
4 0.7510698381119929 0.1954986467105092 0.06954616457018509 0.22266341067541895
3 0.6490192110503188 0.33867649840672914 0.10450228513809219 0.26320723699651266
3 0.6117205268489714 0.20662717623439386 0.06453727169400209 0.21223595297510253
3 0.596662215336912 0.3737309654147641 0.0729738677921187 0.2566553637932305
4 0.502555852694698 0.750127369561464 0.0676514102909672 0.15035769960323875
3 0.6441255430397896 0.5672042561245088 0.08370023916200238 0.24065428517243145
3 0.6591519452473252 0.6633919655480752 0.07205302304385326 0.22861460265242092
3 0.3986022053165662 0.3342309406668124 0.12758928231479538 0.22386477312797926
3 0.32799798639125816 0.4972350018495002 0.07121901157634837 0.22712251407798265
4 0.12331440176341987 0.3277955870506824 0.06786849349286855 0.21672938101916797
3 0.1586601664106956 0.6766333250339268 0.090454340111649 0.2776647400806213
3 0.2783188272564507 0.6009336077766233 0.0738271755442372 0.2640471573824181
0 0.1881619967837737 0.40362660504083453 0.019187087823766946 0.0357929634657655
3 0.17850091587574315 0.4417773209480698 0.08121750104410096 0.24207772446386608