2 0.10838671283257267 0.9131594602869999 0.021797781065382247 0.03223967139571484
5 0.13112572271657066 0.9166903767824133 0.018084842711185 0.029376465361179546
8 0.1620811818857828 0.9154282835206986 0.036111199302577286 0.0408621585942984
7 0.20545972972994822 0.9173331215202294 0.02077344039232432 0.04258653047328356
7 0.2832190382067389 0.9221775462074135 0.025538423371060243 0.04357745370143679
4 0.23404844125981306 0.7499053013884209 0.1761515176692648 0.4754424518244963
3 0.1274738678881758 0.41533272922884407 0.07643400808600517 0.23712989610448823
3 0.03071056454819992 0.5260421356319713 0.06142112909639984 0.4337914349507465
3 0.23828656834959352 0.42454286543845315 0.10180620774818099 0.2298598921788065
3 0.5673330522726444 0.518590323953218 0.15495943978789814 0.30479565769772876
4 0.8349580543334307 0.4654444548671183 0.06197283544091285 0.18330966879291044
3 0.9507725840866538 0.48213550502851266 0.09619542067259616 0.29382976399809024
3 0.7558908564692476 0.6988352635413381 0.25043183227102894 0.539297909615018
3 0.6199323816656791 0.5321695385801577 0.1183468439077012 0.2724025971921207
0 0.6038302150216717 0.5215079979108866 0.025015479275622036 0.04545521469031521