7 0.673936170212766 0.9763705103969754 0.025 0.046313799621928164
7 0.7507978723404255 0.9862948960302458 0.02074468085106383 0.027410207939508508
8 0.7941489361702128 0.9924385633270322 0.039361702127659576 0.015122873345935728
1 0.6537234042553192 0.34026465028355385 0.03776595744680851 0.06899810964083176
4 0.6539893617021276 0.416351606805293 0.04308510638297872 0.16918714555765596
3 0.02925531914893617 0.2665406427221172 0.04680851063829787 0.21644612476370512
3 0.013563829787234043 0.3719281663516068 0.02074468085106383 0.05860113421550094
3 0.03962765957446809 0.4763705103969754 0.07925531914893617 0.2514177693761815
3 0.15531914893617021 0.7641776937618148 0.125531914893617 0.2608695652173913
4 0.15478723404255318 0.8322306238185255 0.08617021276595745 0.18714555765595464
0 0.7281914893617021 0.5189035916824196 0.014893617021276596 0.02930056710775047
3 0.7412234042553192 0.5444234404536862 0.05638297872340425 0.21455576559546313
3 0.5571808510638298 0.5434782608695652 0.06595744680851064 0.2485822306238185
3 0.5800531914893617 0.5770321361058601 0.06808510638297872 0.23629489603024575