6 0.366528429255787 0.9256950116453703 0.09641575177409155 0.04604088978746094
6 0.6443135097675518 0.8522417326099119 0.03900168058711624 0.03343486512207787
7 0.45884576816517225 0.9232369750623379 0.04595307782392123 0.06503628049518238
7 0.5851152815523133 0.8903951215013117 0.0476492296396625 0.0665552529570773
8 0.5193479965607449 0.8910764889566489 0.043276399238730424 0.04248755153207025
5 0.5065143247928344 0.9272479249357326 0.02300106684929018 0.03627189400134529
2 0.5364027208800091 0.9201810586319957 0.0229716333244947 0.031767389496840784
3 0.12525789648593363 0.6511488609941861 0.09378931051101536 0.2892404556297208
4 0.33561996633757174 0.8411746540976142 0.05790462993356397 0.0876810997404578
3 0.28318063600051296 0.6232346821810417 0.08346523199259138 0.2576040983358298
3 0.5040967562577437 0.7508346017296014 0.07034674078979555 0.1854009940608083
3 0.5655252545987773 0.6668592106018156 0.07703382702717054 0.30558226254230486
3 0.6086925494658025 0.43366349741866156 0.09465210318128364 0.2922521941129205
3 0.6620131133755375 0.39932501064239173 0.07516107406265735 0.2770362630533829
3 0.47350106948988957 0.4560865630112417 0.08688696914886922 0.2651465477641238
3 0.45781352726428826 0.31359679127203993 0.05578718831948442 0.1507179563629311
4 0.35656411522933534 0.23956560608046215 0.06896454657187102 0.23193006964696158
3 0.24968781457336686 0.33677547590162854 0.09598524152454924 0.23821561101925973
3 0.36357526560132286 0.4737430596934183 0.07768077384893969 0.2755609679924714
1 0.7462112298693725 0.12215771538605928 0.046953226943234415 0.0890690399994032