6 0.651219851138823 0.8272474133291767 0.09164284233967936 0.023508464037473375
6 0.3809628891573849 0.8321186292253435 0.035731835718780566 0.02379248753982669
7 0.562823214495911 0.8492478885858484 0.039877991793512535 0.05269476458211128
7 0.4404569260032044 0.8517796523809952 0.041503451947330114 0.054169220067612815
8 0.5029074901263165 0.8346384764197279 0.03980727263049444 0.031080931729085347
5 0.517392835879205 0.8653165038513655 0.01304611272835179 0.02476394359582916
2 0.48862224518641295 0.8666321809380406 0.019533809511018643 0.02633899896723077
1 0.6410611674181437 0.09335744045997044 0.03590156171002405 0.07566568638708894
4 0.9417015832723228 0.4610311725677024 0.04945685241210631 0.2560492265247047
4 0.3766004012805302 0.6794814769498602 0.0557842524252655 0.20863292742924733
4 0.2742661241921019 0.13192417561092262 0.04362394624227441 0.2069405055242961
3 0.7283048115549611 0.5475733657411451 0.055223754029787846 0.28498503686228926
3 0.6988629291112963 0.5063986048645192 0.10131128056476288 0.2542404475938998
3 0.6010812711931726 0.42485388219846626 0.0753322057688878 0.2392946929670833
3 0.580077583686976 0.4051169043745414 0.04793039908651394 0.2848341370334393
3 0.4103592463857688 0.14423706180284449 0.05004563847279109 0.18834265023287344
3 0.4076591251029758 0.3503308516208167 0.109249996899136 0.20397583741333913
3 0.38321566270552937 0.5150905974094881 0.07615672237296633 0.2436342261853384
3 0.2849793149875556 0.44868394106437837 0.06230966609487531 0.2217353603222628
3 0.2524960422709763 0.47024797872830254 0.10131599517563061 0.2556813697841015
3 0.07940420477956912 0.2497810240728539 0.056627627472815446 0.2187361494083096