2 0.9203162953950392 0.8611650485436894 0.023732532228609795 0.035922330097087375
5 0.8970445629354665 0.8684466019417476 0.020428409707366008 0.03203883495145631
8 0.8653219606181928 0.8728155339805825 0.039103022167495255 0.04660194174757282
7 0.8215488871311865 0.8815533980582524 0.03691087131860488 0.04563106796116505
7 0.7413797893375014 0.8990291262135922 0.038575649577553835 0.04951456310679612
1 0.31712911432279095 0.3048543689320388 0.0403294468247906 0.06699029126213592
4 0.2311486146097582 0.4587378640776699 0.05542728698089546 0.2029126213592233
4 0.6644638295471604 0.2529126213592233 0.0529871546646312 0.16407766990291262
4 0.7220988973088235 0.7975728155339806 0.0632615738400553 0.14757281553398058
0 0.7083853706629484 0.4300970873786408 0.01716243818110278 0.03398058252427184
3 0.6884368362221097 0.4305825242718447 0.0990668319854696 0.1912621359223301
3 0.6498265977397807 0.40194174757281553 0.08524069166205166 0.24951456310679612
3 0.6712209250590534 0.34757281553398056 0.04602321650961473 0.18543689320388348
3 0.7452489360784511 0.308252427184466 0.048742739948446516 0.18349514563106797
3 0.8149513283593148 0.637378640776699 0.08748371050424927 0.258252427184466
3 0.6548392423328704 0.554368932038835 0.06272186709241052 0.2320388349514563
3 0.4227770345712883 0.4854368932038835 0.088360417707556 0.22524271844660193
3 0.334086740588481 0.5941747572815534 0.06760810738347856 0.22718446601941747
3 0.27657953359561455 0.5723300970873786 0.05565619295077913 0.23786407766990292
3 0.12503759754848173 0.8077669902912621 0.08696269641347153 0.2621359223300971