6 0.6444497706551144 0.8823887593428478 0.09311344323400976 0.041052913181848796
6 0.3734819623693976 0.8365382807221754 0.0367996383329683 0.029744380298708507
7 0.5547413314132164 0.8885916084466149 0.043424576690252174 0.060314073672262845
7 0.43190609960907217 0.867216573732263 0.04506538881066165 0.06324635208811544
8 0.495515769613536 0.8622780053690913 0.04090641400904147 0.03852435170065819
5 0.5086802295772088 0.8967907925350254 0.02213198212532784 0.033788657164732415
2 0.4797052937540083 0.8915923576048117 0.021306830690073525 0.030873242594487278
3 0.8694648049958724 0.595833416138592 0.08491467183040886 0.27709929493813873
4 0.6719070021975001 0.7977574175777044 0.05491975228321746 0.0837385733078674
3 0.7160683970611901 0.5830617901272701 0.07584275141766034 0.24647901002776204
3 0.5060811236084547 0.7258184593954206 0.06419572382310397 0.17667769879795442
3 0.4446574400317212 0.6509962912942342 0.06865840262790612 0.2941533223738173
3 0.39580504453744575 0.4295274900691269 0.08573507789061378 0.2785654341460649
3 0.34391568352911045 0.40161283701881806 0.06693217375660186 0.2651340874362259
3 0.5275745808778969 0.4391228195832469 0.07912912103352877 0.2537928422217858
3 0.5385406471528185 0.30048092864329456 0.05104075460953054 0.14452381929722208
4 0.6345299850608959 0.21950548761524813 0.061895848394180455 0.22155464349301643
3 0.7400349359488708 0.304286573271028 0.08801122644428887 0.22644211263940883
3 0.6340491452284445 0.44634237758655776 0.06937915581206679 0.2651846789730479
1 0.2541521286507439 0.14185679329147052 0.044316163376202596 0.08351934331497184