4 0.825547124430141 0.28170028818443804 0.06548102778582492 0.22334293948126802
4 0.6056185105028815 0.7017291066282421 0.06437833924648821 0.1786743515850144
0 0.43090473038986415 0.34221902017291067 0.018092228117612876 0.040345821325648415
3 0.6586813389359666 0.20893371757925072 0.04923585419273243 0.21757925072046108
1 0.7113511381842941 0.14769452449567724 0.03535522438195341 0.07780979827089338
3 0.6239476126346027 0.37752161383285304 0.05253392252402451 0.22622478386167147
3 0.6885081246911585 0.542507204610951 0.05914891826840631 0.24639769452449567
3 0.5280778897913795 0.5389048991354467 0.0772128577633229 0.2824207492795389
3 0.4203693166148712 0.4661383285302594 0.06564132998110417 0.2478386167146974
3 0.3771741077904249 0.5655619596541787 0.09011281532062958 0.2723342939481268
3 0.34571129668929595 0.4819884726224784 0.0687508074944209 0.2276657060518732
3 0.28223904498781904 0.33645533141210376 0.07848471029301826 0.22910662824207492
3 0.21162817414916876 0.3530259365994236 0.08346953095355149 0.2478386167146974
3 0.13643681741699332 0.5742074927953891 0.05993100241718496 0.2420749279538905
4 0.14368915879077154 0.27089337175792505 0.05718870925310084 0.19452449567723343
6 0.6423767493683837 0.8429394812680115 0.09673610511427119 0.04610951008645533
6 0.3730689620935584 0.8832853025936599 0.03746573830581993 0.02881844380403458
7 0.5558740288474349 0.8731988472622478 0.023868562467823515 0.056195965417867436
7 0.43337101201169603 0.8940922190201729 0.045013690853360565 0.06772334293948126
8 0.4942856982153441 0.8731988472622478 0.05212788451955777 0.040345821325648415
5 0.5115389810658761 0.899135446685879 0.02536672397908932 0.037463976945244955
2 0.48395801821303397 0.9034582132564841 0.025357294438190497 0.03602305475504323