6 0.782453125 0.8490740740740741 0.0453854166666666 0.03149074074074073
6 0.78309375 0.8878055555555556 0.040421875000000065 0.03857407407407415
7 0.8281510416666666 0.8490925925925926 0.028453125000000058 0.03521296296296294
7 0.8274739583333334 0.8886203703703704 0.027104166666666648 0.03650000000000007
8 0.8785989583333333 0.8472870370370371 0.043932291666666616 0.03531481481481491
2 0.8646197916666666 0.8911296296296296 0.024307291666666706 0.03040740740740733
5 0.8948020833333333 0.8888333333333334 0.01975520833333325 0.0323518518518519
4 0.6813333333333333 0.39070370370370366 0.049619791666666656 0.18087962962962964
4 0.10140104166666666 0.6149907407407408 0.04749479166666667 0.24055555555555552
3 0.21746875000000002 0.5645648148148148 0.05939062499999999 0.24024074074074078
0 0.3103020833333333 0.40608333333333335 0.019489583333333373 0.03437962962962963
3 0.2919427083333333 0.4630185185185185 0.06841666666666671 0.1852962962962963
3 0.36300000000000004 0.4992962962962963 0.05311458333333334 0.21052777777777773
3 0.365265625 0.5445185185185185 0.044921875 0.25159259259259265
3 0.4301822916666667 0.5190925925925925 0.06017708333333331 0.21720370370370368
3 0.4141875 0.5284351851851852 0.06753645833333337 0.24204629629629637
3 0.5409843750000001 0.39382407407407405 0.044500000000000026 0.16008333333333333
3 0.5766510416666667 0.48546296296296293 0.05449999999999993 0.2178425925925926
1 0.3481302083333333 0.30846296296296294 0.036109374999999964 0.0654814814814815