6 0.6085235765139497 0.9149861456092377 0.09358568433961365 0.04566546661148057
6 0.33784606667879796 0.8408670265545257 0.03780982971790249 0.03285023099063851
7 0.5183644108006801 0.9116625801841661 0.044467349739238674 0.06359817330514685
7 0.3959259545227583 0.8777856268406847 0.046111462714493505 0.0650898236068055
8 0.45904070862111895 0.8790917144749697 0.05013829267583422 0.04330874527932082
5 0.4716287931863908 0.9150689139338192 0.02224559665201871 0.035443401521378086
2 0.4441912360012672 0.9079409142381716 0.029617877119386828 0.03413833516747377
0 0.23011988334076977 0.3189232756243176 0.018966908127428638 0.03537555281310343
4 0.2753308790527681 0.15512468220458747 0.06051799152702182 0.2096930494216373
3 0.5157186697391392 0.21695439312758505 0.06052276023998166 0.21115077536915913
4 0.9562937315915465 0.7268343506298753 0.05486612344226517 0.2358133812375504
4 0.3485664552576423 0.6960353219894582 0.07769772529040166 0.19984517350742548
3 0.1731383640871363 0.322117582160613 0.10568102686045315 0.23540731026828407
3 0.5571189921825607 0.34099730672368317 0.061347201084088955 0.21262546349374964
3 0.5856167682543327 0.3999000208219601 0.07289891032751127 0.23618654913306042
3 0.542936592879143 0.41651069898465337 0.09588787970332097 0.2483232976711572
3 0.43818757615336157 0.4879631817582564 0.07704018939988727 0.24939089354610036
3 0.37507043769852105 0.48738595709773236 0.08933527136710039 0.24964532620212992
3 0.36638308545012427 0.3866162827709686 0.06881008709769325 0.23901719014276102
3 0.7966982127732768 0.7752844783270517 0.06552662986014333 0.23749161548696474
3 0.710156314204743 0.6685302193362019 0.09751291782673642 0.2439840441827289
1 0.6767103284587541 0.24288221310816105 0.04044051977789795 0.08537925163263137