4 0.09486703202230555 0.24670564854169347 0.07619082028140256 0.24236414555589164
4 0.30837561151795667 0.7108203243409805 0.07329857867676222 0.19340779465461808
0 0.5092827681836282 0.3463756338192127 0.02087259481183828 0.04455600598694639
3 0.27450650381649844 0.18444888029935452 0.05813063137287297 0.23453207456807806
1 0.22179231724666815 0.11466402624473561 0.03915233189902985 0.08602722070564678
3 0.3037649168844049 0.36609026721328586 0.062478672814394974 0.2437508653158682
3 0.22805311081099205 0.5350599173563335 0.06947944875656234 0.2652287592585098
3 0.3977845958643774 0.545530971939561 0.08946447224729666 0.30518871351791643
3 0.5148567813925979 0.47780738653544796 0.07720812461717033 0.2668378731244098
3 0.5561622738027403 0.5874632372071042 0.1031167429383056 0.29462768183133453
3 0.5927417069024562 0.5014627037941682 0.07965129040182041 0.24698688457614212
3 0.6666035243636627 0.35315304701445693 0.08909523212863786 0.248613789970516
3 0.7402052749393309 0.3760883171004781 0.09522839567503409 0.2685537361611532
3 0.8098120532857156 0.6169401827360907 0.07030714330166764 0.2606504990594441
4 0.8157670886446416 0.29579923436583194 0.06568965636815152 0.21014730464192907
6 0.2632544767784219 0.8573029210309872 0.10329517155388104 0.05917146724360027
6 0.5458192791516264 0.9239391842762237 0.04052829603457964 0.034057244650022564
7 0.3530364892624139 0.8976532694558337 0.026128166499797052 0.061428952437811386
7 0.4814568913181134 0.930722574545064 0.049374070857620266 0.07543060596211679
8 0.4181816640590333 0.9023288733310131 0.056055503994461076 0.047978836296196044
5 0.39871028246751616 0.9292874378122769 0.027713699351342512 0.04156906812530682
2 0.42782489461107454 0.9358657157731752 0.027713699351342512 0.041569068125306474