4 0.0699405970630796 0.34174967704514586 0.05917673285474679 0.2001870195278761
3 0.24346497929779284 0.5071135796003564 0.11328573187047054 0.24498234686575557
3 0.2128452003029267 0.735690853721233 0.10247890866279369 0.27367520821718727
3 0.2123454780512446 0.3499093335610872 0.09975333038639651 0.21089406488463217
3 0.7059736116415471 0.48669316286564324 0.09132192643868609 0.24887012718178822
4 0.38334455166853243 0.836727410356537 0.0770357417426929 0.18802688858563305
0 0.667809266700251 0.44669206425183916 0.018141829631986447 0.031049745600966603
3 0.37907080128543535 0.670027823870981 0.08220407755144692 0.27037929870753385
3 0.27765125409622793 0.29297551019024715 0.08988169828723837 0.2056482797953458
3 0.5741192629871201 0.3222746139589808 0.09327311458259191 0.19333851331269747
3 0.4118778578164292 0.5103985471672166 0.059816041003602 0.2094522642087515
4 0.7182632165611608 0.24249524919842405 0.07408161877902296 0.17873770221829252
1 0.8320856274164811 0.12742521864551168 0.03747473580757562 0.0672554949669765
6 0.3126290356313265 0.9937294299375985 0.05334174814932656 0.012541140124803037
6 0.46676939982787535 0.9816534378647951 0.058718427163636205 0.036693124270409834
7 0.3912822356307373 0.9863635277194307 0.07543349629865312 0.027272944561138535
7 0.5454057652591885 0.9740512829761936 0.07268138815215482 0.05189743404761291
2 0.6214110287148787 0.9610950134660963 0.03383416790437708 0.041499417828225825
8 0.6948255931583804 0.9495094829990091 0.05355049679373702 0.047875761669349745