7 0.323121471011805 0.9851921544361825 0.027725069363607843 0.02961569112763502
1 0.7410101170233307 0.16187248664620854 0.037613544941254816 0.065961228419787
3 0.6313195511622108 0.2237462515090236 0.05456383755061364 0.14707671721539944
4 0.8856936279087206 0.33242306694092605 0.06573361080526154 0.2199358757875389
4 0.7661337645590958 0.7194909519201262 0.07501658553808772 0.24359682381722675
4 0.16273304996506768 0.4120203906372674 0.044280749090223046 0.16951040478036128
3 0.23745152260504424 0.4763169162115694 0.06969762762550996 0.20051038891118297
3 0.3420794006020789 0.537849637636455 0.08358359430310018 0.22421902407046887
3 0.36657129073028716 0.5498857623976903 0.059976523446336964 0.21885167671160705
3 0.49957287188169897 0.4908148890383011 0.07381897356032396 0.22924063973974518
3 0.40621724731003606 0.7096148734910765 0.09802819783393876 0.24281066930128234
3 0.34071164522435415 0.7355746761566001 0.11372731961802207 0.29317653139646216
0 0.28668655176799923 0.6653452016818826 0.020840666014278628 0.03914901831269925
3 0.9612965362024871 0.5709148226120798 0.07740692759502586 0.25389041258616896
3 0.8032148766443761 0.5344305706215787 0.07446129611280915 0.2497384039096334
3 0.668780979939682 0.331200401122555 0.0489875113020409 0.20132038699192648