2 0.010127314814814815 0.8400205761316872 0.02025462962962963 0.03806584362139918
5 0.03269675925925926 0.8487654320987654 0.02141203703703704 0.033950617283950615
8 0.06626157407407407 0.852880658436214 0.041087962962962965 0.04938271604938271
7 0.11342592592592593 0.8631687242798354 0.02488425925925926 0.04938271604938271
7 0.19791666666666666 0.882201646090535 0.029513888888888888 0.051440329218107
0 0.7300347222222222 0.5905349794238683 0.017361111111111112 0.033950617283950615
4 0.8926504629629629 0.6970164609053497 0.07060185185185185 0.24382716049382716
4 0.3489583333333333 0.8467078189300411 0.10300925925925926 0.2623456790123457
1 0.6875 0.29886831275720166 0.034722222222222224 0.07098765432098765
3 0.6400462962962963 0.44495884773662553 0.078125 0.20473251028806586
3 0.5925925925925926 0.41460905349794236 0.09027777777777778 0.22530864197530864
3 0.6843171296296297 0.5648148148148148 0.08101851851851852 0.24691358024691357
3 0.5271990740740741 0.46141975308641975 0.07002314814814815 0.25411522633744854
3 0.47337962962962965 0.4295267489711934 0.06770833333333333 0.22325102880658437
3 0.39641203703703703 0.5149176954732511 0.052662037037037035 0.23251028806584362
3 0.2103587962962963 0.25411522633744854 0.08333333333333333 0.18621399176954734
3 0.03616898148148148 0.24742798353909465 0.057291666666666664 0.19753086419753085
3 0.6440972222222222 0.7983539094650206 0.10706018518518519 0.24382716049382716