7 0.2193820224719101 0.9055 0.025280898876404494 0.047
7 0.13792134831460673 0.8905 0.021348314606741574 0.047
5 0.05926966292134832 0.875 0.020786516853932586 0.033
2 0.0348314606741573 0.8705 0.025280898876404494 0.038
8 0.09185393258426966 0.881 0.04101123595505618 0.041
1 0.3317415730337079 0.262 0.03876404494382023 0.071
4 0.3205056179775281 0.34 0.042134831460674156 0.178
3 0.9797752808988764 0.4705 0.04044943820224719 0.229
3 0.9862359550561798 0.586 0.026404494382022473 0.062
3 0.9471910112359551 0.683 0.0898876404494382 0.263
3 0.7814606741573034 0.8945 0.12808988764044943 0.211
4 0.773314606741573 0.948 0.08595505617977528 0.104
0 0.22977528089887642 0.411 0.015168539325842697 0.03
3 0.21264044943820223 0.4315 0.05561797752808989 0.226
3 0.40168539325842695 0.5145 0.0651685393258427 0.261
3 0.373314606741573 0.5385 0.06797752808988763 0.248