3 0.7847931136430484 0.7540452871430869 0.12041126910383779 0.4196027420249945
3 0.7432004123717966 0.8179993815160226 0.055454679931855655 0.2939722349409751
3 0.6631952402887613 0.7047707808070747 0.2176768509360952 0.5562594254382172
3 0.6145456955629934 0.7142533767761478 0.3012562652329916 0.552340872187855
3 0.2949414484177254 0.7933814316933434 0.17538539444416235 0.404734709596355
3 0.23963368931708096 0.8703322656050703 0.06589509253963127 0.2508768687162875
7 0.49283753555158044 0.8740348535665043 0.036717255252457615 0.06478614660015707
7 0.5494282055391032 0.8658003359382633 0.03194303762322797 0.060921057634788285
2 0.49951729744427537 0.8131579527236624 0.09112226324487632 0.03766610282173497
8 0.5725147011591611 0.8059962056627079 0.03449927198062623 0.033668873329087044
1 0.8653717956783284 0.08109934955727208 0.11698697760004324 0.16219869911454415
1 0.3980483308220424 0.7705292373181348 0.018653960059091045 0.04181474752487579
0 0.7087965651129374 0.8149450910033017 0.07400978428648367 0.14370754372147174