6 0.6570077861593278 0.822004276196793 0.092062162423303 0.03963213839319339
6 0.38910632953547897 0.8679476580059088 0.03638415854533801 0.029028370116752102
7 0.5710010485301509 0.8576495500150355 0.04293429921149126 0.05918100999997217
7 0.44955735791557844 0.8786014362807248 0.04778239248537998 0.06209634951124125
8 0.5101280271506612 0.8527222632661426 0.04851377532652882 0.039182048407818464
5 0.5265687951496019 0.8808300935113068 0.021882104907783816 0.0331763343909681
2 0.49913067311795356 0.8862773625463032 0.028329026012775028 0.031810349632354684
1 0.6487947455371522 0.12848617907996998 0.0405853213463012 0.08064597634748966
4 0.7816786274341508 0.18501904715849093 0.05953251129301994 0.20261418563925468
4 0.5247054184016972 0.7110343148731509 0.06428207680398113 0.1754435652651367
3 0.7955936686089197 0.6149768390874425 0.07912663171266411 0.27588012821155106
3 0.7716675527211974 0.5330648979780891 0.10333425549446466 0.2804281724727669
0 0.6101103353246329 0.3666331160411234 0.01865160665793632 0.031710329635604564
3 0.5980531725743513 0.47754377716969243 0.06930845841078617 0.23280016552139146
3 0.5704675277400395 0.4049066494784632 0.06544041328448243 0.28290175699839026
3 0.5410182373160952 0.2856870797033839 0.05799936863720228 0.22695281649939514
3 0.505129063484512 0.16281916803935387 0.06438998816337785 0.2083948546634176
3 0.3478026990522532 0.30518081861495444 0.07484570834171186 0.19990722112121476
3 0.3863669307263341 0.34999350605181095 0.06612487814328497 0.24566080833049775
3 0.4077704722141845 0.46339906680381066 0.09844393603646434 0.264618850153475
3 0.31808778434459667 0.5133334806877418 0.08548440865119698 0.2472935130804445
4 0.1531666212902248 0.26591863251273995 0.07244512069594082 0.20561287514781515