6 0.3441232793945591 0.9305211808984677 0.09765739848632497 0.024088330413289023
6 0.6321223371794515 0.9327369443476272 0.038076930290997596 0.02500920694104934
7 0.4381807495004715 0.9530352477436893 0.043358758094295735 0.055832140754689064
7 0.5685779861153247 0.9543867743613114 0.0485451292772067 0.057424305337559205
8 0.502571074308693 0.936778983622022 0.05019186047152862 0.03282682173697769
5 0.4864847252103847 0.9704595530812488 0.02169445114510375 0.03253145499272915
2 0.5158456923951861 0.9707638703328987 0.029451399772536274 0.027996624943957615
4 0.4813338101349166 0.8288629132446778 0.05300359148334388 0.10054598095148952
4 0.20815174846066511 0.3883243441987026 0.038840583254093654 0.25885536078720317
4 0.9806522689675273 0.24940302089253963 0.03790166490593813 0.23576948720287855
3 0.7131795747361606 0.5727956355130324 0.11826278606147302 0.25198649977583065
3 0.7387248680153949 0.5515212139429142 0.10010797490495851 0.24564469296655367
3 0.5515789903476374 0.47419433845217984 0.07414095076183984 0.22691463928297112
3 0.49693649159782893 0.4143952120014173 0.12171199346232697 0.25048384026697496
3 0.48759338804677693 0.23429228116630038 0.04733548892360434 0.21586794278429475
3 0.4790906584494092 0.3257457128844479 0.05515272594286039 0.22979465119706186
3 0.34839169199655984 0.5490140461359113 0.05709085103099515 0.2944279368272494
3 0.4281075128351989 0.5998419680705473 0.06912539668909487 0.27763016700779297
3 0.5143198258633902 0.7768953402182411 0.061097150298456894 0.1990880739796414
1 0.3723234860514685 0.22848200381281958 0.044322796605711125 0.08661032203132112
0 0.5437918975242929 0.4787291685009512 0.02255800900348026 0.03254040550013052