4 0.317875 0.25275 0.047867187499999984 0.1840555555555556
0 0.6774765625 0.30001388888888886 0.01931250000000002 0.03255555555555555
4 0.834125 0.548625 0.07367968749999995 0.20836111111111108
3 0.6497499999999999 0.46013888888888893 0.05537499999999991 0.2139305555555555
3 0.686890625 0.6323333333333333 0.04707812499999999 0.24481944444444442
3 0.619796875 0.6699861111111111 0.05573437499999993 0.23680555555555555
3 0.3829296875 0.6698194444444444 0.06414843749999996 0.24836111111111103
3 0.29778906250000003 0.3882222222222222 0.04117968750000003 0.20898611111111115
3 0.2135234375 0.5893194444444444 0.05568749999999998 0.23769444444444443
3 0.07221875 0.6612777777777777 0.06325781250000001 0.2630277777777777
3 0.022046875 0.44255555555555554 0.04328125000000001 0.22240277777777778
4 0.145046875 0.8279166666666667 0.05266406250000002 0.13994444444444443
3 0.68434375 0.33266666666666667 0.09553906249999997 0.2526388888888889
1 0.661484375 0.23923611111111112 0.038671875 0.06179166666666668
6 0.35688281250000004 0.8444027777777778 0.09240625000000002 0.026124999999999923
6 0.6168046875 0.8429305555555555 0.03636718749999997 0.027138888888888837
7 0.44088281250000005 0.8668472222222222 0.04389062500000005 0.0551111111111112
7 0.5582265625 0.8628611111111111 0.04643750000000004 0.05904166666666665
8 0.49890625 0.8498333333333333 0.04832812499999992 0.03299999999999999
5 0.48483593750000004 0.8798472222222222 0.022421875000000036 0.02954166666666664
2 0.511953125 0.8805555555555555 0.027554687499999987 0.026972222222222324