8 0.16935653195912945 0.9481939163498099 0.03914632301785211 0.03326996197718631
7 0.21536139246664535 0.9434410646387833 0.026865524610828428 0.03897338403041825
2 0.1158774849913161 0.9491444866920152 0.02202469013580243 0.030418250950570342
5 0.13779795197275116 0.9505703422053232 0.020967615974970242 0.034220532319391636
7 0.292920166252135 0.9377376425855514 0.0263400986693487 0.04182509505703422
3 0.8554486567433593 0.7043726235741445 0.0664505182187044 0.20627376425855512
3 0.6724619345707797 0.48954372623574144 0.07556631642110444 0.21387832699619772
1 0.657419206720769 0.2656844106463878 0.03229400780606097 0.06368821292775666
4 0.6588694834182866 0.3127376425855513 0.030487862239094384 0.16539923954372623
3 0.616459981049935 0.4443916349809886 0.0622315549921848 0.22433460076045628
3 0.5644965446973023 0.47243346007604564 0.043496310618459766 0.21863117870722434
3 0.5226717581796018 0.5071292775665399 0.046655088545210985 0.20342205323193915
3 0.4866451455824158 0.6492395437262357 0.06860822248547756 0.21197718631178708
3 0.4497216824796191 0.7385931558935361 0.06489290722788318 0.22053231939163498
4 0.6493469685071709 0.7713878326996197 0.05627764585547254 0.20247148288973385
3 0.2895137450961425 0.42633079847908745 0.040719846242116685 0.18726235741444866
3 0.24433591273755048 0.4234790874524715 0.05948931314414141 0.20342205323193915
4 0.08834484820298295 0.375 0.07274940723858879 0.17015209125475286
4 0.10437776072669454 0.6230988593155894 0.06385449990066908 0.2300380228136882