4 0.5882206353652207 0.8428019321961515 0.08232568281584521 0.29262587582608357
4 0.7465499435064871 0.38132846863040426 0.06961458614638519 0.20951134736112237
0 0.534153206268384 0.3307845011213911 0.01662375551581323 0.03423796389599022
4 0.15148805394064133 0.18018550040097073 0.06755359380840716 0.21794209668892242
3 0.13932360100904057 0.4624577197581768 0.08914242327368059 0.2833521175352156
3 0.24396255827347918 0.4429644246170697 0.09434723557602602 0.27027901069405813
3 0.3393482275772291 0.46283288756544044 0.07526267667612414 0.26423485068945646
3 0.4009578413506816 0.42832232466752507 0.07468432301064652 0.2566909372681107
3 0.5183142372701038 0.2847817707722318 0.06471760594639644 0.26966543348664884
3 0.5297851412540193 0.31091735756725997 0.046967555622910565 0.14407941304313598
3 0.5074799897076373 0.2826739185160018 0.09629777904410851 0.32586743645715355
3 0.4471213991560114 0.5305161012513423 0.09974906042387967 0.2873377305948969
3 0.5729857586614661 0.5425400002397059 0.1462791237744905 0.2835938254209606
3 0.845775616838283 0.8566058418534317 0.11944275619949482 0.2867883162931366
1 0.7141122162475353 0.2841276651070353 0.042851356902048804 0.0809142036511551
6 0.1527098895254436 0.7217153727938349 0.046868678663203316 0.04804517203886954
6 0.148713745324501 0.7663656059630594 0.045804320962955086 0.047081638981488844
7 0.09964918422871243 0.7031942585060355 0.02726117587624802 0.04293167488410878
7 0.09431489709990064 0.7501711487998618 0.026738231989194658 0.04386233773394929
8 0.04445052856841415 0.6879249858247555 0.03781855989007008 0.03938433125829105
2 0.054192528197943894 0.7356849528830536 0.02560615122642798 0.03254098923400761
5 0.0259410596694898 0.7266241912440743 0.01874015763221537 0.03428179083937673