7 0.26873989727266007 0.9348446510250358 0.022802390274269547 0.0422251279514152
7 0.18989374342650625 0.9340293594450826 0.022802390274269547 0.0422251279514152
5 0.11104439286236636 0.9327257866151294 0.01887312176047944 0.029490045130441844
2 0.08714329396126747 0.9324786424776523 0.023294299899971883 0.03344174692584012
8 0.14291252473049823 0.9330553121317655 0.038678915284587265 0.03360082820973331
1 0.7377504025993037 0.27665330374196745 0.031670320297142666 0.05403478154221142
3 0.628585562747875 0.30237815908144 0.0404043731087468 0.12931531615858283
4 0.8588444734717746 0.4785754589165654 0.044161403795435816 0.19966190500513137
4 0.7109990613943469 0.8061259788986056 0.05198797364315611 0.22024925814707808
4 0.16979774314672408 0.3401117559495521 0.027939633242628867 0.15555182974681325
3 0.23434258406137715 0.4223166164700368 0.050614154797457934 0.17824570769822845
3 0.3275004108812769 0.511164569910609 0.0622740916193879 0.1969197061611485
3 0.3495967114247814 0.5294582351375995 0.03921634885038087 0.1996107717353084
3 0.4802508603465157 0.5132323010506926 0.051892072103575736 0.20560082064707808
3 0.3723549250634622 0.6908154658773775 0.07500735579633104 0.21169881757291797
3 0.30838229666830524 0.6960129491068929 0.08519795717712593 0.2576995216125635
0 0.26361767553387194 0.6140126216656996 0.01724395042004384 0.03240268820716752
3 0.9115545204356258 0.7251975860380682 0.058632527724338926 0.22812993584017516
3 0.7626786103342715 0.6435854629433827 0.050377982610636564 0.22609158872380375
3 0.6540364924559746 0.4134736691805543 0.029786181406113207 0.18584231167008758