8 0.21689043755497714 0.9946749624291376 0.03942692278420662 0.010650075141724813
7 0.26002168546710036 0.9890784790382091 0.03731743242444102 0.021843041923581677
7 0.3394504009488689 0.9773492399570332 0.039115739165821936 0.04530152008593371
1 0.6540198365177539 0.20334892981474384 0.04143505999798092 0.06935566721924429
4 0.7604569763437644 0.3112380075510738 0.059265140591244256 0.2054530970485061
4 0.3132750565196293 0.3197216059003292 0.05572575360095326 0.16561338153504424
4 0.34258246115207647 0.8733851379402466 0.0654664416872721 0.15115194555115805
0 0.29869022406805185 0.5122762495270109 0.017708886268534348 0.034161330634903335
3 0.31802554618024265 0.5027680290981653 0.10183086491844542 0.19715580649050066
3 0.3505104027158812 0.45699042695123065 0.08963135185899575 0.2533365733976347
3 0.321272059368392 0.41445805318425916 0.049314622032531834 0.18787569808093596
3 0.24448656533549384 0.41220814533140554 0.05202778697220002 0.18499131861399887
3 0.22875555514741114 0.7634780595219284 0.09188072920035677 0.2630679047755413
3 0.36924917442858013 0.606688562357887 0.06710616879019102 0.23465838793914037
3 0.5809080236388261 0.4283060814951367 0.09165818172963644 0.22908732225126957
3 0.6826779085542835 0.49100434113584757 0.07145231949299094 0.23082007982116717
3 0.7345425966962568 0.4425146350649215 0.06003413614939621 0.2394393279512352
3 0.9161419739610909 0.5968086086110582 0.09135335661041528 0.2659748777563074