6 0.35600000000000004 0.8445416666666667 0.09064062500000003 0.026402777777777765
7 0.44154687499999995 0.8649722222222221 0.03693749999999998 0.05308333333333337
8 0.4994375 0.8495277777777778 0.04939062500000002 0.032374999999999925
5 0.48452343750000004 0.8795277777777778 0.019289062500000044 0.0289027777777777
2 0.50990625 0.8810694444444445 0.022218750000000044 0.027666666666666766
7 0.5588984375 0.8636944444444444 0.039750000000000084 0.05254166666666656
6 0.6161328125 0.844 0.0337890625 0.024319444444444432
4 0.6619375 0.7364861111111111 0.03957031250000007 0.1158194444444445
1 0.3457734375 0.26366666666666666 0.032242187499999984 0.05919444444444445
3 0.19440624999999997 0.49033333333333334 0.045890624999999984 0.15659722222222222
4 0.0706796875 0.6361249999999999 0.038015625 0.21206944444444453
0 0.35065625 0.25575 0.015601562500000022 0.025513888888888895
3 0.313421875 0.44254166666666667 0.05735937499999997 0.18599999999999994
3 0.35548437499999996 0.44379166666666664 0.04642968749999996 0.2579722222222222
3 0.3239296875 0.5919722222222222 0.07837499999999994 0.22097222222222226
3 0.3900234375 0.4706111111111111 0.05561718750000004 0.18890277777777775
3 0.439453125 0.4779166666666667 0.05290625000000002 0.1641805555555556
3 0.4788046875 0.6311805555555554 0.06389843749999997 0.20449999999999993
3 0.519421875 0.3240416666666667 0.055289062499999986 0.14806944444444448
4 0.6100156250000001 0.27544444444444444 0.04246093749999993 0.18052777777777781
3 0.812453125 0.6915138888888889 0.07494531249999996 0.24183333333333343
3 0.7984140625 0.4224583333333334 0.053382812499999946 0.1851944444444445