6 0.3644150463628464 0.8877551020408163 0.09361430242823238 0.026239067055393587
7 0.453864223894125 0.9037900874635568 0.024962136135487065 0.056851311953352766
5 0.50026630791704 0.9176384839650146 0.02150223038473899 0.029154518950437316
2 0.5281256226273112 0.9161807580174927 0.022283751520906097 0.023323615160349854
8 0.5143912019909834 0.8841107871720116 0.049390158341245785 0.03206997084548105
7 0.5771819597624768 0.8972303206997084 0.039716234496142803 0.056851311953352766
6 0.6372466441756631 0.869533527696793 0.03704738763030685 0.02478134110787172
1 0.2821826738529232 0.22084548104956267 0.041489107240870064 0.07725947521865889
4 0.20820292583818667 0.3141399416909621 0.053832452212744464 0.2099125364431487
3 0.324044040425322 0.4176384839650146 0.0860094957998919 0.24198250728862974
3 0.34443035420687834 0.2762390670553936 0.048857192933388194 0.20116618075801748
3 0.37906698844840386 0.4336734693877551 0.05488103031377556 0.24489795918367346
4 0.5148386147906023 0.7645772594752187 0.05745392543122448 0.13702623906705538
3 0.35580734046392626 0.6370262390670554 0.06704258379855658 0.22448979591836735
3 0.35317244997963376 0.7354227405247813 0.05632961960116762 0.21574344023323616
3 0.5656610458828484 0.32653061224489793 0.1135731402990635 0.19533527696793002
3 0.653418995794669 0.45991253644314867 0.054680737590127426 0.21428571428571427
4 0.8309817789024373 0.22521865889212828 0.05297462908661631 0.20408163265306123
3 0.8381888713881589 0.5750728862973761 0.07137938817292304 0.260932944606414
3 0.7133888769813393 0.543002915451895 0.05491918130875618 0.25072886297376096
0 0.777508140789507 0.3206997084548105 0.017413407477746487 0.030612244897959183
3 0.7912520991745801 0.35422740524781343 0.06459310515385898 0.2259475218658892