7 0.2765399096544182 0.9448677692821436 0.022965208973740256 0.04278950565963277
7 0.198816194622015 0.945997411774439 0.022965208973740256 0.04278950565963255
5 0.12082074045917701 0.9471242410028025 0.01911659505126557 0.029210468127063415
2 0.09717627424732322 0.9478466050291309 0.022936752197491007 0.03408544376408151
8 0.1523456414536395 0.9464834616304963 0.0386976217627084 0.03424861307212554
1 0.7406923459607815 0.27798687502615915 0.03169880351598571 0.0544849459661851
3 0.6324421542628796 0.3068478536215362 0.041181397480900356 0.12904868204624914
4 0.8604340842097963 0.474590984603651 0.0452133995169813 0.1987205629057044
4 0.714245611992165 0.8033594947008222 0.05288849431373681 0.219108812052081
4 0.1787261574536212 0.3582453594462536 0.02822328954877872 0.15502583106417678
3 0.24286905851639384 0.4382157780464453 0.05112209937793738 0.17750585896752305
3 0.33471512249538965 0.5228251805154559 0.06259838013675219 0.19696637582055027
3 0.35666907850810864 0.540461178685034 0.039778616908285894 0.1986642976270684
3 0.48581472647323953 0.5205208833079563 0.05284106635332154 0.20460204222616224
3 0.3792467779625096 0.6997912152101458 0.07568928635803715 0.21160818231519518
3 0.3159062656589837 0.7068726686211938 0.08616398092386038 0.25716963179914887
0 0.27160190204996404 0.6266240592938259 0.01695532946389807 0.03305643396918718
3 0.9126327486376555 0.7169190681689974 0.05943552835639337 0.22691327429360075
3 0.7653218643417009 0.6409233807476489 0.05128019257932198 0.22586175838725225
3 0.6579000810190546 0.4163994463836449 0.03049522037711555 0.18502899481586313