7 0.192050914711861 0.8917004048582996 0.05309958463518617 0.06072874493927125
7 0.1263793854475795 0.9003036437246964 0.05308965659796615 0.057692307692307696
2 0.0769080671954731 0.9924089068825911 0.09959457761499677 0.015182186234817813
8 0.24355818713343969 0.9873481781376519 0.032505941834626816 0.025303643724696356
4 0.2182745468473601 0.7353238866396761 0.053086726505630115 0.23076923076923078
0 0.3956555293902069 0.35880566801619435 0.025742880837134285 0.044534412955465584
1 0.4033082355116587 0.3507085020242915 0.04921044881875094 0.08906882591093117
3 0.46925793944480393 0.5141700404858299 0.0693415417225156 0.3309716599190283
3 0.714095084771865 0.3269230769230769 0.056608904198327245 0.26417004048583
3 0.8985684601807844 0.8147773279352226 0.06981770825567463 0.3026315789473684
3 0.40983231707650986 0.6933198380566802 0.08639315075593765 0.3269230769230769
3 0.3475608989659488 0.8719635627530364 0.11732129317938307 0.21761133603238866
4 0.9464299713570732 0.3173076923076923 0.07316449062415034 0.2823886639676113