4 0.7775521642478312 0.23089063799170007 0.08757874135369605 0.26884052449156637
3 0.14870034877997668 0.2594950925056828 0.14095086153192635 0.27588014974679104
3 0.10423588900914205 0.7521894317441393 0.1384702549543748 0.27879571627437677
3 0.24991582645874075 0.3901695486630079 0.09043751966899284 0.32378845944766016
3 0.6009182684065472 0.48451611459185995 0.1262223694462049 0.31711242131586576
3 0.8319267263738679 0.32544853186564726 0.07451691593464148 0.3101073244092142
3 0.6833979992361722 0.6771430828802234 0.12546660980266552 0.32896459334336
0 0.7984764486738926 0.4715224281346299 0.021085447825163518 0.03900727201294818
6 0.641817727222597 0.8560219383598239 0.09433151075747863 0.02717340362315508
6 0.3648459060683424 0.8446999617700176 0.03684120746870292 0.027465855122610867
8 0.4897537873117121 0.8562052911166604 0.040213327646933215 0.03346962992064701
5 0.5049571263314455 0.8885268534472568 0.01934120746870292 0.02710330746259497
2 0.47580015637600315 0.8876474200220609 0.0284981774241453 0.02580953385452365
7 0.5508777300657971 0.8742242081344976 0.04787817173774518 0.05884755941800882
7 0.4246859103331425 0.8679376533875633 0.04787817173774528 0.05884755941800882
1 0.9263900184808004 0.08687669215970817 0.048159376363248234 0.10187426564946266