4 0.6856342195972798 0.2596143653724272 0.09848133984124437 0.27740749852616386
3 0.8038983661595618 0.5348362494051446 0.1278824992872613 0.290323845938393
0 0.7545675515300838 0.5689335648632028 0.028658178371287073 0.049821522714584295
3 0.20189052216911654 0.5803906021250708 0.15315175864951786 0.3600737621700906
3 0.03880203937256637 0.46380086087254874 0.07760407874513274 0.330859816716441
6 0.5963022701711082 0.9083455059883926 0.10034352868184149 0.05438428031140575
6 0.30977941434925055 0.8596734594526022 0.040697748062038894 0.03468753002007221
7 0.3722743183468788 0.8929909765656657 0.0520395529719283 0.07030486647406947
7 0.5017276125809242 0.9149211180728001 0.05290311083030481 0.07032276809479089
8 0.43792229969777546 0.8862458380062036 0.054569938155234504 0.05189703287469596
5 0.45119189375161667 0.921352978269633 0.026037360600245977 0.040537048621650126
2 0.4222702415449814 0.9196449902561167 0.03467293918401109 0.04071606482886706