4 0.7132077636658704 0.715183752417795 0.0592805970190363 0.17891682785299806
3 0.8564249895772041 0.5522243713733076 0.07636240104404213 0.2504835589941973
3 0.9769058793049117 0.6363636363636364 0.04618824139017662 0.27079303675048355
3 0.4407473658808801 0.32833655705996134 0.0608541182491465 0.16150870406189555
3 0.42074301174162 0.3602514506769826 0.06810588561808463 0.218568665377176
3 0.4099874548051725 0.47823984526112184 0.13712446288449176 0.21760154738878143
3 0.29160070681646355 0.42311411992263054 0.06643118473908834 0.20502901353965183
3 0.1400890231108402 0.5425531914893617 0.09424343196426695 0.23404255319148937
0 0.42191831928018775 0.3041586073500967 0.02349920164252672 0.039651837524177946
3 0.5031657009440006 0.5527079303675049 0.04414261466727433 0.3694390715667311
3 0.5200117649229964 0.4690522243713733 0.08720034762115646 0.24081237911025144
3 0.559532871088972 0.6716634429400387 0.06845685252515858 0.32591876208897486
1 0.18992844309770754 0.07785299806576403 0.035541093710404835 0.06576402321083172