6 0.6227941520191931 0.8775362318840579 0.09574550551752022 0.04782608695652174
7 0.5326778829165859 0.8797101449275362 0.04283196276724284 0.06376811594202898
8 0.47375574662285336 0.85 0.054127828431926185 0.04492753623188406
5 0.4874419336401926 0.8847826086956522 0.022250624211466685 0.034782608695652174
2 0.4609044881586207 0.8804347826086957 0.02550377588074144 0.03333333333333333
7 0.4109593649372653 0.8514492753623188 0.04527894482270777 0.06376811594202898
6 0.35282916165032485 0.8181159420289855 0.0369230254729111 0.03333333333333333
4 0.3124723684273207 0.696376811594203 0.049784346459011905 0.1289855072463768
1 0.6710718778679154 0.2782608695652174 0.03796647187034823 0.06811594202898551
3 0.8135339397916636 0.5471014492753623 0.059857006821224266 0.17246376811594202
4 0.9325690561076765 0.7260869565217392 0.056139364106563006 0.22753623188405797
0 0.6665240521358199 0.2688405797101449 0.018143847571656376 0.030434782608695653
3 0.6931335378282647 0.47101449275362317 0.07394153310979605 0.20579710144927535
3 0.6494387447444029 0.4623188405797101 0.06870646188096602 0.2782608695652174
3 0.6725150921628927 0.6231884057971014 0.09867710366210805 0.2463768115942029
3 0.6116433978835278 0.4826086956521739 0.07232919388217621 0.20869565217391303
3 0.5602330470404017 0.4789855072463768 0.06808005117218985 0.1826086956521739
3 0.509420919417278 0.6289855072463768 0.08223101496017726 0.22608695652173913
3 0.48688442016441247 0.30144927536231886 0.06878181900120364 0.16521739130434782
4 0.396288851958878 0.23043478260869565 0.05838703366378102 0.19710144927536233
3 0.1590092355011101 0.6159420289855072 0.09637248767681945 0.26811594202898553
3 0.1910558503794738 0.34057971014492755 0.06985373861267612 0.20434782608695654