7 0.6679642271376106 0.9917986334967389 0.02724979778014284 0.016402733006522164
0 0.39186060506750653 0.6651043777688033 0.022409083256759804 0.03891540717819068
4 0.2839151708963833 0.7669883910158352 0.07956319519273336 0.2329241637549212
4 0.2882229798066608 0.2805561754926772 0.04128257712978671 0.15999645767487583
1 0.28700498710371924 0.23750535868945924 0.0372031471332905 0.07581780698950188
4 0.8771872355518687 0.42060398635339397 0.06092367925775564 0.18340984439943528
3 0.7659904174076112 0.5195528864680604 0.0708865142029864 0.2386368472394713
3 0.6372002979696488 0.5138673684166131 0.06918335654774078 0.21637625392280502
3 0.42946178471639274 0.6345448325627645 0.09735253205615506 0.18862241170826893
3 0.33998548817464525 0.5731715811906101 0.06695252995176403 0.19894562402024815
3 0.31905525140311164 0.574889195844651 0.049194811728619184 0.2529185559508463
3 0.3965330657451421 0.3164949153836691 0.047317751551850425 0.1774664732724779
3 0.41493544187804265 0.3398970490525013 0.08097546135743118 0.16620990213928571
3 0.4561401909872573 0.37078888180456376 0.08323474472965724 0.19234459393739384
3 0.4171818966182111 0.40085080169674625 0.06202960696366097 0.18922380538552996