8 0.8058374063404082 0.9882232185275555 0.038847018959985456 0.023553562944889105
7 0.7610486405610953 0.9819692947282463 0.027359154194597942 0.0360614105435073
7 0.6863986669394443 0.9707563015859374 0.029462532984877072 0.04406498926388614
2 0.8579468770990757 0.9931901880006747 0.022586192625897006 0.013619623998650646
5 0.8364763395363969 0.9916852004809175 0.021548210159631157 0.016629599038165074
4 0.4565464225136983 0.8834313920508297 0.07826059098009559 0.23313721589834072
3 0.25328152436129736 0.7656301121782566 0.10413739808805361 0.3055364175724006
0 0.3659965238531545 0.25238169114817627 0.021073385697314755 0.04025392289798722
1 0.3814385040469707 0.2516103931774344 0.03899018021711384 0.07581985047114592
4 0.3065969824930654 0.33928743360772107 0.04930334229947749 0.18765461654787602
3 0.8191917134410698 0.5135796473461888 0.05365021515296947 0.2361150845539166
3 0.7497367447350097 0.7274720223977084 0.07574635339557867 0.26893105182771554
3 0.39228910780362314 0.4477122997708363 0.08121345028857999 0.33974872249634647
3 0.3655357553916932 0.4316073562695712 0.07389274530922549 0.342466180953187
3 0.34921757896588623 0.6446529061123496 0.08269884335941409 0.31369420991667507