4 0.6937288598291794 0.6660186131900006 0.05894580312433272 0.17374609176760747
3 0.8256987755940891 0.49612374697083467 0.07658177601845371 0.24244237730812723
3 0.95974099848821 0.5632605309092514 0.07932533290896894 0.2637656080016966
3 0.42115278380277155 0.3229810702935985 0.060393154678544884 0.1561696598133787
3 0.4031357326941351 0.35557701848191653 0.06804844801612049 0.21180063168129842
3 0.396329084036165 0.46954401712289695 0.1342003417939689 0.21341069129795703
3 0.28120958381072575 0.42860219441300407 0.06640110179290844 0.19882150807997165
3 0.14037925848714958 0.5578452034024298 0.09315147557287796 0.22779994263585931
0 0.4022633935789231 0.3018787016576674 0.02317120533630283 0.03912591158489081
3 0.4878870275965284 0.531564276181307 0.046598044027150225 0.3560134403091956
3 0.5011557918125287 0.449940042394279 0.08694389868448399 0.23421678156388578
3 0.5453699631603917 0.6397734026170532 0.06924199069063519 0.31458379633853084
1 0.17338047311956023 0.10886239760895214 0.03479317067154521 0.06424442293289172