6 0.3856655290102389 0.9004559270516718 0.09726962457337884 0.05167173252279635
6 0.6659556313993175 0.8115501519756839 0.03924914675767918 0.034954407294832825
7 0.47909556313993173 0.8936170212765957 0.04692832764505119 0.0668693009118541
7 0.6062286689419796 0.8533434650455927 0.04863481228668942 0.06990881458966565
8 0.5401023890784983 0.8571428571428571 0.05204778156996587 0.04711246200607903
5 0.5281569965870307 0.8951367781155015 0.023890784982935155 0.037993920972644375
2 0.5563139931740614 0.8860182370820668 0.030716723549488054 0.0364741641337386
0 0.7687713310580204 0.26367781155015196 0.01962457337883959 0.037993920972644375
4 0.7188566552901023 0.10182370820668693 0.06569965870307168 0.20364741641337386
3 0.47013651877133106 0.16945288753799392 0.06569965870307168 0.22036474164133737
4 0.026450511945392493 0.7165653495440729 0.04778156996587031 0.24164133738601823
4 0.6523037542662116 0.6618541033434651 0.08361774744027303 0.20972644376899696
3 0.8284982935153583 0.26443768996960487 0.11262798634812286 0.24772036474164133
3 0.4287542662116041 0.30015197568389057 0.0674061433447099 0.22188449848024316
3 0.40059726962457337 0.36322188449848025 0.07935153583617748 0.24620060790273557
3 0.4449658703071672 0.378419452887538 0.10324232081911262 0.2613981762917933
3 0.5554607508532423 0.44832826747720367 0.08447098976109214 0.2613981762917933
3 0.621160409556314 0.44452887537993924 0.09641638225255973 0.2613981762917933
3 0.6284129692832765 0.33966565349544076 0.07508532423208192 0.24924012158054712
3 0.18686006825938567 0.7629179331306991 0.07167235494880546 0.24772036474164133
3 0.27517064846416384 0.648176291793313 0.10409556313993173 0.2553191489361702
1 0.302901023890785 0.20288753799392098 0.043515358361774746 0.08966565349544073