4 0.3517116293746155 0.8114242966092123 0.06788039729641918 0.13132946904636117
4 0.9730678850437199 0.44175805808849394 0.053864229912560284 0.2873545929995677
1 0.6651439337675203 0.09998101922813557 0.0517277148302338 0.09062295438208448
0 0.6812818999694285 0.13618302938790758 0.023751026192679384 0.04378813698904916
3 0.7003344527144731 0.2902791138561373 0.10054876341429632 0.32385360948602515
3 0.6335550414457246 0.3669119705078326 0.07423879373184812 0.2710302570473771
3 0.39847975909199596 0.41627657333477464 0.091072767611388 0.2621959576423007
3 0.551544042609181 0.16862154922141037 0.07918989638290964 0.23804963689552378
3 0.3204374502403016 0.40045352640157145 0.11809346123574527 0.2744875050206048
4 0.25969456813876796 0.2601892999278728 0.06736098479011478 0.23041983266526347
3 0.38299666665042736 0.5805250136254532 0.08532754885417944 0.31018285732897233
3 0.6742479607893105 0.4348988411248384 0.07005237465837916 0.2799955886554029
3 0.5088446018510512 0.5187679048517863 0.10726469344897945 0.3149144843185892
3 0.7718867619994827 0.5132351164148764 0.072567169355316 0.27551729059148833
3 0.8101065827282509 0.5984630478585596 0.13170682189786495 0.3121648102412885
7 0.48355033548614934 0.9058801246129797 0.03733004890481851 0.07095493169922233
7 0.6077879640780631 0.8673788181521929 0.03056015923445218 0.06337754035014184
6 0.3920933355400788 0.9131905832699037 0.10222473104742763 0.06261855466535356
6 0.6687853659289099 0.827471599925908 0.03975164059466606 0.037948105106779255
8 0.5441482265732096 0.8727252954033534 0.05582093089661347 0.053129094245530195
5 0.5320448924629854 0.9101361684780398 0.028805142693682003 0.04233904836872774
2 0.5611023832776807 0.9006777827850637 0.025412839726359885 0.0362981004419349