5 0.18966480446927375 0.9930417495029821 0.030726256983240222 0.013916500994035786
7 0.13770949720670392 0.9060636182902585 0.03798882681564246 0.06063618290258449
7 0.08184357541899441 0.9040755467196819 0.04189944134078212 0.05666003976143141
4 0.5564245810055866 0.8046719681908548 0.057541899441340784 0.2276341948310139
4 0.7597765363128491 0.37326043737574555 0.04357541899441341 0.19980119284294234
0 0.7896648044692738 0.1272365805168986 0.01899441340782123 0.03777335984095427
1 0.6963687150837988 0.2624254473161034 0.04022346368715084 0.06958250497017893
3 0.14804469273743018 0.4294234592445328 0.06480446927374302 0.22465208747514911
3 0.4511173184357542 0.7181908548707754 0.09664804469273743 0.3091451292246521
3 0.5558659217877095 0.5775347912524851 0.04078212290502793 0.2823061630218688
3 0.5826815642458101 0.4831013916500994 0.04022346368715084 0.25646123260437376
3 0.629608938547486 0.5795228628230616 0.049162011173184354 0.294234592445328
3 0.6477653631284916 0.5263419483101391 0.031843575418994415 0.2634194831013916
3 0.6815642458100558 0.452286282306163 0.05307262569832402 0.2544731610337972
3 0.7768156424581005 0.46371769383697814 0.042458100558659215 0.24950298210735586