2 0.8981997704311916 0.8693893982206781 0.022319611511272677 0.03300032664050567
5 0.8757976660658864 0.8747707257178368 0.01861702826895309 0.030153206033130684
8 0.8442125944587973 0.8760338996772539 0.029737026473247552 0.040567227031286034
7 0.802070585868895 0.8820876697005464 0.021334346557672402 0.04328905729629051
7 0.7243747024155133 0.8927226227877336 0.026083437140271743 0.045210743128030896
3 0.24806522154848148 0.8564567472201494 0.09658023794431289 0.2828157391067154
3 0.3190121538946163 0.5500315265223636 0.07246157520854252 0.2966101022421985
3 0.34242402016819334 0.5511936113289296 0.08422424973700177 0.3248198328188287
3 0.2735499582431714 0.5809307150651933 0.09719841731380567 0.2968661303331299
3 0.3933727240577703 0.526323367343202 0.0913966951522592 0.2949335496890098
3 0.5044856761834743 0.7171079116647011 0.09352682400079486 0.37921955482892805
3 0.6812150361352289 0.6118213348184796 0.10251056911788606 0.3044112410991504
3 0.7847040084961089 0.4796729482893257 0.07236358738985545 0.2816288288339588
3 0.8780686524037846 0.768949140053574 0.13009333852389557 0.3374660418015564
4 0.322633166122826 0.3182681638638956 0.04936455412241063 0.2252148150868885
4 0.37862197416331034 0.8906835911264954 0.08190426948976007 0.2115076104504458
1 0.35224789219069946 0.25616808001136004 0.04324400281416226 0.09407419870289085
0 0.35550071262689464 0.24162228695998764 0.01919233796777019 0.0376492901434404