6 0.3365235514038191 0.8660908235415816 0.09624405206178242 0.03952929443765081
6 0.6167378784277548 0.9030743253757098 0.03803586742530196 0.029314748357520484
7 0.426625045572906 0.9002574035397917 0.04488424383848083 0.06098605230309514
7 0.5538799934754841 0.9171387187442486 0.04658039532214189 0.0640239984096091
8 0.49030647915987846 0.8921815446255037 0.050717760181353155 0.0400873321443621
5 0.4733449643232688 0.9225610056906414 0.02287842334372001 0.03500626643192998
2 0.5015764537925496 0.9264802132113407 0.02961397506410636 0.0321430358429701
0 0.7953586643047134 0.4234293235311036 0.0186625717416964 0.03491890867315295
4 0.7727699419075267 0.24072660802119342 0.056340905567744286 0.21286483412756693
3 0.5245960870589704 0.20307918722036075 0.05634581098916999 0.21436633562906846
4 0.01998072469316034 0.5341064815165276 0.03996144938632068 0.2410963462762541
4 0.626079256223868 0.7534914746828789 0.07485140924524208 0.20123719625417336
3 0.8521819106356554 0.45002777156539303 0.10278394908996472 0.234846790495134
3 0.46606905002981547 0.31089133089808874 0.057193886731000426 0.21588530868232542
3 0.43008224334841605 0.35818041839423903 0.06822868221764836 0.23863496137766776
3 0.4700175561641349 0.3926358049711437 0.09187178913896082 0.24963467533732903
3 0.5649131794986589 0.5077786367399025 0.07249358803392955 0.2537373341514598
3 0.6280651086540622 0.5327445466345251 0.08513623741857448 0.25249790592628907
3 0.6503039366665466 0.4354434394420384 0.06486581177888098 0.2415680781736492
3 0.16776986666277013 0.6481311339729421 0.0614931304972621 0.24149819196662764
3 0.2687543693367195 0.5769742144691048 0.09354341351549314 0.2451651139363353
1 0.36032258451210963 0.162191845518366 0.03990370865886466 0.08490524701658708