6 0.6077963239574417 0.892515106379121 0.08991537241431655 0.04561903994196786
6 0.34924027901550886 0.8158154207328782 0.03636477450968543 0.031100028172212097
7 0.5217388618193971 0.8874354243060769 0.04363235086412799 0.0605027662564282
7 0.4044269634571785 0.8527011148692921 0.048376775518536176 0.06474146315428517
8 0.46534091465198696 0.8554258101351427 0.0482304100660948 0.04239509443920137
5 0.47651616362211857 0.8897615064092473 0.022232126795014275 0.033747065970260975
2 0.4502299987589739 0.8818077392323381 0.028512287130337093 0.032415421610606794
1 0.700548353190098 0.23560799164969712 0.042197241431766404 0.08143623600555955
4 0.8177410542297783 0.34855865431958993 0.06341505947018797 0.20036258178081778
4 0.49958531784828153 0.7286761701448713 0.06796737946826698 0.17527166974012742
3 0.7682702855610318 0.7593880385741265 0.08590332580697449 0.2732157930024752
3 0.757447228460837 0.6712813925793515 0.10874780714922724 0.28043467158420393
0 0.6296098532161251 0.4429894470431754 0.019078324866186148 0.0323179160830488
3 0.602230796772489 0.5418751925549458 0.07382728991268067 0.229797821707553
3 0.5870335271769485 0.4614054207725167 0.07178897377385823 0.27865612688990926
3 0.5764574617777484 0.3355892775710379 0.06278440924139422 0.22409747307996442
3 0.5608124987689658 0.20343540267434784 0.06895479548738637 0.2060060521839974
3 0.39175047478072134 0.26733494946980885 0.07834301854764934 0.1991203174880916
3 0.4216289871451584 0.3270053216034985 0.07233729343565384 0.24235140318852785
3 0.4251936157316882 0.44297179934645975 0.10393019976859837 0.26502279032880477
3 0.3339437601335636 0.45040913418155637 0.09044649796427587 0.24672823291709214
4 0.21488252879430583 0.14259356743450732 0.07602111934472194 0.2046825332849731