3 0.053464108192479994 0.9124493927125507 0.0574590655575379 0.17510121457489877
3 0.16287027676695148 0.7677125506072875 0.06689828019079422 0.31376518218623484
3 0.3369567910557353 0.46710526315789475 0.08184626920382987 0.25101214574898784
3 0.35538122682956064 0.5445344129554656 0.10136513919453827 0.2783400809716599
4 0.5262369912716837 0.3152834008097166 0.0531798153824711 0.2165991902834008
3 0.7098733271200232 0.47469635627530365 0.12057292015620973 0.25809716599190285
0 0.5038551197653017 0.5025303643724697 0.025862026245030357 0.04048582995951417
1 0.5099821649652447 0.2651821862348178 0.05290142241088803 0.08704453441295547
7 0.865217775653554 0.7874493927125507 0.03622007457406534 0.058704453441295545
7 0.9532537704946338 0.7672064777327935 0.048787246603503746 0.06680161943319839
2 0.8457193601895345 0.8937246963562753 0.0383828658658888 0.04149797570850203
8 0.8993941994150016 0.881578947368421 0.04579087047734377 0.043522267206477734
5 0.9664100260045889 0.8653846153846154 0.03496989658261235 0.04149797570850203