2 0.9594594594594594 0.9182692307692307 0.08108108108108109 0.03461538461538462
5 0.8091891891891891 0.9283653846153846 0.03027027027027027 0.04230769230769231
7 0.8575675675675676 0.8264423076923076 0.03783783783783784 0.06057692307692308
7 0.9118918918918919 0.8211538461538461 0.04162162162162162 0.057692307692307696
4 0.4508108108108108 0.7538461538461538 0.06 0.2230769230769231
4 0.24621621621621623 0.3485576923076923 0.04594594594594595 0.1951923076923077
0 0.21243243243243243 0.11298076923076923 0.01891891891891892 0.0375
1 0.3051351351351351 0.23798076923076922 0.04 0.07019230769230769
3 0.8386486486486486 0.36682692307692305 0.06702702702702702 0.22115384615384615
3 0.5510810810810811 0.6634615384615384 0.09945945945945946 0.30480769230769234
3 0.447027027027027 0.5341346153846154 0.044864864864864865 0.2759615384615385
3 0.41945945945945945 0.4442307692307692 0.04378378378378378 0.25
3 0.37594594594594594 0.5403846153846154 0.053513513513513515 0.2875
3 0.3572972972972973 0.49038461538461536 0.036216216216216214 0.2567307692307692
3 0.32297297297297295 0.4201923076923077 0.05621621621621622 0.24903846153846154
3 0.23135135135135135 0.4375 0.04540540540540541 0.24423076923076922