7 0.7268923987639323 0.9818264784431262 0.03268826053220096 0.03634704311374749
5 0.8864318592932893 0.9826982240990033 0.019202432240788197 0.032202411349849844
2 0.9115682738034935 0.9837157414012982 0.020313250088012012 0.031231508871657064
8 0.8531818849468068 0.9828965680012531 0.03039511836392072 0.034206863997493675
7 0.8095999653638632 0.9811971404545049 0.031557940919386525 0.03760571909099028
4 0.8287928424197167 0.9067022898256235 0.05880951420473271 0.18659542034875293
4 0.014538591801833294 0.6171346377242579 0.02907718360366659 0.2173706670986152
3 0.07036192793262201 0.6894226949948881 0.05308030047401841 0.2585194005160594
3 0.19764561276489806 0.6204777488094827 0.050039982020484784 0.2206882074073661
3 0.3636855852551033 0.3495244682129726 0.039581079609823766 0.158849788955633
4 0.5709449047932404 0.3543127145718498 0.031123184279304727 0.14674785972895676
3 0.3827283616811798 0.4279611102322748 0.031993871746632145 0.19447314407634161
1 0.249287207066638 0.32776960642255276 0.032233610730807286 0.06030144636952071
3 0.3489705586378978 0.6772960276532763 0.048331501424202505 0.2156833285202814
3 0.4277084183223349 0.8121450710124659 0.07830447292938048 0.27196236513445793
3 0.7797400479358878 0.46600607446340714 0.04352419707761455 0.16390093445690893
3 0.6554901809686151 0.4982295298608855 0.0419782311945875 0.18374695020203097
3 0.725123923857359 0.6154920971939914 0.05215110770991919 0.20184779410108017
0 0.8592960032858287 0.6893532193471222 0.017500452233035913 0.02819156824805318
3 0.8849165159436732 0.6590643927396107 0.06166781617942042 0.20502653456725747