4 0.275 0.37239475639812053 0.04728260869565217 0.1716693918699739
3 0.5970108695652174 0.5474943074977423 0.09945652173913043 0.20992714009226768
4 0.4230978260869565 0.7373992451568389 0.051630434782608696 0.173648640069672
3 0.7282608695652174 0.3048395629142358 0.04184782608695652 0.16484330067257605
3 0.5467391304347826 0.5842816858899216 0.07771739130434782 0.228077320757221
4 0.8769021739130435 0.20513823172149281 0.042934782608695654 0.16775590769348686
1 0.31168478260869564 0.2835236698292235 0.029347826086956522 0.05833091180830907
6 0.3769021739130435 0.9477421035068689 0.050543478260869565 0.047912048522648784
6 0.5195652173913043 0.908547538395287 0.05543478260869565 0.05183115922699959
7 0.4489130434782609 0.9276542287970512 0.07119565217391305 0.05779703646541134
7 0.5926630434782608 0.8869977336471501 0.06847826086956521 0.05583466784930406
2 0.6578804347826087 0.8674637495298245 0.03206521739130435 0.04095092065652456
8 0.7239130434782609 0.85033912059169 0.06304347826086956 0.04804145866351161
5 0.7883152173913044 0.8317806942545545 0.023369565217391305 0.03892666023391797
3 0.43070652173913043 0.3204926207686827 0.06521739130434782 0.18346048315020763
3 0.46847826086956523 0.27077855967403913 0.06304347826086956 0.17956950508517483
3 0.5480978260869566 0.24577632363215818 0.049456521739130434 0.16202071809748253
3 0.5043478260869565 0.3477766479066088 0.06684782608695652 0.18347736273379833
3 0.5603260869565218 0.4042570768519391 0.07771739130434782 0.16908312346515147
3 0.6214673913043478 0.4529471098754087 0.075 0.21257530030358976
3 0.6494565217391305 0.4347656609051338 0.06902173913043479 0.22218458838103605