4 0.8599808242411238 0.38165399239543724 0.06168746221708687 0.2214828897338403
0 0.6058906167417005 0.4876425855513308 0.02311909796387061 0.03802281368821293
3 0.5192922676577513 0.4776615969581749 0.06012674008732934 0.23479087452471484
3 0.723585006871839 0.8816539923954373 0.14997253455771534 0.23669201520912547
3 0.19022459148813683 0.9443916349809885 0.10785063427159454 0.1112167300380228
3 0.13607718445715292 0.904467680608365 0.126828547482354 0.19106463878326996
3 0.06761541262602351 0.25475285171102663 0.048781681422620654 0.19961977186311788
3 0.1571347157774747 0.2709125475285171 0.04335319822738812 0.17490494296577946
3 0.40500207889157314 0.18726235741444866 0.03585412265559993 0.17110266159695817
4 0.03358525987906346 0.1953422053231939 0.04224945698251085 0.1644486692015209
3 0.34903190098265585 0.5408745247148289 0.07256620658010633 0.27756653992395436
3 0.5776913048740866 0.5256653992395437 0.08849698632706116 0.24334600760456274