6 0.340988308487519 0.8348637093388845 0.0916235146345962 0.0418950144221081
6 0.6072264410657199 0.8975170689460298 0.037016191353154204 0.03076465494225431
7 0.4261889427730738 0.8759114545784888 0.04353479041096313 0.06089763841047248
7 0.5470595053225097 0.9041274917886276 0.045144596052866116 0.062359455706097966
8 0.4871747889531525 0.874317654669418 0.04908739906477276 0.04101399894516297
5 0.47041190587234477 0.9018257159224884 0.021781402821398736 0.03473453349095053
2 0.4973189526092222 0.9088111556242231 0.028995178375474346 0.03202699703555287
0 0.7831488982675731 0.4590478801126978 0.017768561729905957 0.03465141882331409
4 0.7637142328849507 0.2829429554605214 0.057645370652612854 0.2040373711375786
3 0.5279806964100536 0.22306412447026946 0.05765003985791855 0.20546594256615006
4 0.03931057066663748 0.48720984930435285 0.05211610802533211 0.23106386774574486
4 0.6175988606874817 0.7563129071200763 0.0744666187997423 0.19438645274165114
3 0.8366177380958477 0.4901533051922609 0.10186599914923092 0.2292373467672925
3 0.4713158588716467 0.31902675333269087 0.05845727728152279 0.20691113692824875
3 0.4361429334256826 0.3611524871146341 0.06896537140429602 0.22998437792124604
3 0.473579085709209 0.3976397392379376 0.0914746351591015 0.24187839148858076
3 0.5626434140636174 0.5159051448212717 0.07382747276714484 0.2443698298081238
3 0.6225304650356274 0.5464292676547671 0.08505875861801893 0.243173979448934
3 0.6447058806110723 0.4561804240792448 0.06576443694171337 0.23277502904427982
3 0.18296354548126484 0.6108913286532551 0.06254949486321336 0.2312799658815993
3 0.27987819327254887 0.552902703610054 0.09306576397978143 0.237625923069921
1 0.3721120360664743 0.16769641822312312 0.03878941918075793 0.08222647223788011