3 0.5523759573342546 0.6898447989031548 0.09794826528155018 0.2010523938696493
3 0.36586485325465395 0.4455833637810029 0.06350147501188248 0.24552863673309025
0 0.33339293096471934 0.5396291857219543 0.021750557309323872 0.03987061744111862
3 0.32904362865404607 0.46453408336187046 0.053209191331516685 0.23858528575625115
3 0.40419430745691776 0.5439794963031563 0.0797019673637448 0.24105659981392916
4 0.8805343818082954 0.6812516108798224 0.03923690137210321 0.26329438441952413
7 0.6870909048979049 0.9824959668510731 0.0250032348711795 0.03500806629785372
7 0.765725402068635 0.9854761898349608 0.024462694330638957 0.029047620330078416
8 0.8105839773877584 0.9880312493267089 0.038501024520338996 0.023937501346582096
5 0.8416540517637917 0.9918106089212821 0.02064117327240564 0.01637878215743565
2 0.8662455015855156 0.9922831551804008 0.024968642369600964 0.015433689639198396