6 0.7020818382572439 0.8311224528298691 0.1035435367878446 0.06288637742889724
7 0.609520817460728 0.8852152933921564 0.04679655459753323 0.07261169911816412
8 0.5443780970875302 0.8896808478835065 0.05803813445624888 0.0541557313535196
5 0.5638628444979816 0.9173104254488424 0.024729808860775415 0.03944830139740543
2 0.5358196168980834 0.9287938424441862 0.027352186483153035 0.03950267547903696
7 0.4798908180171425 0.9276173742541886 0.05029305809403673 0.07268419789367282
6 0.4147836974578799 0.9266312153499 0.04046407459504115 0.039774545887193175
4 0.35339207117200544 0.8251143302974153 0.056869651106369455 0.14290452869473722
1 0.6542822981665105 0.18734105903144316 0.042456439353133944 0.07719397284504058
3 0.844424099923002 0.38119106571410744 0.06853842873230703 0.18986912167775627
4 0.9800096260677704 0.49752249197395604 0.03481368915615931 0.2452370249716903
0 0.6477721252999117 0.1804676484411287 0.020328665363915963 0.03468478073175849
3 0.7081367488749409 0.37233627496827754 0.08539093335053968 0.2275966684315142
3 0.6617012781044643 0.3896520239306786 0.081508529999592 0.30227240010231565
3 0.711840846950644 0.5412397044167511 0.11190967946120682 0.2733117488116896
3 0.6264667016910631 0.43165427025273995 0.08365285297769783 0.229118051442514
3 0.5725401327380564 0.4584698735056195 0.07735088710143602 0.2009537954078044
3 0.5446892426542426 0.6412656673230761 0.09427459134753893 0.2495847689528395
3 0.46857570869297 0.3181214722848877 0.07811312784605147 0.18383796371538855
4 0.36339102580424776 0.29771982811514425 0.06782704486474185 0.21477311536394147
3 0.18248520571728202 0.8309941565485153 0.1111779528428216 0.29510047770036696
3 0.17046735287311057 0.52988228249167 0.08012583535496424 0.22437265547074398