7 0.2671181015993635 0.9017374318003601 0.03169994477122876 0.04408665715889878
7 0.19048659092653333 0.8918233834458954 0.030652824352380596 0.04407582321139246
5 0.11750781737048954 0.883733613668082 0.019043117126183614 0.029990169341894288
2 0.09422461848759568 0.8816469222589456 0.023262059674532015 0.03468899861422912
8 0.14680282039987366 0.887154657923749 0.034786476456452976 0.03573927073326174
4 0.6644271944571494 0.9087991330792101 0.07387755271094447 0.16928182341128745
0 0.12998980597946297 0.4962936334386516 0.02222712360486614 0.03654036205964623
3 0.0910112515522003 0.6526453956931155 0.08138443551143928 0.2764285941631892
4 0.10843014229774135 0.35080961731376437 0.0483388537663963 0.1867072669301545
3 0.2300267258324241 0.4096033283510525 0.07437101885282738 0.24470081782469524
3 0.30015010353229293 0.4540330321596433 0.07371952297698918 0.22514232822524377
3 0.46207374115264094 0.35040929698108253 0.08971229466008121 0.18899740524958236
3 0.5541409563388876 0.4015947281155019 0.0595833973225388 0.22499606993390697
3 0.6546390474337043 0.6444862767066226 0.08103145619056729 0.30249394069036717
3 0.6176218064193757 0.5810933296223427 0.0723255154118601 0.252127939501377
3 0.49734594095202117 0.6004929496797116 0.06565326053035216 0.27254169016474544
3 0.3503131250245966 0.7486523300495966 0.12650199614077764 0.2908609343528933
3 0.7928374367078864 0.6863495765343716 0.05824421932873006 0.2603615694781966
1 0.7207612220048675 0.34028452237529855 0.04292621180359803 0.07958216407326577
4 0.7915083139895001 0.4494147516404797 0.05692295105328074 0.21845129418990808