1 0.6792382378485134 0.39082556857506656 0.04035283245364423 0.07463349763300764
4 0.6767831085629191 0.46941612392736753 0.04947648866262191 0.17628690122380375
3 0.03572971926254302 0.24744813054924664 0.058980175102379497 0.22618817378902467
3 0.016148921260180596 0.35418287269438 0.026578209399945683 0.06277271077238855
3 0.04286316974293274 0.4648043052295561 0.08572633948586549 0.26554611045911225
3 0.1510540983647652 0.7706309408517207 0.1354976489163866 0.2709232112340665
4 0.15033203088685776 0.823359634377296 0.08897299602733673 0.15716471738238647
0 0.7500402737589821 0.5829704102502855 0.01603635744722551 0.031414762758318115
3 0.7625881313223299 0.6104448341620551 0.06446828737731257 0.22429186353327224
3 0.5728137020731037 0.5899271972483001 0.07612502347786496 0.2605439869961923
3 0.5952213017335922 0.6267812314497152 0.07773181919899544 0.24786571891946663