3 0.7177595628415301 0.8278796541440363 0.153551912568306 0.3177376029367114
3 0.6666666666666666 0.8867029269589483 0.07759562841530054 0.2006333199928252
3 0.6046448087431694 0.7350725309091823 0.26284153005464483 0.5102882929307085
3 0.5540983606557377 0.7249524677498526 0.346448087431694 0.5343468523295142
3 0.22295081967213115 0.7012160098879742 0.20928961748633879 0.44995787230937795
3 0.15601092896174865 0.7521144725578411 0.08633879781420765 0.2648917441243839
7 0.40710382513661203 0.8784768351121669 0.04262295081967213 0.07563845841804724
7 0.46475409836065573 0.8971878995383916 0.03715846994535519 0.06970024430669697
2 0.423224043715847 0.8208620161050426 0.09453551912568306 0.06409032742733173
8 0.4967213114754098 0.8489542013559244 0.03715846994535519 0.04348665207368726
1 0.9030054644808743 0.24249652586634718 0.1355191256830601 0.24066576821391555
1 0.32868852459016396 0.7305834114935394 0.022404371584699455 0.047065124458478165
0 0.6308743169398907 0.9136564818154774 0.08688524590163935 0.14839818689474227