6 0.355515625 0.8448611111111111 0.08834375000000003 0.020541666666666618
6 0.616171875 0.8441111111111111 0.034375 0.021569444444444405
7 0.4406171875 0.86475 0.038374999999999916 0.05019444444444458
7 0.5587109375 0.8644166666666666 0.04019531250000004 0.052055555555555584
8 0.4986171875 0.8495 0.03789843749999999 0.02979166666666673
5 0.48445312500000004 0.879125 0.012421875000000072 0.02340277777777765
2 0.5119374999999999 0.8800416666666666 0.01908593750000005 0.025236111111111213
1 0.36739062499999997 0.13775 0.034218749999999964 0.07273611111111111
4 0.07675000000000001 0.49770833333333336 0.04667968750000001 0.24541666666666673
4 0.620703125 0.697 0.05332812499999999 0.19955555555555549
4 0.7211093749999999 0.16716666666666666 0.041648437499999955 0.19820833333333335
3 0.2819921875 0.5773194444444445 0.05247656249999997 0.2740694444444445
3 0.3105078125 0.5366111111111111 0.09699999999999998 0.2426805555555556
3 0.40515625 0.45608333333333334 0.07224218750000003 0.22881944444444444
3 0.425203125 0.4365138888888889 0.04514843749999997 0.2730277777777778
3 0.5898515625 0.18191666666666664 0.04787499999999998 0.1804861111111111
3 0.5916718750000001 0.38040277777777776 0.10464062500000004 0.19415277777777773
3 0.614703125 0.5388194444444444 0.07258593750000006 0.23337499999999997
3 0.7097734375 0.47304166666666664 0.05959374999999998 0.2127638888888888
3 0.7410703125 0.4928194444444444 0.09718750000000007 0.24397222222222217
3 0.9084609374999999 0.2771666666666667 0.053851562499999873 0.2098888888888889