4 0.7036394612897527 0.20809890235981898 0.06372801613480217 0.21142261780953803
0 0.3050748534367552 0.20222956152559726 0.02344668702511644 0.040241663699839676
4 0.12021878314276888 0.451846228309221 0.09319448800529442 0.24403462736888043
3 0.3276884146782861 0.38353978512532133 0.07334270532793856 0.2469056887755696
3 0.2782024307943562 0.5679050684007605 0.06567618928824093 0.2791328265166486
3 0.35005106216609877 0.6202390993633615 0.07515020556712268 0.27153897440575714
3 0.6109761602447558 0.6575360461281177 0.08469455830313194 0.28548358383332717
3 0.7192491030438846 0.3602499607879856 0.05776851968124979 0.23751381041157393
3 0.8016290216888649 0.5963272147616236 0.07515522959977478 0.2730774359442187
3 0.9539518149508114 0.697828848535888 0.08474982266230319 0.3024066607564041
4 0.8651337562495346 0.8702936875904015 0.0661629446977212 0.16375716163943463
3 0.29612053665847066 0.23693892646869735 0.12013559872513246 0.29661978540601824
1 0.32602101159559793 0.13739488947887668 0.046014744093900495 0.07585899227689329
6 0.6310518002540025 0.8550269674038924 0.10290908209371136 0.04568049499615951
6 0.3446291372063047 0.8110709836844026 0.04157135398571929 0.0373527012783475
7 0.5373884288323888 0.8659980974569518 0.05117097108089989 0.06822038762899445
7 0.4082061444826692 0.8427208136980868 0.05464529864501371 0.07441003581244646
8 0.47425576056684243 0.8381899460357205 0.055413399883003235 0.0451882170890786
5 0.4881882390518615 0.8734313533019126 0.02602731253494199 0.037191592145120994
2 0.45838293285624193 0.8698939919611093 0.032062169478273776 0.03417732262000824