7 0.7072760416666667 0.9275277777777778 0.029598958333333297 0.04021296296296302
7 0.7840052083333333 0.9264722222222223 0.02893749999999997 0.04012962962962956
5 0.8566979166666666 0.9266481481481481 0.017765625000000066 0.02736111111111107
2 0.8799843749999999 0.926962962962963 0.02170833333333325 0.03169444444444446
8 0.8274635416666667 0.9266574074074073 0.03314583333333327 0.031101851851851776
4 0.530546875 0.9092592592592592 0.08324999999999996 0.1814814814814815
4 0.832015625 0.680537037037037 0.07577083333333334 0.30181481481481487
3 0.8340104166666666 0.8777777777777778 0.08183854166666672 0.24444444444444444
3 0.6100625 0.6454351851851853 0.0672760416666667 0.3575277777777777
3 0.49678125 0.6222685185185185 0.0511354166666667 0.3297222222222222
3 0.30531250000000004 0.4340185185185185 0.07444270833333337 0.2902592592592593
3 0.33601041666666664 0.28073148148148147 0.0525052083333333 0.2503518518518518
3 0.3786614583333333 0.43034259259259255 0.06697395833333329 0.29030555555555554
3 0.44080729166666666 0.34209259259259256 0.03709895833333334 0.2841944444444444
3 0.527109375 0.4454537037037037 0.07220833333333326 0.31682407407407404
0 0.6008072916666667 0.3279722222222222 0.0206302083333334 0.038657407407407404
3 0.6188489583333333 0.5197962962962963 0.05660416666666658 0.29062962962962957
3 0.5844166666666666 0.5093518518518518 0.04919270833333324 0.3335092592592593
1 0.6040520833333333 0.2180462962962963 0.044833333333333295 0.07994444444444447