4 0.16803872400805225 0.46416354442119295 0.06651097469634291 0.21564879483494986
4 0.4643480192375564 0.7652807839592259 0.06874124954962037 0.16141294934981748
4 0.8310479845820342 0.13649045048643232 0.06489649984913437 0.21275840611075256
0 0.7624987075442385 0.2793465924888019 0.02341455448983037 0.04333920792943348
3 0.6399132822335205 0.2175258808401799 0.05758934018894398 0.18689451399472148
3 0.7833750871777571 0.4054847630080328 0.08198856190399696 0.2859646305719679
3 0.6948617250494263 0.4557907859961274 0.09067206694080293 0.24186176855505356
3 0.6399605093808671 0.4775092579066526 0.07476544793930996 0.2858150241702226
3 0.5938219076921671 0.35656175069559864 0.06736957337831048 0.23280827491133438
3 0.4601382688817887 0.336651175120452 0.08179245528115564 0.22596463057196794
3 0.32971392960031487 0.33180709127941455 0.061462105121264494 0.1441204858052149
3 0.339347350369695 0.45556968358640665 0.07703307643503328 0.24300775011366146
3 0.23086109983450695 0.6561661074838416 0.09228187258270583 0.24332358585067954
3 0.28236114030662557 0.8215073780485371 0.10511829487017693 0.24216098135854444
1 0.2750038838021466 0.28924816037098916 0.04361416690116083 0.08518335269618652
6 0.3942099479817337 0.9131036800945412 0.09005573184044491 0.053290339983625146
6 0.6547201091600151 0.8192204192051875 0.037034868174376984 0.0364789406565397
8 0.5381098555832763 0.8668017823769706 0.04026848707410004 0.043688289533505925
5 0.5261880624414416 0.9022667240883473 0.020969496192488793 0.03186076770027999
2 0.5538439815356014 0.8928402152950381 0.02899984758078004 0.03345556846412429
7 0.48165019553117744 0.9027727227061557 0.049983351389186095 0.0696020504501189
7 0.6002808772695799 0.859518631153905 0.049983351389186095 0.0696020504501189