1 0.22768361581920904 0.33984976906635705 0.03672316384180791 0.0651472268365095
3 0.29717514124293787 0.58790687713809 0.08022598870056497 0.2511592752440744
3 0.35141242937853107 0.6853746224770919 0.09661016949152543 0.3983800454157079
0 0.7971751412429379 0.5005850387878485 0.022598870056497175 0.031655374385073806
3 0.7731638418079096 0.5237183710538809 0.07457627118644068 0.1625110252091742
3 0.7225988700564971 0.525772120335051 0.04293785310734463 0.1598434004664493
3 0.6932203389830508 0.5082721955668341 0.09265536723163842 0.20715122008946663
3 0.7423728813559322 0.6299901667420752 0.12372881355932204 0.38385140413453694
3 0.5771186440677966 0.5448830698001308 0.07288135593220339 0.18058455824699393
3 0.5669491525423729 0.5767839238870961 0.09717514124293786 0.2595587537189965
3 0.4011299435028249 0.6043645895743962 0.08926553672316384 0.3036604592033354
4 0.03305084745762712 0.6985103529899985 0.06497175141242938 0.3212657405924998