6 0.5787240853988688 0.9376876876876877 0.0962882008546142 0.05105105105105105
6 0.30202960229932485 0.8498498498498499 0.03889865943140972 0.03453453453453453
7 0.4859974245507653 0.9309309309309309 0.04659020616499331 0.06606606606606606
7 0.3604974931889574 0.8903903903903904 0.04828635764865428 0.06906906906906907
8 0.42582847675604607 0.8948948948948949 0.05158545760888672 0.046546546546546545
5 0.4379342635769833 0.9316816816816816 0.023731404506976347 0.03753753753753754
2 0.4097150376612668 0.9234234234234234 0.03047186164878831 0.036036036036036036
0 0.2017743979543412 0.30855855855855857 0.019515552904952688 0.03753753753753754
4 0.25164436347627717 0.14189189189189189 0.06563049535647356 0.21621621621621623
3 0.49718814622439117 0.21546546546546547 0.06563540077789926 0.21771771771771772
4 0.9397631425215531 0.759009009009009 0.06065977101970899 0.24324324324324326
4 0.3155819262760357 0.7019519519519519 0.08330763955641805 0.2072072072072072
3 0.1427500228152978 0.30930930930930933 0.11209806598582268 0.24474474474474475
3 0.5376600405214045 0.34459459459459457 0.0673266468401346 0.21921921921921922
3 0.5652810861055911 0.4069069069069069 0.07920951806861287 0.24324324324324326
3 0.521387175230288 0.4219219219219219 0.10286734125420258 0.25825825825825827
3 0.4119709693522914 0.49099099099099097 0.0843175942052987 0.25825825825825827
3 0.3470591182346922 0.4872372372372372 0.09612197869096481 0.25825825825825827
3 0.34023064458962976 0.3836336336336336 0.07500347730944068 0.24624624624624625
3 0.7752051255319982 0.8018018018018018 0.07162589060639608 0.24474474474474475
3 0.6883073566877547 0.6884384384384384 0.10369088988890446 0.25225225225225223
1 0.6623416097523498 0.2484984984984985 0.04329110620476087 0.08858858858858859