7 0.6669354838709678 0.9775334608030593 0.025268817204301075 0.044933078393881457
7 0.7443548387096774 0.9875717017208413 0.020967741935483872 0.0248565965583174
8 0.7887096774193548 0.9937858508604207 0.03978494623655914 0.0124282982791587
1 0.646505376344086 0.3350860420650096 0.038172043010752686 0.06978967495219886
4 0.646774193548387 0.41252390057361377 0.043548387096774194 0.1711281070745698
3 0.022311827956989248 0.2624282982791587 0.03333333333333333 0.21510516252390058
3 0.032526881720430105 0.4732313575525813 0.06505376344086021 0.25047801147227533
3 0.14274193548387096 0.76434034416826 0.12688172043010754 0.2638623326959847
4 0.14220430107526882 0.8303059273422562 0.08655913978494624 0.18451242829827916
0 0.7217741935483871 0.515774378585086 0.015053763440860216 0.029636711281070746
3 0.7349462365591398 0.5415869980879541 0.05698924731182796 0.2170172084130019
3 0.5486559139784947 0.5406309751434034 0.06666666666666667 0.251434034416826
3 0.5720430107526882 0.5745697896749522 0.06881720430107527 0.2390057361376673