7 0.7713675617600211 0.8777326481302815 0.03495018748911988 0.05197747332884071
7 0.8502572799148558 0.8532522107540893 0.03386006910335309 0.05098784846719848
5 0.9250614255210856 0.8315887265684019 0.021306317414882377 0.03428801362214141
2 0.9489981829795543 0.8248304928668929 0.025673114686004857 0.04018074904549994
8 0.8948667634025478 0.8406353407197227 0.037639122017218515 0.04332967861640889
4 0.5867586744099452 0.9020916397297526 0.10336241156599711 0.1958167205404947
4 0.8753194797912364 0.5853777469043546 0.10978965712749474 0.3368735113093008
3 0.8956078581651483 0.7802017198816851 0.10846556080367889 0.26431715530645916
3 0.6436823326237906 0.615883589478987 0.10670901381185617 0.3919317160280487
3 0.5248896474594168 0.6264808064199976 0.08757660944045181 0.35768871615240283
3 0.3092886332035447 0.4899959599461474 0.10703432345481474 0.32521182826544637
3 0.32559808617756686 0.3225273386217794 0.08024579547082132 0.2763045104511473
3 0.38437874632833396 0.46398607153099625 0.09941614221055772 0.32215292618752844
3 0.43963208410733096 0.35438765895882757 0.06784381325567988 0.30602633904903026
3 0.5385607557297835 0.4347779682026457 0.10766317204443211 0.35133526738872395
0 0.6028921500540976 0.29151610774096043 0.025151769473329158 0.0469393215276382
3 0.6403095792374838 0.4837932100067592 0.08908056966195288 0.31903775692649106
3 0.6038949548272091 0.483522788747157 0.08595566024992635 0.3605563098077149
1 0.5953848152267567 0.17723301027935331 0.05466401248972597 0.09783714250184572