8 0.8262537187757848 0.9730364344273306 0.04011325785323393 0.03480527369246931
7 0.7792909757524762 0.9672105115163196 0.027583102837285524 0.04037068220723704
2 0.8808921690197907 0.9751370221427756 0.022607843557929438 0.0315311438759539
5 0.8584782596863462 0.976130150111482 0.021540381379719677 0.03539204474300409
7 0.7003705573631588 0.9592673952772102 0.02705573024734411 0.04327200642717013
3 0.1276114497674898 0.7095300242131247 0.06859290907256362 0.21206915978320148
3 0.3167533886112129 0.4939931158312127 0.0779333945522099 0.2200282014423999
1 0.3343710337434366 0.26568560474124964 0.03321290468985164 0.06572637204674288
4 0.3324169437725515 0.31370996575056287 0.03170747175061235 0.16956467863521243
3 0.3744324665018038 0.44906281060233294 0.06434213585721534 0.23042538461062592
3 0.42725035525735683 0.4787994098125284 0.045178301802125356 0.22420474201701623
3 0.4696412208575636 0.5151174798810609 0.04835525434010065 0.20873854427023436
3 0.5053058263401354 0.6605345823882732 0.07081685241727094 0.2179395910588094
3 0.542136642158262 0.7530560092451978 0.06704894229772006 0.2265983751614469
4 0.3378189132813857 0.7823316733513113 0.05818496141470768 0.20797101899105327
3 0.7087062834503899 0.43752440933664877 0.04223623089257343 0.19210942136910822
3 0.7549002223358584 0.435566396247462 0.06147000843846131 0.20900967561320322
4 0.9147873473232483 0.389350597813455 0.0749086631535334 0.17531152157119068
4 0.8961878883312094 0.6423984447478805 0.06601963111449097 0.23628451874694373