8 0.8262604166666667 0.9269166666666667 0.037197916666666705 0.03025925925925932
7 0.78140625 0.9248703703703703 0.02527604166666677 0.036083333333333356
2 0.8783124999999999 0.9243333333333333 0.02073958333333342 0.028388888888888963
5 0.8569895833333334 0.9273333333333333 0.019463541666666608 0.03244444444444441
7 0.70603125 0.9237777777777777 0.02452604166666674 0.039685185185185094
3 0.15462499999999998 0.7309814814814816 0.06019270833333332 0.19740740740740745
3 0.32930208333333333 0.5106851851851851 0.06877083333333331 0.20390740740740743
1 0.34036458333333336 0.29180555555555554 0.029880208333333276 0.059796296296296333
4 0.33981770833333336 0.3375648148148148 0.02581249999999997 0.15925925925925927
3 0.38306250000000003 0.46339814814814817 0.05576041666666664 0.21515740740740735
3 0.43420312499999997 0.4874259259259259 0.03750520833333333 0.2103055555555555
3 0.47546875 0.5186759259259259 0.04116145833333332 0.1960833333333333
3 0.5128333333333334 0.6545555555555556 0.06232291666666671 0.2025462962962963
3 0.5501979166666667 0.7394722222222222 0.058182291666666684 0.2117407407407408
4 0.35644791666666664 0.7835092592592593 0.05014583333333332 0.19399999999999998
3 0.7010000000000001 0.42603703703703705 0.0353854166666667 0.18012037037037035
3 0.7449010416666667 0.4202685185185185 0.05324479166666667 0.19503703703703706
4 0.8961406249999999 0.3637962962962963 0.0670312499999999 0.16146296296296295
4 0.8845104166666666 0.6063611111111111 0.05716666666666678 0.22065740740740736