7 0.5982840882452575 0.8850148367952523 0.05300422898366037 0.0771513353115727
7 0.47601680931463913 0.9206231454005934 0.051279382049648346 0.06824925816023739
6 0.41143832433691796 0.9213649851632048 0.03941878115849685 0.03857566765578635
6 0.6854592484192455 0.8353115727002968 0.09787817173774518 0.057863501483679525
8 0.535372269934203 0.8857566765578635 0.05366302151495726 0.050445103857566766
5 0.5543113558030756 0.9146884272997032 0.02691878115849685 0.03857566765578635
2 0.5264480210481423 0.9228486646884273 0.030252114491830184 0.03857566765578635
3 0.6450693365584473 0.3293768545994065 0.10896420339485985 0.22403560830860533
3 0.46147506776998626 0.4807121661721068 0.07945815183534478 0.17210682492581603
3 0.3870177916825679 0.5 0.061512686950980916 0.2314540059347181
3 0.32164505213238587 0.5704747774480712 0.0890223836622052 0.23293768545994065
0 0.34071533551876126 0.6832344213649851 0.02776181120305438 0.040059347181008904
3 0.23518260023337925 0.7292284866468842 0.08971996303839926 0.21216617210682492
4 0.25418325514533174 0.44881305637982194 0.04209390579248416 0.19287833827893175
4 0.97108632357309 0.22997032640949555 0.04034966543602347 0.18100890207715134
3 0.44195990333119806 0.5548961424332344 0.0651751246339874 0.1543026706231454
3 0.46048261444937955 0.6476261127596439 0.11151268695098092 0.2314540059347181
3 0.3890826073413794 0.6884272997032641 0.11930358828770807 0.27596439169139464
3 0.554459903331198 0.5548961424332344 0.05992359397410818 0.2433234421364985
1 0.30200751113939267 0.37091988130563797 0.04052362240610876 0.08011869436201781