7 0.7292220310258503 0.9907437734833497 0.025450863702357555 0.018512453033300517
7 0.8089548207182384 0.9976568393999276 0.025365881289381026 0.004686321200144903
1 0.7543522598073313 0.3733366167553569 0.03523676141296798 0.062360705448279305
4 0.7513600352026654 0.4443104365212075 0.030638179246022006 0.13230834497998056
0 0.8183247050400998 0.5140085760985222 0.01477016929029611 0.02515126357508484
3 0.8285904898476014 0.5336162059500249 0.04913867603114938 0.21249451553393123
3 0.5763696440684143 0.4840010914500004 0.054037965197858286 0.18854687600222975
3 0.4784797525944367 0.46098588014798875 0.0461793337672231 0.18946542638487654
3 0.7178144169676673 0.6769788202219832 0.08641997808594798 0.24387849230145411
3 0.40268628107768883 0.40969756420860426 0.06021774047875729 0.18861087213015026
3 0.18623071852896575 0.4324576997313865 0.09914521313983991 0.21401230238710628
3 0.03747316277473395 0.42439852134205047 0.0749463255494679 0.23079704268410092
3 0.022503218074803898 0.7362530755967767 0.045006436149607795 0.2885061511935533
3 0.2767441502371098 0.7244147327352887 0.08938585745856498 0.267907581450509
4 0.44889188307742905 0.9047095332319685 0.07426268429898188 0.18875631787542396