2 0.13852583708048272 0.9811082650124867 0.022671457656657186 0.032783948902758445
5 0.1617878691660442 0.9806271164137177 0.01945045652995222 0.030816442894379282
8 0.19248675235975932 0.9723865526547135 0.03771938955057642 0.04450049785440657
7 0.2362903510757924 0.9643502823272753 0.022217590648688203 0.045130302464099346
7 0.31482530688240795 0.9513174877835914 0.027036647361773306 0.046180420792256795
0 0.7611079319892174 0.49668413710485465 0.015707141021930947 0.030739016683083112
4 0.9199316487267419 0.5342791087269234 0.062424851639162934 0.22464497157364607
4 0.44664000280482724 0.8663555835691441 0.09247715800759854 0.24142407708150615
1 0.689691543749164 0.2490781532433675 0.03143917199780611 0.06528031473498752
3 0.6633864134360317 0.3974559467100246 0.07020356496253526 0.1877386415375588
3 0.6170581703264624 0.38748115452853776 0.08101697940954712 0.20602069578602059
3 0.7169405050225047 0.4899920975717742 0.07259772442362192 0.22675626911728905
3 0.5634706043563542 0.4532370874186305 0.06195231716573567 0.23413961410837134
3 0.511530499228996 0.4438537197251905 0.060161364436285086 0.2055893211802275
3 0.4517809429873544 0.5487157672936379 0.04631984600563857 0.214807441531752
3 0.2543948768351411 0.38024659583275777 0.07489817190589734 0.16977735302160987
3 0.09351961215478698 0.43776396286786134 0.055733949846307584 0.18268714586867557
3 0.7074495567045576 0.7150287316935577 0.09663078310418581 0.22250115733602394