6 0.6661264181523501 0.8655875272267936 0.09157212317666126 0.02256111638132257
6 0.3958670988654781 0.8676628099961791 0.03565640194489465 0.02342360880645832
7 0.5777957860615883 0.8866741892576208 0.04051863857374392 0.05229235085093356
7 0.4554294975688817 0.8879400283087077 0.041329011345218804 0.05374165608120863
8 0.5178282009724473 0.8714443901308351 0.03970826580226904 0.030670134957833963
5 0.5328200972447326 0.9029895920739147 0.02025931928687196 0.03046894199607164
2 0.5036466774716369 0.9032913815165581 0.019448946515397084 0.02613779238539312
0 0.5048622366288493 0.38022405191322023 0.019448946515397084 0.03478332552660366
3 0.5425445705024311 0.40937314544894154 0.05753646677471637 0.22681997970688444
4 0.8233387358184765 0.22563268719318355 0.07293354943273905 0.2053654246152535
4 0.049027552674230146 0.7718271200236847 0.08427876823338736 0.24582860850192992
3 0.44570502431118314 0.2410665613890123 0.04213938411669368 0.20360594690226178
3 0.5891410048622366 0.5745971725179185 0.09643435980551053 0.2646863425756537
3 0.5320097244732577 0.6457933641629796 0.09886547811993517 0.2618296473154706
3 0.6819286871961102 0.4266632510289352 0.1126418152350081 0.23891740395349093
3 0.7779578606158833 0.4177447887341252 0.06158833063209076 0.23838927242886546
3 0.8885737439222042 0.5527676507381664 0.06239870340356564 0.26001148832196486
3 0.3217179902755267 0.41598029043955437 0.06807131280388978 0.21828342608662857