2 0.9050056882821388 0.8926994321160793 0.023321956769055744 0.013640767401045051
8 0.8478384527872582 0.9034984436278637 0.03811149032992037 0.02204414532634464
7 0.8023321956769056 0.9145620916820406 0.03640500568828214 0.022008813180183724
7 0.7187144482366326 0.9334998445767323 0.03754266211604096 0.024056659442266787
0 0.43031854379977247 0.5467584266706856 0.02502844141069397 0.04505261776582968
4 0.10068259385665529 0.45388706329551826 0.07224118316268487 0.22619208379612732
4 0.6598407281001137 0.3056702206233419 0.05802047781569966 0.24512841847555322
4 0.47696245733788395 0.9258534100872191 0.05631399317406143 0.1297084709447767
3 0.7198521046643913 0.7735572614725439 0.08703071672354949 0.27811772892790476
3 0.5944254835039818 0.7417412187498043 0.12571103526734925 0.33357446135290236
3 0.5298634812286689 0.746114388859866 0.080773606370876 0.31341327893988863
3 0.6282707622298066 0.5330445131006032 0.09954493742889647 0.27837683133308677
3 0.44084186575654155 0.29401018073022206 0.059726962457337884 0.2401030218767752
3 0.46501706484641636 0.37397522903747293 0.08475540386803185 0.24669410118106644
3 0.49032992036405004 0.5111029573984301 0.08532423208191127 0.25986377329996224
3 0.4246302616609784 0.5443458361187533 0.08873720136518772 0.2184364618837825
3 0.2229806598407281 0.6947759787855454 0.09442548350398179 0.2914287296314452
3 0.062002275312855515 0.7927446054371151 0.10011376564277588 0.31685014717667903