7 0.7434783579195747 0.8820985628942505 0.026828273050304132 0.04968305912146826
7 0.821622796986131 0.8541169373127888 0.02738382860585994 0.04968880796515514
5 0.8997704681803601 0.825147169438837 0.021783023262885812 0.035797327433426035
2 0.9239629918684088 0.8169919563985439 0.026246860473366825 0.04177217193786043
8 0.8683444098232346 0.8368356154707727 0.041815344539613254 0.045885708731049024
1 0.3414623018149674 0.39862687648877526 0.04136968132493141 0.0794767978320264
4 0.31210978780711734 0.45574687260050956 0.05000683465950349 0.17244840598139827
4 0.4683910904724105 0.9116240824164076 0.07443511846558408 0.16776064364116317
4 0.9315933881877928 0.26752447891532755 0.05895390184650195 0.19032694874520775
3 0.9692934096993455 0.37582633529670056 0.05962904612594937 0.2268939624110289
3 0.5638590589315182 0.34296765521962297 0.07338218565258255 0.18553570721861176
3 0.4665883547942047 0.3587958372521498 0.06894097333581095 0.1864778587616082
3 0.47892979533616087 0.4920628233335214 0.08120844534545162 0.20043832541757758
3 0.4646887897330208 0.5149366915748053 0.07186742898653531 0.23196114843458715
3 0.5746386917540932 0.5291146260584326 0.07966459953034953 0.2379704860011419
3 0.42381810172937184 0.6117002306817221 0.07464197463664024 0.23100175036053075
3 0.3466021585604162 0.695500398101502 0.0874423773081273 0.23805096981275597
3 0.33821226299280965 0.7128791208753797 0.09085004957793406 0.26081273560214907