4 0.9514163853834066 0.20609785904404995 0.07410945447450984 0.1401473607316105
3 0.6719634294105177 0.07173924360384445 0.0869376115092075 0.11746979408080557
3 0.6206040625172001 0.23032157710311146 0.06638274781837188 0.24323097373157584
3 0.7808431129552693 0.48744403394210156 0.08569692427668234 0.23120315148003384
3 0.7185682296566229 0.5138782765784172 0.09927228270779588 0.27259024644822416
3 0.6505218649709553 0.6659016065809905 0.15739935614662343 0.29291213342208766
3 0.39995590054512703 0.5699010493249113 0.08993544223570438 0.2121716872618242
3 0.42979496867818306 0.7349432719961015 0.11578881183095413 0.22704599946690648
3 0.24404576682726659 0.8964806596375569 0.13931022759338893 0.1864264835516481
3 0.22469713473094827 0.15855854139255093 0.0737876427847013 0.20610181957150625
4 0.054513949349939306 0.14834552903789963 0.10855871887641448 0.15328761639319888
1 0.49797149823731246 0.7870197163209957 0.11195030219898475 0.204023578458987
0 0.4331828864518085 0.5380859779244173 0.030285815214636885 0.05511627054901393