3 0.4236750754065641 0.6555233177288189 0.1092383573498661 0.21781594548063063
3 0.6086899595389998 0.3860484153212576 0.07599182899550962 0.2592184606012495
0 0.6452297422059865 0.4798723573515047 0.02430187167551416 0.04299221340146229
3 0.6474160160592396 0.40185789759944984 0.06532529914760307 0.25115629482947216
3 0.5719673776017244 0.49104319661071427 0.09273210376623184 0.25640984717612897
4 0.08439666455911665 0.6783549055069006 0.05207349204327786 0.27487435853179515
7 0.29336634510277637 0.9747726299140929 0.02767982933689773 0.04700305532876441
7 0.21257508223423402 0.9826744340807314 0.02705616423371852 0.03465113183853721
8 0.16645644411098773 0.9868728963908504 0.0409641393838739 0.026254207218299266
5 0.13429453555187348 0.9927185569165713 0.02245037813156725 0.014562886166857308
2 0.10914511986460887 0.994067923884396 0.026900150108993357 0.011864152231207976