4 0.158109375 0.3322361111111111 0.05200781249999999 0.20811111111111108
4 0.386328125 0.7030833333333334 0.05309375000000003 0.16409722222222228
0 0.5395625 0.331875 0.015804687500000015 0.03676388888888893
3 0.3153125 0.23766666666666666 0.03605468749999998 0.20550000000000004
1 0.2621875 0.18640277777777778 0.03025000000000002 0.07120833333333333
3 0.355765625 0.3941111111111111 0.03882812500000003 0.21283333333333335
3 0.3003671875 0.5625138888888889 0.04410156250000004 0.2321805555555555
3 0.45440625 0.5348472222222221 0.05978124999999999 0.26412499999999994
3 0.5547890625 0.44916666666666666 0.050718750000000055 0.23166666666666663
3 0.600515625 0.5384305555555555 0.07298437500000006 0.25145833333333345
3 0.6270156250000001 0.4532638888888889 0.05464062500000004 0.21208333333333335
3 0.6821484375 0.3040277777777778 0.0640625 0.2115972222222222
3 0.750671875 0.30904166666666666 0.067578125 0.22919444444444442
3 0.8319218749999999 0.5103055555555556 0.04542968750000007 0.2276666666666666
4 0.8124921875 0.22041666666666665 0.044921875 0.18072222222222223
6 0.35678125000000005 0.8443055555555555 0.09221093750000002 0.02987499999999999
6 0.6172187499999999 0.8426805555555555 0.03495312500000001 0.022666666666666578
7 0.44113281249999997 0.8609166666666667 0.01984375000000007 0.051194444444444306
7 0.5596875 0.8626944444444444 0.040437499999999994 0.05872222222222218
8 0.5002734375 0.8511944444444445 0.048835937499999996 0.03174999999999986
5 0.48479687499999996 0.87925 0.02234374999999993 0.03229166666666667
2 0.511625 0.8789166666666668 0.022429687500000028 0.03163888888888885