4 0.7245954369839038 0.18145359190798863 0.10940485171723138 0.2925017366825299
3 0.09537767168583455 0.422246422718761 0.16327825840804114 0.3118529089751626
3 0.10982112866961526 0.8871494789101074 0.16103564160997752 0.22570104217978507
3 0.2129312097900856 0.5196804552498677 0.1174414540422203 0.34737213862967536
3 0.5770475554580471 0.4953077756215465 0.1524442459423381 0.3511366951528251
3 0.7910884688781145 0.2573098688036165 0.09941415319908062 0.3302834499931241
3 0.6834937519416715 0.6601499378359913 0.15251374455520825 0.36177499302516547
0 0.7746925920969545 0.41580614697619467 0.02417870780768211 0.04456809953971776
6 0.663024967945048 0.8542809238495864 0.09673409019710826 0.05063050766262389
6 0.38301722641392816 0.9358754413098825 0.03948742771609048 0.03728762683826446
8 0.5099421352674435 0.9050668606718264 0.0429401104924354 0.04343739008123731
5 0.5293879979274746 0.9328292151243931 0.022392796179906947 0.032374676884796685
2 0.49989156761961234 0.9413376591294333 0.030081905440545956 0.03405358947024025
7 0.5735335091016351 0.9025849244764567 0.05250448674025428 0.07098753687175392
7 0.4461422655946418 0.9394636904842171 0.05250448674025428 0.07098753687175392
1 0.8574241412504375 0.030690324827401347 0.05648277551960269 0.027003008402674143