4 0.7206869003931764 0.36339479830488186 0.04707473576285518 0.16921324776788063
3 0.4032664199038572 0.5458038873547227 0.0985329685770943 0.20734733629737878
4 0.5737858536026137 0.7266750497975867 0.05135903290703795 0.17120287555091562
3 0.2746324399320598 0.31083803653677455 0.04170536420741309 0.16244864649916305
3 0.45234916872577946 0.5799573883821412 0.07720170588533405 0.22496573730615885
4 0.1289573601517959 0.21785005421458836 0.04278421634079961 0.16532247930043506
1 0.6848753129213594 0.2771642218877366 0.029063673683773952 0.0576315084480328
6 0.6185637263385053 0.9324839238043622 0.04988506612873636 0.04760660928956745
6 0.47831228477568855 0.8978398782108591 0.05471034490908052 0.05150843864434087
7 0.5477718897134383 0.9144627993601168 0.07023703313307293 0.05753262643008579
7 0.40645248500351217 0.8793655903701669 0.06755701406375647 0.05557618130903493
2 0.34234358478758653 0.8616814900054238 0.03168146997436379 0.0405765467249772
8 0.27715427686880617 0.8473465076130553 0.06218453136937795 0.04786100969811192
5 0.21411178423052177 0.8305908558158613 0.02311909796387073 0.03849843184331804
3 0.5676385678986653 0.31760936990078753 0.06475912825362051 0.18098510115616928
3 0.5306330161528172 0.2694237289465113 0.06260764626472021 0.17713857623803597
3 0.4523685486369209 0.24727989038493417 0.04918266180664682 0.1597517878951394
3 0.4948226277117068 0.3462049053302509 0.06636340632848695 0.18101828381815344
3 0.4398262362898638 0.4034222964714878 0.07701192641021713 0.16698094643163414
3 0.37950558482715574 0.453621018919465 0.07447813087090868 0.20970130739423357
3 0.3520230339456063 0.43660510328605995 0.06862688931909565 0.2190853410556785