4 0.6315299015187819 0.9049268870689616 0.0708058810796915 0.15550893608649347
1 0.518175103732256 0.3245950280147844 0.053217375689519134 0.0901580858886028
3 0.3352736369144804 0.7455602884767548 0.10599620542235803 0.28824729636007523
3 0.5059064904803308 0.592051786497848 0.05407650125922915 0.3090930982818705
3 0.5165236992135611 0.6846161327079378 0.08862111782929769 0.3430534544821325
3 0.6898043484815457 0.5860737495485382 0.07644096832316091 0.3174707921338332
3 0.7281395227135914 0.36773939193971805 0.04560803004105593 0.2387453899138937
3 0.7086722802453408 0.4091861486896956 0.07954728032545795 0.26760817194937886
3 0.9741574431886825 0.5652818537744098 0.051685113622634955 0.3366117045132799
0 0.5082102595527843 0.33182701581691443 0.02372830560196368 0.04199443077622114
6 0.8619923620483764 0.8455098867342157 0.049997497607522146 0.035138646836612275
6 0.8642775635772301 0.8887681734915087 0.04259371057511111 0.04015327841752619
7 0.9114442040006959 0.8399057703608475 0.029422502275947324 0.03798035572337962
7 0.9125885691604047 0.8836850710281423 0.03001455499929241 0.04104127001035609
8 0.9648706670968308 0.8296776979704968 0.04429664415237753 0.03813439195055359
2 0.9537585301670366 0.8802035193515753 0.02595006730980635 0.031834829268322776
5 0.9854724899530319 0.8742738965873105 0.02424047695137922 0.0328353857963954