7 0.8037195706766873 0.9754789204451699 0.05236046302111217 0.04904215910966004
7 0.8659715455264602 0.9830530174463541 0.052856513321566344 0.0338939651072918
3 0.18588731782143728 0.17358208894152397 0.06646596524339296 0.21634812128348702
3 0.3769415656889504 0.6808620828381564 0.09975726117365495 0.2592445309725279
3 0.3246489015684868 0.5608856778604522 0.06493671010967036 0.247279017328523
3 0.3146019148746286 0.3136913808519548 0.043999968434134534 0.16002459031419383
4 0.5868481621339623 0.30538841444507725 0.043475461357431175 0.1658216717166977
3 0.591534307671882 0.40891505142620643 0.06196636968310728 0.16988144561763815
0 0.7307991216756677 0.4514579570660562 0.01639288001886242 0.027248099510956136
3 0.7685582133499916 0.4479805287989975 0.07881419577006356 0.1700558679814097
3 0.7881265926053236 0.44915020179048154 0.09135846186645129 0.18372492995979647
3 0.8499931823956117 0.5053980970356879 0.0723556939201827 0.1893307094149381