3 0.40155273889244053 0.6260901141604596 0.11551956781529558 0.22521880970203043
3 0.6171442602301972 0.4714654233576238 0.0865442304195922 0.2576090377695384
0 0.6348307651590624 0.5770444558445733 0.02516048352056591 0.04544963478009987
3 0.6498876570131044 0.5062203391090966 0.07621106256300246 0.24788736587876137
3 0.5655537086999293 0.5498786780856385 0.10222619585389996 0.25873280417772854
4 0.08635860845391419 0.473112643429122 0.06499179614292191 0.2679621981614247
7 0.2284498791129976 0.8543085381652464 0.028969426338877457 0.049334947096135166
7 0.15188495999451493 0.8257759726202039 0.027882055499164466 0.048362220500344985
8 0.10821439186610605 0.8089213997497109 0.04085502847213744 0.04849647811136693
5 0.07746962352093056 0.7991441077297345 0.022941713530716317 0.03677341235775027
2 0.05375188220278213 0.789294092837121 0.027278617372304536 0.03874124181783451