4 0.8595841873238117 0.1808411460404734 0.057840126607951396 0.19160011084698803
3 0.7211683652744363 0.3947460526734011 0.10976978943907213 0.23563701419278282
3 0.7796186800735724 0.595634870603855 0.09950924520672833 0.26276486085693085
3 0.7292113495848463 0.2386835476755885 0.09637199286518187 0.2031377316896012
3 0.291121785242116 0.5381752675694003 0.08891624230383936 0.23911145752107865
4 0.6355866847741514 0.7488849505688566 0.07479637240925423 0.18023362418443112
0 0.3210091067913509 0.48801900091002487 0.01722477011212779 0.029649138337442982
3 0.617262436146907 0.5932535680646807 0.08025929566804305 0.2594374566856241
3 0.6614403256412541 0.20847726390928245 0.08699936634466263 0.19806174252068087
3 0.3914594825162026 0.3400821717605923 0.09021934840970171 0.18641117252147632
3 0.5658274947153311 0.4569542351358176 0.0584471180811501 0.20040053668045388
4 0.24736917640474615 0.3165971658925257 0.07199797217422514 0.17236430751710152
1 0.1271701865683588 0.25015511544695884 0.03613625248843933 0.06519174167528363
6 0.7235504975902306 0.8844751014232023 0.0508435486041635 0.04596730167886309
6 0.578189052552772 0.9185731930547381 0.05581417729310668 0.04997582168005632
7 0.6495025421338471 0.9024723014053053 0.0723232675205114 0.05422297168403345
7 0.5038439947957609 0.9331467426201081 0.06956962133728646 0.053189592516703854
2 0.4319682677932914 0.9472831459360749 0.032130262742984896 0.04069813584102233
8 0.3625714616993213 0.9624472467526382 0.05084994204013568 0.04694386417886287