3 0.026916666666666665 0.5859722222222222 0.05306770833333333 0.2682407407407408
3 0.06110416666666666 0.81725 0.09643749999999998 0.2937592592592593
3 0.20406770833333335 0.638361111111111 0.04070833333333332 0.2804166666666668
3 0.3828697916666667 0.39996296296296296 0.05872395833333333 0.2184444444444444
3 0.39428124999999997 0.4739722222222222 0.07529687499999997 0.24053703703703702
4 0.5654270833333332 0.30000925925925925 0.03425520833333332 0.1926111111111111
3 0.7212968750000001 0.48100925925925925 0.09468750000000009 0.2175740740740741
0 0.5320208333333334 0.46547222222222223 0.021609374999999945 0.03267592592592594
1 0.5538854166666667 0.2511574074074074 0.043229166666666666 0.07110185185185185
7 0.8409010416666667 0.7953425925925927 0.02975520833333339 0.04747222222222221
7 0.922296875 0.7946944444444445 0.040932291666666745 0.05236111111111107
2 0.8158385416666667 0.8880833333333333 0.03286979166666673 0.0313055555555555
8 0.8655104166666666 0.887287037037037 0.03962499999999996 0.03177777777777772
5 0.9276927083333334 0.8863518518518518 0.02972916666666663 0.03196296296296294