4 0.24476562500000001 0.2540138888888889 0.07571874999999997 0.24538888888888893
3 0.8335234375 0.30486111111111114 0.12536718749999992 0.24733333333333338
3 0.8632109375000001 0.7679305555555556 0.12329687500000013 0.2510972222222222
3 0.7354375 0.42341666666666666 0.07731250000000003 0.2965833333333333
3 0.40412499999999996 0.4979166666666667 0.11072656250000001 0.2883055555555556
3 0.1912421875 0.34002777777777776 0.062046875000000015 0.28495833333333326
3 0.3218359375 0.6747916666666667 0.10967968749999998 0.2990972222222222
0 0.21921875000000002 0.47844444444444445 0.01863281250000002 0.03483333333333339
6 0.356546875 0.8442500000000001 0.08764843750000004 0.01756944444444457
6 0.6164296874999999 0.8439027777777778 0.03410156250000007 0.02326388888888889
8 0.49928906250000005 0.8497500000000001 0.03660156249999993 0.028569444444444356
5 0.48390625 0.8795277777777778 0.01785937499999992 0.023999999999999962
2 0.5113359375 0.8797638888888888 0.025843749999999943 0.02234722222222211
7 0.4413125 0.8646111111111111 0.04324218749999993 0.051861111111111
7 0.55965625 0.8635 0.04315625000000001 0.05179166666666662
1 0.1085390625 0.11386111111111112 0.043062500000000004 0.091625