0 0.27954585124724135 0.6879423879417036 0.02473760764829433 0.04276332660108419
3 0.3578886002480812 0.6633443509843029 0.10155708774436957 0.308722793741819
3 0.5485443393300966 0.4589278352341031 0.11362784111045107 0.24103857537728562
3 0.8958215791192446 0.6739711140548916 0.11008289203704924 0.30779897536850354
3 0.96200824792944 0.4267922839416912 0.07598350414112007 0.27914680433613454
4 0.794653690532809 0.8617719332512196 0.07564872909075912 0.26088696141237266
7 0.6975331908184889 0.9290773561384451 0.022475532623799616 0.04476406413221371
7 0.7794444536171237 0.92822941333199 0.027026158334834884 0.044811172065905625
8 0.8266869804889159 0.9322953243903815 0.03264825131851463 0.03474859949314208
5 0.8602478451078011 0.9319479033794034 0.022396105637662613 0.032618315144359464
2 0.8847107677623712 0.9322007711103031 0.023520524234398252 0.030605800629806845