0 0.4720720997356156 0.8158713692946058 0.028714124709274466 0.0487551867219917
1 0.7070512538455748 0.14263485477178423 0.044573833160909154 0.08713692946058091
3 0.5561614264774973 0.24481327800829875 0.06833816252843143 0.22614107883817428
3 0.6218719316000672 0.3801867219917012 0.07543966052024417 0.25933609958506226
3 0.5451407976325865 0.6172199170124482 0.11226482857604915 0.29356846473029047
3 0.4674978554743105 0.6644190871369294 0.1059969666017253 0.33713692946058094
3 0.4235459561167627 0.6784232365145229 0.07834663274657168 0.2572614107883817
3 0.40322446755008623 0.7904564315352697 0.1606195655694968 0.2894190871369295
3 0.2566655035282823 0.5238589211618258 0.07308153543954031 0.25103734439834025
3 0.2359386746200258 0.42271784232365145 0.08938838072541856 0.2479253112033195
3 0.3991495219147411 0.43516597510373445 0.07712010539424229 0.23858921161825727
3 0.16389966987213397 0.49066390041493774 0.07830933896573214 0.245850622406639
4 0.3972108813542131 0.9118257261410788 0.08857169642649328 0.17634854771784234
4 0.34042185275404035 0.2966804979253112 0.06249370498236213 0.22095435684647302