3 0.5343175877337044 0.5529691676280623 0.10794881501947577 0.20923573669238515
3 0.3069689623743443 0.39936169299011026 0.057316249802388836 0.19549499751352206
3 0.8777915046900758 0.6123116631275187 0.07387009408159759 0.2065780850174992
3 0.5660670560922103 0.45158882305255055 0.0601146500374178 0.20336431418085166
3 0.4219286067388918 0.37879309260121696 0.0651747868299693 0.22104470918204466
3 0.32634134955685695 0.6311763138277521 0.08421375298157777 0.1921455508533514
4 0.3309740884996416 0.7933595504952804 0.12199196368239669 0.2563948200290329
3 0.8160410974041785 0.3688798781130023 0.0464423206608744 0.212845855844204
3 0.3375027908450408 0.6157842621638031 0.09357359263015316 0.19526841502227166
3 0.3013909572680589 0.30257973548891715 0.03809788249942023 0.11307739417568141
3 0.48802832459201506 0.27958780011732415 0.05350845657206734 0.20127482917926076
4 0.652486661648974 0.30935262432362914 0.05132983468218119 0.20415906334539713
0 0.3529737176152785 0.6292860292508484 0.02329429989997182 0.0336803850055678
1 0.2800099516651341 0.2254877725672128 0.031203984415328442 0.06704259667409063
8 0.17503261990330973 0.8477438696242311 0.049144049468035876 0.038120711678465424
2 0.11432792434298206 0.8479530650262488 0.05025573743888097 0.04009656334539713
7 0.10420483898403683 0.8960770054403966 0.0283032892047471 0.04354828000676125
7 0.23580783573140143 0.9002633675554804 0.030488304530605245 0.04164060834062466
5 0.23879445738346156 0.8529682663062759 0.03157441875756229 0.03971021000755659