6 0.6082356360073176 0.8959737847632773 0.09582305162149014 0.05770631731111789
6 0.3344040520419091 0.794326937775772 0.0387077415398179 0.03622032861388636
7 0.5163292933325704 0.8834917733667095 0.047204379338342164 0.06914298279016938
7 0.3924339396085393 0.8377576388847929 0.048887112417042675 0.07065288675975448
8 0.4574775621454186 0.8452936361827793 0.04377546369474793 0.046720189776372656
5 0.4689275241086564 0.88323611274629 0.02445087730308217 0.037565249350026496
2 0.43952850252847003 0.8723459993782056 0.023602189669171082 0.034571491395084857
3 0.8557549036214936 0.647881131593064 0.10246669013670076 0.29358799613003816
4 0.6415291235829957 0.8150294367148619 0.0598663636311068 0.09315382972623554
3 0.6995657729090488 0.6039738425555085 0.09061434764018964 0.26063060864145116
3 0.476740859748176 0.7070298764804549 0.0752794014733057 0.18883251769130602
3 0.4181426468382285 0.6180811289757704 0.08657101938862903 0.3068558487174889
3 0.38171468876353354 0.3818830062398981 0.10331049704090453 0.29508921677154715
3 0.3304084124171444 0.34211418178985076 0.08312258082620612 0.2784629064499606
3 0.5160673352905295 0.41855337524026703 0.094838262890916 0.2696292491624283
3 0.535745215250828 0.2787927365604716 0.060066473549101065 0.1543478595769818
4 0.6383086809789655 0.215042461706976 0.07542582336452101 0.2336086370942911
3 0.7414334306234284 0.3229339778982566 0.10230562605636388 0.2443342647867546
3 0.6243839860298867 0.4465377035303965 0.08563935934969605 0.27848895643418875
1 0.25439474079047747 0.05856298144370228 0.0489554426329432 0.09154840914781405