7 0.7505393445379672 0.9307593774365239 0.023739317141394423 0.044244348852060286
7 0.8308845942989376 0.9324274277735574 0.023739317141394423 0.044244348852060286
5 0.9115074744925985 0.9330925691956852 0.019760974659735194 0.030203624043383344
2 0.9362298440599081 0.9338365846840031 0.0237099011479683 0.035244348852060285
8 0.8789199363859631 0.9324300033247206 0.040002035979428974 0.03541306591657781
1 0.40689575173727044 0.30079661796158474 0.03562531793066169 0.0713665232780902
4 0.3713703086228875 0.3466660501545804 0.03481549302158951 0.16735488761846828
4 0.4734210697704338 0.887127567533325 0.0596947478871721 0.21661087213015026
4 0.9917987436071338 0.3912344392985693 0.016402512785732418 0.18318035272413954
3 0.633117400554309 0.3284549414626753 0.05843060930185121 0.17359923647052847
3 0.535013421149289 0.3079701527646869 0.05338423485771252 0.17654687600222985
3 0.5323713102976603 0.44500215082864725 0.0652146721038414 0.18666905042825988
3 0.5155729412565291 0.4621766857229758 0.052414256206653395 0.22353524034260783
3 0.6230609791128879 0.5175654802290834 0.059727432324312206 0.22661087213015024
3 0.46443155659348506 0.5432090171506783 0.05465491033046138 0.22155851166185175
3 0.37893062680695744 0.5970962361968489 0.06758606397621007 0.22469232174750367
3 0.36858312659198733 0.6112038660483516 0.06934663144005948 0.2477097752369366