6 0.7563822992053947 0.933005720303469 0.04933384874124533 0.04473982933922772
6 0.7538287930174369 0.9700501243747663 0.04500952441692101 0.0446950768022204
7 0.8033715889579723 0.9440574980019756 0.03203340667107728 0.043599280729659996
7 0.7992106126263115 0.9767917611977276 0.0309082987698054 0.030126554133869596
8 0.8554975862321204 0.9545753628320167 0.048265346751647266 0.04857479505112985
2 0.837023292281183 0.9840924841912211 0.027614739160629363 0.014708374346498833
5 0.8686354795841922 0.9866498466489702 0.02273100565853973 0.008888796973134888
4 0.6915232326795403 0.4360976367138031 0.06659691393019883 0.19972093772782365
4 0.07693160266119912 0.5241860632331788 0.06895719678322053 0.26032023707325036
3 0.20051744595074072 0.5007924342795218 0.0813990635342653 0.26333351600176186
0 0.3090799737386775 0.3607313131620304 0.022834783163275828 0.040619566203903903
3 0.2853903529443999 0.4148208089281617 0.08608467634549531 0.20857617029820283
3 0.3554797987746 0.46938204174025383 0.07264349260800987 0.23055170323543941
3 0.3539743535525801 0.5165114115234533 0.06737016766317759 0.27088037794879566
3 0.42265444992993656 0.506185580383077 0.08023936313141447 0.2392838663290486
3 0.40533828399541466 0.5121338213003371 0.09006029127439703 0.2672691749219303
3 0.5470355603625524 0.4049017419776787 0.059494412354272976 0.17657129177826364
3 0.5758866864681322 0.5079650469682636 0.07429341718546877 0.23922233159066347
1 0.35613391153172363 0.2693820417402538 0.042413743991825154 0.07735941415889858