4 0.2011049723756906 0.1466252225316829 0.06353591160220995 0.19581350309326592
3 0.33314917127071825 0.3786674457349135 0.11602209944751381 0.24601529590226703
3 0.26795580110497236 0.573041762345279 0.10718232044198896 0.27235500429568016
3 0.3301104972375691 0.22106822991377398 0.10165745856353592 0.21231928667810565
3 0.7593922651933702 0.5766269592404156 0.09558011049723757 0.2465746927801097
4 0.40718232044198893 0.7455051361427157 0.07955801104972375 0.1873041175830533
0 0.7309392265193371 0.5222057969159145 0.018232044198895028 0.031811384837406476
3 0.4303867403314917 0.5912922537795512 0.08839779005524862 0.2660724641994631
3 0.39917127071823205 0.19901075772945614 0.09226519337016574 0.20623106181663767
3 0.6654696132596685 0.36491588761933946 0.09502762430939227 0.1954827123739514
3 0.48646408839779004 0.46095722487276125 0.06464088397790055 0.20467722814919734
4 0.8104972375690608 0.3594596361108574 0.07679558011049724 0.1793884198744624
1 0.9331491712707183 0.3078061941952024 0.03812154696132597 0.06955097022531119
6 0.3143646408839779 0.8707063708998928 0.051933701657458566 0.052154999043314214
6 0.4591160220994475 0.9227214534058847 0.0569060773480663 0.056187144899131375
7 0.38812154696132595 0.8981588137897525 0.07292817679558011 0.06339485172683612
7 0.5331491712707183 0.9472212263284217 0.07016574585635359 0.06137306364496431
2 0.6044198895027625 0.9678488777061113 0.03314917127071823 0.03997854932037835
8 0.6734806629834255 0.9767344310620685 0.051933701657458566 0.019738496096359404