7 0.6952513966480447 0.9359035103953521 0.03240223463687151 0.045402476243744404
7 0.7773743016759777 0.9381793554649789 0.031843575418994415 0.04539090959019677
5 0.8553072625698324 0.9420330041141465 0.019553072625698324 0.03121994221810943
2 0.8804469273743016 0.943003558382428 0.024022346368715083 0.03628265437293298
8 0.8240223463687151 0.9406926651422466 0.036312849162011177 0.03653712075098453
4 0.2717877094972067 0.8860229224525749 0.07374301675977654 0.19436974061423376
0 0.8689944134078212 0.528230734422305 0.022905027932960894 0.03824759263641403
3 0.8997206703910614 0.7005567951173352 0.07988826815642458 0.29191248076151005
4 0.9019553072625698 0.37695188039181193 0.04636871508379888 0.1967850819462564
3 0.7689944134078213 0.41946617534771863 0.07262569832402235 0.2589589333508757
3 0.6913407821229051 0.4553681747833079 0.07262569832402235 0.2370901460745338
3 0.5268156424581005 0.3186155085274882 0.09106145251396648 0.19771041423008032
3 0.4254189944134078 0.3574941802020795 0.057541899441340784 0.23777188221403156
3 0.3016759776536313 0.5986247824321016 0.0782122905027933 0.3197107827889383
3 0.3452513966480447 0.5375834184454331 0.07039106145251396 0.26587091723370254
3 0.4717877094972067 0.5777071101842526 0.06312849162011173 0.28858337379921123
3 0.6175977653631285 0.7595788696718956 0.12737430167597766 0.30482407573653214
3 0.15195530726256984 0.6201143076107445 0.0553072625698324 0.2754989754407946
1 0.2527932960893855 0.2646468049753869 0.04357541899441341 0.08241313337036646
4 0.16983240223463686 0.3687501389119267 0.054748603351955305 0.23075579844927457