7 0.6760004342257518 0.9987760752699933 0.028386782678413484 0.002447849460013215
0 0.37630521362440494 0.6679642252806406 0.023279453334853675 0.04036287365477188
4 0.2632496356609819 0.7799598069236989 0.08298059104445508 0.2467347035320531
4 0.2592430040174605 0.2629605565952588 0.042222188610421096 0.17018403677612018
1 0.2573570703215186 0.21716070732629494 0.03845368801819654 0.07961314482255458
4 0.888696262502651 0.39240909672335395 0.06313295833591405 0.1940620633946329
3 0.7721566785181989 0.5007679427914475 0.0731628288794468 0.2528057908707505
3 0.6347128654887397 0.49883200186541676 0.07134928137617601 0.22912528316557262
3 0.41583531293935777 0.6344236093774003 0.1019162068830397 0.19754950639600533
3 0.31956849014499583 0.5717016343273811 0.06955256787120076 0.21058880838220542
3 0.29729849795138064 0.5745576153482436 0.050068549525844504 0.2690272793558963
3 0.37538083419914486 0.29708244432889724 0.04864853174502604 0.188768394932417
3 0.39542523176891187 0.3214658961071667 0.08448102617942786 0.17473619889155198
3 0.43950940063999644 0.3532993889730439 0.08688674458503882 0.20253791835579457
3 0.3988202105178067 0.3863136307408707 0.06431056654127622 0.20024687374403813