8 0.9043638153879064 0.8958991058246689 0.04242395961378462 0.027933319150723744
7 0.8551381044963233 0.9045552497795998 0.028700639052927773 0.0298277917419019
2 0.9610432386073244 0.88207429406165 0.0241106669023305 0.025707076224093975
5 0.9378539325553418 0.8884242147412261 0.022956517308833545 0.02264023746684118
7 0.7752793600586944 0.9216749924054941 0.024130636569874138 0.03181705585749497
4 0.03410784188061743 0.4161296278530761 0.046272488633446913 0.1552601083349047
4 0.3535067284437943 0.8837835967696281 0.06709710548525244 0.22573815504895192
3 0.25294171173218094 0.847657260768333 0.11421421386527479 0.28936041782339034
3 0.2243814324866254 0.5719949575455877 0.0831387100668752 0.23303234978897924
3 0.3053641813049134 0.6485467581228223 0.07400868993453916 0.24006586783686576
3 0.3725076919695772 0.49612539643954706 0.08715327155968573 0.23612881089761134
3 0.37245795851224184 0.4238269330127706 0.10242309708601263 0.18231728483335038
0 0.47672173173694243 0.3784513270803939 0.01897191031733802 0.028708745808311155
3 0.44471340882698424 0.37012729293519386 0.08636152283684642 0.16891311045992183
3 0.46587988474733527 0.6326283250658233 0.07575156329751848 0.24823028075889522
3 0.5770115933852661 0.7613101205717946 0.08035817683773501 0.25744264597120436
3 0.8773907432889995 0.3096402467670856 0.09964589213479622 0.20774591095447584