7 0.661937087557991 0.9913423432263938 0.02648293703115889 0.017315313547212326
1 0.7057118773059443 0.379795558582938 0.03672930277399562 0.0653781589377121
4 0.7006052239360973 0.4502402891997339 0.035269432131835955 0.1343607054482792
0 0.7654636356751106 0.5279093396279939 0.015256787306121327 0.027157081404895964
3 0.7750828347908578 0.54900824273478 0.05632069292660418 0.21557596515128444
3 0.5245453630829027 0.46791639955399944 0.06017810299084467 0.19261668995996115
3 0.42780665673533697 0.4334157328265151 0.05231293445151882 0.19253524034260794
3 0.6600599284932902 0.6783126787086287 0.09407880633851093 0.2519657597486187
3 0.35345324674170925 0.37264777929146903 0.06635787827174354 0.19268068608788178
3 0.13659114304815456 0.3679020969844402 0.10521997652698432 0.22308211634483768
3 0.21847708945428296 0.6707398644772178 0.09752476706078754 0.27500066672748424
4 0.38514201415214316 0.8724590331863551 0.08041262742311021 0.19582613183315561