4 0.377984375 0.79625 0.05311458333333334 0.2739722222222221
4 0.2720625 0.29892592592592593 0.04885416666666664 0.19275925925925924
0 0.48276041666666664 0.3190740740740741 0.013218750000000057 0.029361111111111143
4 0.8682656249999999 0.2975462962962963 0.04594791666666656 0.2015740740740741
3 0.8512500000000001 0.5742407407407407 0.0614010416666666 0.26191666666666674
3 0.7518020833333333 0.5213518518518518 0.06822916666666666 0.24641666666666673
3 0.6576302083333334 0.5098981481481482 0.049156250000000054 0.2466481481481482
3 0.6016666666666667 0.4566388888888889 0.04920833333333334 0.2396666666666667
3 0.5027447916666666 0.27964814814814815 0.03755729166666662 0.25605555555555554
3 0.48905208333333333 0.30127777777777776 0.032932291666666676 0.13217592592592592
3 0.5135052083333334 0.28132407407407406 0.06413020833333327 0.3033888888888889
3 0.546484375 0.5403148148148148 0.07175520833333332 0.2621018518518518
3 0.42336979166666666 0.5109907407407407 0.12031770833333333 0.24235185185185187
3 0.125703125 0.7393333333333334 0.08956770833333332 0.2823611111111112
1 0.3134895833333333 0.2155185185185185 0.0353541666666666 0.06899074074074073
6 0.811609375 0.8200925925925926 0.04331770833333337 0.03371296296296304
6 0.8110208333333334 0.8646388888888888 0.042140624999999925 0.03250925925925917
7 0.8649739583333333 0.8196296296296297 0.023744791666666744 0.035083333333333425
7 0.8651875 0.8665833333333333 0.02286458333333338 0.036398148148148096
8 0.9199270833333333 0.8226944444444444 0.034687499999999954 0.027333333333333317
2 0.9055833333333333 0.8656203703703704 0.022927083333333324 0.025231481481481483
5 0.9338802083333333 0.8661296296296296 0.015718749999999913 0.02856481481481473