2 0.07135937499999999 0.9437407407407408 0.08755208333333335 0.028675925925925844
8 0.22386458333333334 0.9433611111111111 0.02798437500000001 0.03486111111111109
7 0.18009375 0.8505555555555556 0.045906249999999996 0.052962962962963
7 0.119765625 0.8488148148148148 0.04634375000000001 0.054120370370370416
3 0.8300833333333333 0.25292592592592594 0.046406249999999954 0.19566666666666668
3 0.6082604166666666 0.6802870370370371 0.07541666666666676 0.2286296296296297
3 0.6676458333333334 0.5812037037037038 0.04184895833333328 0.2272129629629629
3 0.6970989583333334 0.3499814814814815 0.029130208333333248 0.14672222222222225
4 0.44020833333333337 0.26699074074074075 0.028375000000000008 0.15203703703703705
3 0.42759375 0.3638518518518518 0.046119791666666646 0.15130555555555553
0 0.29222395833333337 0.36526851851851855 0.013661458333333343 0.022194444444444468
3 0.256953125 0.3519259259259259 0.06290104166666666 0.1459722222222222
3 0.23836979166666666 0.3476851851851852 0.07392187499999997 0.15601851851851853
3 0.17534375000000002 0.3834814814814815 0.054640624999999984 0.16781481481481483