4 0.12992341134411647 0.33043386825260646 0.0743999531946435 0.23708944257291797
0 0.3845317734573971 0.4819873314240585 0.025412179495533614 0.04225353532353893
3 0.47382867587736316 0.48632853976808216 0.07334580463274978 0.25074995462406846
3 0.2448188124616745 0.8535769082341073 0.1645322195730373 0.24485714187857877
3 0.7877992079624788 0.9764173860691918 0.1144647244337438 0.047165227861616366
3 0.8450953192081843 0.9395437922578194 0.13833404040387154 0.12091241548436127
3 0.9474930424873891 0.33498165219665094 0.0600343236642732 0.21252766173787419
3 0.8551933417041625 0.3364685707432911 0.05280515805718776 0.1860866150703523
3 0.6056083514756996 0.20889202209166194 0.04509686731594879 0.18112426192840564
4 0.9796944874106177 0.2801467594121366 0.04061102517876452 0.17523079808185704
3 0.6450082780763906 0.5798923533141829 0.0883280135180817 0.29582522943353684
3 0.4115955012110685 0.5252344736708717 0.1030576902303005 0.26375206674300555