3 0.7830677083333334 0.47207407407407403 0.09661979166666654 0.24043518518518514
3 0.7290572916666667 0.4509722222222222 0.06160937499999998 0.2389814814814815
4 0.8207187499999999 0.2818981481481481 0.08441666666666663 0.1893425925925926
4 0.29863541666666665 0.8694444444444445 0.10067187499999998 0.2611111111111111
7 0.33007291666666666 0.9352037037037036 0.03855208333333333 0.0407685185185186
7 0.15857291666666665 0.9326574074074074 0.037218750000000016 0.04308333333333341
2 0.378671875 0.9365092592592593 0.029494791666666725 0.03969444444444445
8 0.4288177083333334 0.9364259259259259 0.0506197916666667 0.04691666666666663
5 0.47895312500000004 0.9390370370370371 0.030057291666666687 0.03732407407407413
3 0.7661979166666666 0.8315648148148147 0.079546875 0.3149722222222222
3 0.42904166666666665 0.6469444444444444 0.08022916666666664 0.23834259259259266
0 0.4689166666666667 0.6037037037037037 0.022489583333333365 0.0481574074074074
3 0.428765625 0.5316481481481481 0.12760416666666666 0.2373796296296297
3 0.34251041666666665 0.6601666666666667 0.163421875 0.22402777777777783
3 0.840203125 0.5918981481481481 0.09005208333333338 0.27637962962962964