3 0.19202539311710867 0.5586934035288883 0.11916200813659988 0.2732237790612401
3 0.24686945827914805 0.5254916853215797 0.08269204917941408 0.2637657369118893
4 0.1408129096532345 0.3690194391577406 0.10249719561065535 0.21776045062403257
4 0.7192548889796235 0.8520470766934471 0.1223153706860701 0.25685029387827557
7 0.6920015458998926 0.9467567801557438 0.04326995154014204 0.05214627487819904
7 0.8697191275842244 0.9088449537124714 0.04219564290260851 0.05405800398174034
2 0.6416507574931734 0.957804812122968 0.03346204707607893 0.048075241065390795
8 0.5896726962748966 0.9683355247861232 0.05637034527993666 0.06112041925272315
5 0.5376788252013631 0.979103951578826 0.0339928774527429 0.04179209684234795
3 0.23231714868681733 0.8776553028722902 0.1048861226856276 0.24468939425541958
3 0.5707123672543263 0.6676121320795857 0.10173276013615726 0.2670609611589087
0 0.5263811357208243 0.6309059847058285 0.026990899482466277 0.05567714373306115
3 0.563612939321409 0.5480098856818083 0.1507090430354456 0.27774495033900304
3 0.6612394413417256 0.663683121347093 0.18708414286108993 0.2726962226624351
3 0.1405839150776467 0.694977588274899 0.11504816790744556 0.3089171171388489