4 0.33465463149002656 0.1384151707736333 0.07306266407471339 0.21395572902992674
0 0.708678271903383 0.3162095637678148 0.02472665218982655 0.042295370967744286
4 0.844015442693953 0.6361070018170855 0.10364245263271414 0.24880474085154008
3 0.6599942586702823 0.4766130283088343 0.08509270558381025 0.24861256028721404
3 0.6781019121235283 0.6731088089610086 0.0802299071600175 0.27859017743606435
3 0.6025400566979879 0.6889056494536219 0.08862236566433761 0.27267152623202456
3 0.35226593452362626 0.6044173677250322 0.09883852125851196 0.2877913670093992
3 0.29666722606089324 0.27468541778817085 0.06900379127159814 0.2379360756529676
3 0.18291193053265223 0.45828403682685337 0.08863217683926934 0.27417302773352603
3 0.03727520916098786 0.48383676988528757 0.07455041832197572 0.3025967304996951
4 0.08108336381486062 0.6875517871984804 0.07276832882676011 0.16891068398488174
3 0.7122272589719099 0.3537077916444675 0.13267325699895036 0.304657302733781
1 0.6994429384405221 0.2457394512195054 0.04858070053445309 0.08007750195078753
6 0.3030573187935395 0.7805909657719158 0.10158269662076941 0.06260981918515703
6 0.5781608151326476 0.8715783075914617 0.04159005859792098 0.04247008057167717
7 0.38912416875001365 0.8345003838565659 0.05361028893208623 0.07562541032746276
7 0.5136582856216864 0.8722465718265037 0.056169233418095585 0.08015612127255722
8 0.45276390559070656 0.8368438581047234 0.05514946194891913 0.05312035876533366
5 0.43403755739303074 0.8640630656960764 0.027236540801177253 0.03931857440533098
2 0.4626366700622689 0.8742765698799013 0.032295562723605585 0.03937098728651089