2 0.9153880016018702 0.8328189300411523 0.02500883084664662 0.03806584362139918
5 0.89076615979719 0.8410493827160493 0.021523141425788067 0.033950617283950615
8 0.8571878777837385 0.845164609053498 0.04124956934660049 0.04938271604938271
7 0.8099898579352955 0.8554526748971193 0.02504586564289679 0.04938271604938271
7 0.7251474795490093 0.8744855967078189 0.02968222887184458 0.051440329218107
0 0.19427326354866536 0.5828189300411523 0.017472215499862012 0.033950617283950615
4 0.03321428181260204 0.6893004115226338 0.06642856362520408 0.24279835390946503
4 0.5747956209747972 0.8405349794238683 0.10387115997199341 0.26337448559670784
1 0.23747312162239564 0.2911522633744856 0.0349545313987014 0.07098765432098765
3 0.28444873977450463 0.43724279835390945 0.07879499313216441 0.20473251028806586
3 0.33229111592000415 0.40689300411522633 0.09101510690312456 0.22530864197530864
3 0.2400750261327359 0.5570987654320988 0.08182655043670675 0.24691358024691357
3 0.39753144505403276 0.4537037037037037 0.07085474766395015 0.25411522633744854
3 0.4511659084360581 0.4218106995884774 0.06843892885936181 0.22325102880658437
3 0.5281434085087957 0.507201646090535 0.05342293375999766 0.23251028806584362
3 0.7147607811112708 0.2463991769547325 0.0839427240716338 0.18621399176954734
3 0.8921570338940699 0.23919753086419754 0.06314979233420946 0.19855967078189302
3 0.27924131816567177 0.7906378600823045 0.10785811670439605 0.24382716049382716