7 0.7341192571366723 0.9618925721438761 0.03197376303422936 0.043046052552461654
7 0.8144566637378764 0.964179194456702 0.03088086685936597 0.043034755795547074
5 0.8907020681825063 0.967394327717506 0.01931643803501234 0.029323906838236477
2 0.9153017698656777 0.9691048154276934 0.02317336714285141 0.03421781441947579
8 0.860094616787168 0.9661071447374928 0.03519522506634868 0.034342078745535264
4 0.5483521499862382 0.919077690756204 0.09016470010747679 0.16184461848759193
4 0.8657834844396041 0.7084164075554036 0.08459924892779215 0.3192995070887904
3 0.8667469884831762 0.8925716774598923 0.0894405968840927 0.21485664508021535
3 0.6329805115254821 0.6618382652402953 0.07678403756612284 0.3774672085963981
3 0.5142200593266465 0.6329426642024532 0.05910694379340558 0.34816024689353336
3 0.3139776706771888 0.4270031592983874 0.08288360267553595 0.3076320765165257
3 0.3468114789855689 0.26764462089865854 0.05965300904021369 0.26467639801937987
3 0.3910173132563125 0.42634326998124633 0.07523332945149223 0.3075529992181243
3 0.45654619141334807 0.3367354616386498 0.04403492047457818 0.29946405135479964
3 0.5466185018626433 0.4488240200600976 0.08142865488898057 0.33577047118697917
0 0.6245153933069597 0.328763600150173 0.02212498046213218 0.04100263416741579
3 0.6427778518433365 0.5308804474551629 0.06430436770285836 0.3074400316489794
3 0.6066327968333016 0.518371732146888 0.05749303352776437 0.3520267969037927
1 0.6281334958555462 0.21376024348851047 0.04864697962037128 0.08593395050812042