4 0.69896331738437 0.2808224444114385 0.08532695374800638 0.25318900244487513
3 0.8137958532695375 0.5317820917119331 0.11323763955342903 0.2622902266940482
0 0.7691387559808612 0.5649474056405286 0.025518341307814992 0.04456300243041285
3 0.259170653907496 0.5856274394566087 0.13476874003189793 0.32523649579016384
3 0.09968102073365231 0.4821796969938006 0.0773524720893142 0.302739626685371
6 0.6303827751196173 0.8809634946978856 0.09250398724082935 0.0445309406284286
6 0.36443381180223283 0.8413603358456985 0.037480063795853266 0.02918592970603258
7 0.4230462519936204 0.8716944976780532 0.04704944178628389 0.06205472607198297
7 0.5430622009569378 0.8890968074040434 0.04784688995215311 0.06207125455702438
8 0.48325358851674644 0.8629992164804906 0.049441786283891544 0.04505885698165231
5 0.4964114832535885 0.8959423910291268 0.023125996810207338 0.035990689702561696
2 0.4700956937799043 0.8946867237500361 0.03189792663476874 0.034752048492561596