4 0.31016505146885104 0.6677693761814745 0.06442085398611297 0.18052930056710775
3 0.17924245741931044 0.4834593572778828 0.08433998850496596 0.2533081285444234
3 0.04299350992120556 0.5406427221172023 0.0833442397048814 0.2741020793950851
3 0.5955320407243379 0.34120982986767484 0.06596399063143962 0.16446124763705103
3 0.6131997320557236 0.3761814744801512 0.07466030434881053 0.22117202268431002
3 0.6175712756629859 0.4929111531190926 0.14170324307683005 0.2277882797731569
3 0.7360830808685322 0.4607750472589792 0.07248932050979275 0.20793950850661624
3 0.8772449479596308 0.6044423440453687 0.10078293135221898 0.2391304347826087
0 0.615147905391343 0.32136105860113423 0.024604247080681953 0.04158790170132325
3 0.5230730054283296 0.5486767485822306 0.057045575695228085 0.3648393194706994
3 0.5110939119346697 0.46408317580340264 0.09441852017076463 0.2448015122873346
3 0.4622462921884445 0.6535916824196597 0.07872411353987699 0.32514177693761814
1 0.8525980373038645 0.14366729678638943 0.03692803275329778 0.06899810964083176