6 0.23495331187295757 0.9231167406036814 0.048437510324363456 0.04475463513446029
6 0.2373433138735041 0.962166562497227 0.04424164594384205 0.050360527188615084
7 0.18883537285255164 0.9367760166804736 0.03202923728019995 0.04364319189139104
7 0.1925481261758495 0.9758121431177785 0.030977192864046 0.044573855112086155
8 0.13822623597683836 0.9495402377227959 0.04740393583435095 0.04851015711221755
2 0.1557233079459621 0.9841966432796064 0.02716882624554105 0.028527974877927294
5 0.12501392901096645 0.9878100464142915 0.022892925518406854 0.021892812318146118
4 0.2984660694128808 0.4337916628273643 0.06741814768337012 0.19654164663499943
4 0.9001822897962193 0.4887627642163784 0.07098061930694294 0.25589654962828184
3 0.7791352448310935 0.47212649587994593 0.08263930087329595 0.25884192840026
0 0.6728604742168824 0.34046746625350377 0.023016058359349393 0.040725204031893655
3 0.6960668324492636 0.3920127643452293 0.08652733315146073 0.2061550570617361
3 0.6274434656724672 0.4492166250284809 0.07344142269103152 0.22767535297014127
3 0.6289936420640094 0.4953368110884259 0.06946104078215959 0.2662379305233544
3 0.5615794994190455 0.488973132464035 0.0814333404059636 0.23623210197877034
3 0.5784799331400268 0.49350592855259373 0.09112953590709286 0.26269605766294873
3 0.43997601972256034 0.3956058242590733 0.05986298086683154 0.17386608202355563
3 0.41153024628266843 0.49805915388720434 0.07560707794381061 0.23523022238562508
1 0.6266076451018692 0.2533816639354901 0.042826730333860134 0.07670944104037328