4 0.3903954802259887 0.8872831861698818 0.07005649717514124 0.1925984613985578
1 0.4994350282485876 0.29146250375586435 0.0519774011299435 0.08960816591464367
3 0.6827683615819209 0.7016477156766713 0.10282485875706214 0.2858327582810597
3 0.5135593220338983 0.5552543535177084 0.05141242937853107 0.3058942463437492
3 0.5033898305084745 0.647014362534251 0.08531073446327683 0.33979581898775835
3 0.33163841807909605 0.5544966163115164 0.07344632768361582 0.3143990814396188
3 0.2923728813559322 0.3400184530480369 0.04350282485875706 0.23631385927275605
3 0.31186440677966104 0.38035905280187654 0.0768361581920904 0.2651735445390297
3 0.03728813559322034 0.5419839240151312 0.07457627118644068 0.33454321836812795
0 0.5093220338983051 0.2982998971807044 0.023163841807909605 0.04172744284932848
6 0.1635593220338983 0.8165305457954728 0.04915254237288136 0.03522367872415523
6 0.1612994350282486 0.8593339101957508 0.04180790960451977 0.040101678024861476
7 0.11440677966101695 0.8125188120447789 0.0288135593220339 0.03782036089227696
7 0.1135593220338983 0.855795928825668 0.02937853107344633 0.04085017583540487
8 0.061581920903954805 0.8040560062091244 0.04350282485875706 0.038124724463902936
2 0.07288135593220339 0.853620673141336 0.025423728813559324 0.031713905841155576
5 0.04152542372881356 0.8482341550000225 0.023728813559322035 0.032684823184810294