2 0.051524478085251485 0.8012295081967213 0.026025726808077222 0.040983606557377046
5 0.07572533378894254 0.8119877049180327 0.02198137171656125 0.035860655737704916
8 0.10883779152967506 0.8206967213114754 0.042179715178354796 0.05430327868852459
7 0.15434087468977797 0.8355532786885246 0.03987152435003383 0.05225409836065574
7 0.23786550538575738 0.8647540983606558 0.04161103604119827 0.05635245901639344
3 0.5660990558804171 0.5952868852459017 0.11674478155821773 0.3350409836065574
0 0.518427798440229 0.35706967213114754 0.020833971158339737 0.036885245901639344
1 0.6725928805961466 0.3463114754098361 0.05036550077250156 0.0942622950819672
4 0.7489054436194428 0.4574795081967213 0.0761372066725535 0.2336065573770492
4 0.3597077391840847 0.9108606557377049 0.07978991269164026 0.11885245901639344
3 0.4650407736297148 0.6588114754098361 0.09885128149677565 0.3176229508196721
3 0.4458540680845514 0.5097336065573771 0.07145722388449126 0.21004098360655737
3 0.40574172072954257 0.4718237704918033 0.1037718954809853 0.2387295081967213
3 0.3865022235721774 0.6588114754098361 0.08969885645475921 0.33401639344262296
3 0.17952395612822117 0.26639344262295084 0.08838073707009414 0.2827868852459016
3 0.4632253693827546 0.3673155737704918 0.1251511137806953 0.26639344262295084
3 0.529052132744679 0.350922131147541 0.07940868952077461 0.17827868852459017