0 0.6576554674413422 0.7485822306238186 0.024607341671006897 0.04253308128544423
3 0.5862305086822021 0.7126654064272212 0.10469820020768682 0.29773156899810965
3 0.41966895607085564 0.4910207939508507 0.1140684253313445 0.23534971644612476
3 0.08542352989194094 0.6342155009451795 0.11267692361194195 0.29773156899810965
3 0.038139870912712294 0.3927221172022684 0.07627974182542459 0.2674858223062382
4 0.1696311117023982 0.8275047258979206 0.0790270287494457 0.2551984877126654
7 0.2568819971812376 0.9035916824196597 0.02248587127718882 0.0444234404536862
7 0.1805986288020697 0.889413988657845 0.02674119042612499 0.0444234404536862
8 0.13646207099315683 0.8856332703213611 0.031500573155753324 0.035916824196597356
5 0.10509765981170242 0.8799621928166351 0.02191682129967205 0.0330812854442344
2 0.08223769774747043 0.8761814744801513 0.022974461906256145 0.031190926275992438