3 0.9710407344253897 0.4550561797752809 0.057918531149220576 0.2808988764044944
3 0.952979468637383 0.6947565543071161 0.0940410627252339 0.3202247191011236
3 0.8091903203881676 0.5571161048689138 0.06674176056379326 0.29119850187265917
3 0.6088380131292191 0.36891385767790263 0.07866330278028942 0.2350187265917603
3 0.6043537873183792 0.4461610486891386 0.09717009185118752 0.2612359550561798
4 0.41762768774223796 0.32069288389513106 0.05224034275745596 0.20224719101123595
3 0.2788888872973061 0.5454119850187266 0.11448339662139963 0.2443820224719101
0 0.4662954080914612 0.47659176029962547 0.024336068959078506 0.03838951310861423
1 0.424563009029339 0.2687265917602996 0.04974620360693423 0.08333333333333333
7 0.1887091056446031 0.8927902621722846 0.033867931467714364 0.056179775280898875
7 0.10746680454747835 0.9152621722846442 0.04547137496165527 0.06367041198501873
2 0.22214717481707805 0.9784644194756554 0.03592114035887957 0.040262172284644196
8 0.17243176682164474 0.9850187265917603 0.04272956344944766 0.0299625468164794
5 0.11009243491806794 0.9939138576779026 0.03267138515133811 0.012172284644194757