4 0.24565657698122814 0.2483907543543991 0.07974313868554458 0.2480302541404104
3 0.833483293642592 0.32391967914280106 0.1297704106858628 0.25271406123471757
3 0.8554470109405028 0.7880671382455102 0.12745393268618094 0.2568564869438385
3 0.733510018300456 0.43817125638447973 0.08242324335613524 0.2994433839868451
3 0.40105605229552443 0.49932045406551306 0.11519029002227174 0.29283831294803964
3 0.1908051713080921 0.33255139439348047 0.06672551802195352 0.2881706664920962
3 0.31593079861554785 0.6727573753090162 0.11448176535645356 0.3039413437399688
0 0.2164586046308198 0.47171501413455336 0.018977266669318028 0.03491614988258741
6 0.34762969193588933 0.8432356376035441 0.08763636000159085 0.021738329081704123
6 0.6073453182686392 0.853561232620409 0.03453863200190917 0.025355534044002877
8 0.49013963693509394 0.8551269625209045 0.0369096540022273 0.029546441668214938
5 0.4743237329328667 0.8841320228039333 0.018132382001908986 0.025185847341183235
2 0.5016629375994803 0.8851092784197439 0.025935791335136217 0.023877761644112955
7 0.43224532093413937 0.8670290189014451 0.044095445337363516 0.05323027565196349
7 0.5505865146005939 0.8710309650352781 0.044095445337363516 0.05323027565196317
1 0.11183183599220489 0.10324689929552441 0.044359074673772404 0.09350805342974094