6 0.3505207723228955 0.8647416413373861 0.09739372503862964 0.037993920972644375
6 0.63364830227654 0.8191489361702128 0.03849022079045062 0.028875379939209727
7 0.44397314453633346 0.871580547112462 0.04456716142699491 0.060790273556231005
7 0.5723190995683747 0.851063829787234 0.0471368164266726 0.06382978723404255
8 0.5061729636304532 0.8449848024316109 0.04279118052481642 0.03951367781155015
5 0.4926352589253782 0.8799392097264438 0.014594471788905295 0.02735562310030395
2 0.522486330107522 0.8761398176291794 0.02228358071349765 0.030395136778115502
1 0.3228259203955314 0.0919452887537994 0.04123361644147908 0.0851063829787234
4 0.030323506270255842 0.5326747720364742 0.058065722863296004 0.2750759878419453
4 0.6301357681810099 0.6580547112462006 0.0698522667592426 0.22644376899696048
4 0.7089006965010447 0.08662613981762918 0.05602664897478563 0.17325227963525835
3 0.2548974952877285 0.5851063829787234 0.07267508670803148 0.3069908814589666
3 0.28374640359075237 0.5357142857142857 0.11951902603671229 0.2811550151975684
3 0.3819583383798778 0.43237082066869303 0.09129749720775107 0.2613981762917933
3 0.40278086893288056 0.4072948328267477 0.06499094180204949 0.30547112462006076
3 0.5668854902707628 0.10182370820668693 0.06209862559272014 0.20364741641337386
3 0.5808181188953883 0.3183890577507599 0.12532294564970486 0.22948328267477203
3 0.6146455754730471 0.4870820668693009 0.09216563158440051 0.26595744680851063
3 0.7141870139295015 0.39893617021276595 0.07672784551189586 0.24164133738601823
3 0.7496511744482051 0.4156534954407295 0.11952399005532226 0.2826747720364742
3 0.9190117602227778 0.1519756838905775 0.07074522122894193 0.23860182370820668