7 0.6854865795270726 0.9739537645953434 0.023928443335839926 0.04447690818430969
7 0.7627540014820975 0.9808249387434052 0.023928443335839926 0.03835012251318976
5 0.8400229958235577 0.988928410369468 0.019560092191324558 0.022143179261064024
2 0.8638052072209061 0.9895210609427555 0.023881271742778376 0.020957878114488983
8 0.8089529214475243 0.9855922343354645 0.03903842028800903 0.02881553132907103
0 0.4463965000664343 0.19741475505159622 0.013054737067613427 0.025134257611022056
3 0.4444808421813941 0.2873018190040646 0.041122323521636105 0.17830417041905924
3 0.4170263062405575 0.3350962416911288 0.060107282670841464 0.1986922704607741
3 0.2303701822156659 0.3023942607298931 0.041606258150502465 0.1610020721784929
1 0.25004505861677423 0.2367302625310416 0.03427418815500914 0.0676601185366252
3 0.26571372396023885 0.5695959863042528 0.0440042782779736 0.23313983306238129
3 0.24687149158341945 0.7112327110988946 0.07772849157382983 0.297909742147265
4 0.32654286281842226 0.8125414022642998 0.06465803064186239 0.26796779222855077
3 0.5723883562291203 0.7631608288499528 0.07006972559300954 0.2699468098228867
3 0.5231979550467305 0.5977423285205222 0.04568565058414016 0.2514258460329896
3 0.5381950805687858 0.4748164452559989 0.07048447521871846 0.23149086542847433
3 0.6877817231328949 0.5201160018498784 0.059667374862166146 0.2294559071628791
3 0.6603083185548334 0.5736796553061734 0.05426825900250225 0.23132304341469678
3 0.8488469001530046 0.609285830886965 0.05643042116466441 0.23134541968320044
4 0.9664981645948828 0.41963156180434186 0.055251852124589225 0.20152653924125621