6 0.6343266054315099 0.9076922736191203 0.09982326303232024 0.02751282336207007
7 0.539326291769997 0.9328188071619374 0.045830886344716715 0.05810362484450106
8 0.47298935340282583 0.9187100144292781 0.05004894508419568 0.03478444906421278
2 0.4596486093442118 0.9538926740043002 0.02899872447730445 0.023663533308039806
5 0.4893739747521967 0.952805748437988 0.02115193436099157 0.026697239743711566
7 0.40599666752727603 0.9380948492899291 0.05110615571570224 0.06283089428198677
6 0.3418857293470598 0.9177328718617442 0.03863445184350915 0.026878480547791392
0 0.37280898721584277 0.13086118030501026 0.023835340235829554 0.03607022025684703
1 0.36895648557998795 0.18541456242221246 0.04423520522761577 0.08144998674540148
3 0.38764278002075137 0.3355221929973737 0.09517984375903227 0.38725341115258766
3 0.39298894281403823 0.38686515889492634 0.09350279163865087 0.39813871386345695
4 0.2552889954062567 0.3252128490976225 0.05593510939092079 0.2669169866795626
3 0.4574044098454182 0.49444548861312543 0.06409721214494478 0.3121698846052614
4 0.4308946102878859 0.8062257054896158 0.06450284233907137 0.10658053205015548
3 0.6543462686676946 0.652829073578575 0.0763553171335272 0.3154120179656248
3 0.7462575462602431 0.43148616799378703 0.10934833009128955 0.2814884627207905
3 0.5888188732623278 0.31396751876603457 0.08925360636180454 0.2828376681948528
3 0.5456603028003325 0.5651767818751006 0.06679078939519266 0.32310049751715064
3 0.7432397098191489 0.22436636916053904 0.08305335423964308 0.27031317472339383
3 0.9710080786368495 0.7484492103054023 0.05029428291631187 0.3400622751395679