6 0.37141114676829484 0.8998099037400094 0.0935713782007342 0.04129228876891497
6 0.6429631689336318 0.8424376709047302 0.03698062016083545 0.02991781691852605
7 0.46117955126782995 0.9023257231935592 0.04363814018217163 0.06066575923303406
7 0.5844639075981781 0.8764493003843796 0.04528702187038621 0.06361513548221524
8 0.5209273956518442 0.8741195542383942 0.04110759309433184 0.038748983489000216
5 0.507514870242465 0.9086559899267905 0.02224082793905896 0.03398567557385622
2 0.5365965404028435 0.9029517918245276 0.02141161838199192 0.031053261501743763
3 0.1430270000606511 0.621718074057314 0.08533228497055864 0.2787150342672241
4 0.3432657089576101 0.8158385128040749 0.055189849425593754 0.08422684487234476
3 0.2974827409394048 0.6024857182571355 0.07621574855577988 0.2479162054215099
3 0.5090013424410775 0.7366019226765389 0.06451144049764383 0.1777078894614995
3 0.5706362309123275 0.6587906660629589 0.06899606690312533 0.2958685020961136
3 0.6178550531451293 0.4340374457598372 0.0861567258146659 0.28018972239181456
3 0.6702186952793759 0.4037973474770072 0.06726134838163433 0.26668005879153917
3 0.4855209223814397 0.4498963708841188 0.07951828064516908 0.2552726838673938
3 0.4735901004577132 0.31092101337474154 0.05129177471416757 0.14536652378292014
4 0.3770187301915681 0.23346800504036463 0.06220025420595511 0.22284650730347133
3 0.2711549276290696 0.32239930084830404 0.08844406854155576 0.22776247481223338
3 0.37899215761001814 0.46084780958817273 0.06972036477507695 0.26673094532274505
1 0.7582923688196403 0.1388374177373633 0.04453411172067572 0.08400633657045271