8 0.1731713057906633 0.9845033647118965 0.04066221576875642 0.03099327057620697
7 0.22096524420680486 0.9803355433144967 0.0284658505679162 0.039328913371006725
2 0.11760928597976225 0.9862381978620347 0.022871509480287638 0.02752360427593063
5 0.1403886798213764 0.9858648524332106 0.02176363049684925 0.028270295133578795
7 0.2987721111336374 0.9729861566227808 0.022923223523051647 0.04470210575321063
4 0.9627982310014137 0.2584891559358716 0.03992603146768463 0.1476413694827844
4 0.69933288528486 0.8056826363301799 0.057387431137690584 0.22094211328134147
3 0.791781356444175 0.7374669839078662 0.10143792641021719 0.2708033865570978
3 0.7948940298402406 0.4652567777015854 0.07293652243790044 0.21912679631958915
3 0.7242962714228603 0.5623556359317379 0.06351793501483825 0.22693420431683584
3 0.6463701861762938 0.43703912011815604 0.07683187558213503 0.2211433228103764
3 0.6402075462244976 0.3678030479414505 0.09387633078235569 0.16697371087770796
0 0.5363574428676818 0.35487030666215347 0.0173062575417138 0.025869913759031277
3 0.5661378433880137 0.3373913085345705 0.07884077737795551 0.1559489268807754
3 0.5689053691765362 0.5953338143584552 0.0646581352750041 0.23583898263662043
3 0.4742231781460654 0.751968081005731 0.06912843674083054 0.24379011172603507
3 0.14699846460448637 0.40963770806277183 0.0900714772129585 0.19262516857664402