7 0.32541436464088397 0.9891944990176817 0.03535911602209945 0.021611001964636542
4 0.21988950276243094 0.9327111984282908 0.07734806629834254 0.13457760314341846
4 0.9759668508287292 0.3993123772102161 0.04806629834254143 0.22102161100196463
3 0.9295580110497238 0.4901768172888016 0.07458563535911603 0.2642436149312377
3 0.7988950276243094 0.4675834970530452 0.06795580110497237 0.2269155206286837
3 0.6080110497237569 0.26227897838899805 0.05303867403314917 0.1650294695481336
4 0.40773480662983425 0.3388998035363458 0.0430939226519337 0.15029469548133595
3 0.598342541436464 0.34479371316306484 0.04861878453038674 0.19646365422396855
1 0.7165745856353591 0.2018664047151277 0.036464088397790057 0.06679764243614932
3 0.6580110497237569 0.574656188605108 0.06629834254143646 0.2220039292730845
3 0.5964088397790055 0.7328094302554028 0.1005524861878453 0.28487229862475444
3 0.21740331491712708 0.518664047151277 0.0569060773480663 0.16994106090373282
3 0.3414364640883978 0.5073673870333988 0.0569060773480663 0.18958742632612965
3 0.28646408839779003 0.6448919449901768 0.06906077348066299 0.21021611001964635
0 0.16464088397790055 0.7627701375245579 0.019889502762430938 0.03241650294695481
3 0.13674033149171272 0.7421414538310412 0.07790055248618785 0.2151277013752456