6 0.3508341383952866 0.8703438395415473 0.09203401163389528 0.03008595988538682
6 0.6192980731238372 0.8445558739255015 0.03637477494886873 0.025787965616045846
7 0.4387772444867327 0.8825214899713467 0.04131201238921544 0.055873925501432664
7 0.5605139036492426 0.8710601719197708 0.04615541386486957 0.05730659025787966
8 0.4983866327671691 0.8617478510028653 0.04769324831892163 0.034383954154727794
5 0.4847825208080937 0.8939828080229226 0.021070961496645998 0.03151862464183381
2 0.5121948379494514 0.8918338108882522 0.027513190803402435 0.02865329512893983
4 0.4754822535276884 0.7628939828080229 0.051936637303996606 0.0988538681948424
4 0.20568115630226505 0.38037249283667623 0.04354423298199465 0.24498567335243554
4 0.9308190266667319 0.17621776504297995 0.06122048329058059 0.22492836676217765
3 0.682692862378016 0.5021489971346705 0.1169266379579536 0.24355300859598855
3 0.7060072362795726 0.4799426934097421 0.09996769509581253 0.23638968481375358
3 0.5288175107126328 0.4269340974212034 0.07490670171876229 0.2177650429799427
3 0.4758283712301418 0.37607449856733527 0.12014775261133191 0.24212034383954154
3 0.46076564770354794 0.20916905444126074 0.049859783736415815 0.2034383954154728
3 0.4558075660128728 0.29584527220630374 0.05797121784779455 0.2177650429799427
3 0.34200928211051485 0.5150429799426934 0.06058762821235911 0.27793696275071633
3 0.417947104073988 0.5551575931232091 0.0726374844235612 0.2636103151862464
3 0.5039423810493059 0.7113180515759312 0.06272078335875574 0.19054441260744986
1 0.3535263503803575 0.2148997134670487 0.04382051139438347 0.0830945558739255
0 0.5215735215912077 0.43123209169054444 0.021877413109549222 0.03151862464183381