4 0.33614610050254334 0.8560450819672131 0.06344633545731455 0.28790983606557374
4 0.21093958262494295 0.31813524590163933 0.05721724466542453 0.2151639344262295
0 0.44406647606685107 0.33350409836065575 0.015173966462031573 0.03278688524590164
4 0.8693111734479663 0.29610655737704916 0.05440063044288219 0.22438524590163936
3 0.8554935658610796 0.6029713114754098 0.07267909967703641 0.29200819672131145
3 0.7449479117256765 0.5476434426229508 0.08004514518395565 0.27459016393442626
3 0.6407449632324534 0.538422131147541 0.05875630743942171 0.27459016393442626
3 0.5779453079001552 0.48155737704918034 0.058702746779034386 0.26639344262295084
3 0.4653517647170782 0.2889344262295082 0.04616503041680408 0.2848360655737705
3 0.45084040987430374 0.3135245901639344 0.03893877543127057 0.14754098360655737
3 0.47744466119590645 0.29047131147540983 0.0764326223502865 0.33811475409836067
3 0.5184346732161252 0.5758196721311475 0.08418657953894665 0.29200819672131145
3 0.3818869220824084 0.5476434426229508 0.13756915432841002 0.2725409836065574
3 0.057363809129638337 0.8099385245901639 0.10332121312716282 0.3145491803278688
1 0.2552061540332161 0.22438524590163936 0.040209631797267185 0.0778688524590164
6 0.8164295993917157 0.8765368852459017 0.048585828556861506 0.0389344262295082
6 0.8164632763574902 0.9257172131147541 0.047428385488121935 0.03790983606557377
7 0.8751010089810869 0.8739754098360656 0.026728311901780596 0.039959016393442626
7 0.8763021716394235 0.9257172131147541 0.026159632991233105 0.040983606557377046
8 0.9361006948730338 0.8755122950819673 0.03875760509639902 0.031762295081967214
2 0.9208802659392289 0.9236680327868853 0.025503918007557125 0.028688524590163935
5 0.9522348010216602 0.923155737704918 0.018044141344960588 0.031762295081967214