4 0.19224252162711483 0.1604612193197671 0.06050594249880118 0.1885011767951877
3 0.07134766087838688 0.33833014710545534 0.061118480330498444 0.2122764962376488
3 0.42617742809775483 0.4075066304671738 0.07611663147407474 0.22019076382047606
3 0.580695238931544 0.24937812913723426 0.048647902448357934 0.15974072700781144
3 0.7255614225883595 0.5895144004328046 0.08306228085395613 0.21843341467132987
4 0.6057687475150407 0.7573802178506808 0.058917220118616526 0.1932208458442302
3 0.8710405006156341 0.742388314313926 0.08522931853753822 0.2270327913004897
0 0.6893056553261694 0.31224130700704533 0.01721185591120344 0.030772199345067155
3 0.643948754209357 0.4467255546224475 0.08514531778625696 0.2013673920609462
3 0.6326301402256072 0.4740490880091879 0.06909009248184862 0.19723328407228405
3 0.6363160779326871 0.4098136941426963 0.06807346312718879 0.21337085811511858
3 0.6539290924972976 0.3381614396391362 0.03774738011278408 0.09678186667569957
3 0.6768132994714746 0.37143106863231995 0.058963887202661616 0.20747940097731005
4 0.741338914035489 0.3434822621275437 0.0529788666765858 0.17598890992392618
1 0.6689491998828091 0.24184966067487781 0.034930470930268645 0.05300032649761454
6 0.30625821708937173 0.8591011037023472 0.05042293662596144 0.04856824051910064
6 0.44701175105164564 0.903715077001678 0.05525132654524203 0.0534206402160796
7 0.37810401673633465 0.881852958082963 0.07077801476923433 0.05944482800182431
7 0.5185948377278686 0.92504660631265 0.06809799569991785 0.057488382880773445
2 0.5808305246203155 0.943244704954144 0.03168458111329985 0.041527117067182526
8 0.6476069993498123 0.9627746415666578 0.050422936625961194 0.04856824051910064
5 0.7104085569899111 0.9714559758987704 0.03271054388476885 0.028241254050963956