7 0.24684083700863987 0.8521952629598883 0.026260433877542785 0.04834543829896719
7 0.17106785942507222 0.8265389216987722 0.026800974418083323 0.04835103236609327
5 0.09529802672082051 0.8004018112068868 0.021307512391830815 0.03483355323329533
2 0.07210510154663276 0.7929500484009936 0.02566957526794678 0.04064753653953364
8 0.12576937991640974 0.8106626694911956 0.040829869437609675 0.044650324265213086
0 0.5972177285598829 0.21255457065804517 0.014776997594920897 0.028035655197015185
3 0.5850237389027548 0.3001748431012524 0.05308694603196002 0.18322933813639591
3 0.6040963782063502 0.35910807206933465 0.07323790023912659 0.206513241696978
3 0.7883230219209764 0.4134476981458335 0.05243318983604474 0.16591605176157764
1 0.7798789797787687 0.34094384640725733 0.038315859493865186 0.07346850777573742
3 0.7129636535998921 0.655076672923906 0.05992565900183517 0.23714262078806073
3 0.709308052464451 0.8007777201826124 0.09768210867926379 0.3077209191120569
4 0.6167716496636886 0.8589430470891201 0.08230167295748313 0.27006428523253106
3 0.38808916474617644 0.7012243717714817 0.0877636861905759 0.2787740720576365
3 0.46141474290434403 0.5639363052381471 0.06274786711854446 0.255439821892921
3 0.46574906991932535 0.4384191745710594 0.08589676398230876 0.2412572898562587
3 0.31484410207993857 0.41305963940967666 0.07452025359642965 0.23729366060046048
3 0.3333384622912017 0.47776769321411566 0.06966167849019675 0.23820485245786577
3 0.14639653635660888 0.4253791143963233 0.07182384065235885 0.23822722872636942
4 0.06255099109192401 0.18780143854068007 0.0683919046501575 0.20934751047746009