7 0.3176656001919806 0.983676452352098 0.03459790898560949 0.026569440075815506
4 0.6376386115279138 0.775986273780407 0.06861834306921748 0.21525785734635677
3 0.7167841823765978 0.6780742318848735 0.06664238119188379 0.24727409878398415
3 0.6839234087090692 0.5002464980295681 0.07827001216724827 0.18720418835276187
0 0.626033351824214 0.17218185593317728 0.01824261735763923 0.0322252314405452
1 0.6409974720775748 0.24581858167105072 0.036523385710259024 0.070275705599537
3 0.5517650577787885 0.38898357382523285 0.05523017350682894 0.17337472344784918
3 0.5771466634387504 0.4678527861976616 0.08940880438827548 0.21935599087336285
3 0.4936863515424602 0.49104708518899765 0.09391391757016111 0.23978952741558404
3 0.4599552291707887 0.3472112306148786 0.05363533873867789 0.1801538948173318
3 0.31944215155150574 0.4205131724510207 0.07611601231333859 0.19203596377097176
3 0.2354512878156924 0.4461403042868335 0.06973031474157103 0.21818177546249468
3 0.2970897964819847 0.6790141282876052 0.08086274846343476 0.24936270419668788
4 0.16244960015025378 0.43912737251961265 0.04807548037690949 0.16553430423664284