3 0.7387084211924114 0.824985176806734 0.14141303112335754 0.3500296463865319
3 0.6891860120407176 0.8854825598667451 0.06839081032059954 0.22903488026650995
3 0.6174808097684803 0.7381907192111304 0.24867272324496278 0.5236185615777391
3 0.5657902062857152 0.7327286092989965 0.336411472109934 0.5345427814020068
3 0.22503083467045082 0.7401957925521175 0.19922469585760838 0.450416662950354
3 0.1595866378092599 0.7994728936628358 0.07855068213844894 0.27596164158270653
7 0.42272669131098084 0.8938812069403749 0.041016136171166874 0.0724149422497447
7 0.48226127513378864 0.9065444670740305 0.03597195228901341 0.06734066344137306
2 0.4359362513006634 0.8335226237229375 0.09681055390533402 0.05170282032818259
8 0.5125310674663601 0.8529998993941748 0.03699826556571349 0.039530794760397205
1 0.8930350082633768 0.1949190809312751 0.1291839093573931 0.21438995258239515
1 0.33483824773369336 0.7519119799344984 0.02137855875491836 0.046165178958076834
0 0.652941416747997 0.9130601870887475 0.08375700275974399 0.15977512123945678