7 0.7498701878875295 0.9828441954703362 0.037691207191111964 0.019052664466743512
7 0.6690113208534761 0.9714024587977476 0.03950938472521532 0.043627766126304326
3 0.42486257687155593 0.5441928025359568 0.1081538371660299 0.3183860739918502
0 0.5122751007311473 0.3561696380462624 0.020114509321225462 0.034586878067970984
1 0.375911045166016 0.25788164373694694 0.04753991426089378 0.08889441604511909
4 0.28632130095551694 0.31430559217945114 0.07051367297459284 0.22271829933828047
4 0.5504164388520053 0.9436527863118492 0.07745774226923509 0.10197316143784156
3 0.5036587800007899 0.6597745633485527 0.09093033396048512 0.3034741361488841
3 0.5489439417339969 0.5355424068654663 0.06539343583106313 0.20007354445782985
3 0.5921085807329802 0.5242911389624657 0.09705229626763551 0.22593957225667521
3 0.574354317853656 0.704717990528604 0.08164092890827818 0.3190940741579348
3 0.8338954121772152 0.4682573554385095 0.08131949096714329 0.2699781606019427
3 0.5597951481092129 0.3969326613481802 0.11711537551827936 0.25266790415568735
3 0.5040649530193403 0.34446754320064776 0.07402749455426154 0.16873079915033998