4 0.7822541718156183 0.2863615759901351 0.0518187529656428 0.19807432725614058
4 0.09703207425102553 0.2169486570584304 0.07287487973308081 0.22388164268409144
3 0.05170321681481726 0.585413810957937 0.10340643362963452 0.2782903084830382
3 0.1829165121130894 0.5075521369599979 0.0806302059512521 0.2867245150441239
3 0.5522246158907784 0.45996984371581473 0.05941789583318424 0.2131560055863223
4 0.7055181521922891 0.7900310882506082 0.06018361106207323 0.19078531312881358
0 0.5514637813915967 0.4360718794569056 0.018578394081605658 0.03769551220346248
6 0.6368943113908929 0.8654813295077269 0.09488163012314271 0.027335632898517197
6 0.3580099271272449 0.8417962731219499 0.03700060481258157 0.027629830377074213
8 0.4838024863695234 0.8585804641971181 0.040375832429396845 0.03366944860674042
5 0.4992152445441534 0.891737579106339 0.019383155148152042 0.02726511825341609
2 0.46985770916647795 0.8896371882534765 0.028606462337907812 0.025963620623804386
7 0.5454001107088335 0.8792599417045474 0.048009140404888545 0.059198888130952164
7 0.4183320796508349 0.8676735803604186 0.04800914040488864 0.059198888130952164
1 0.6982349350611362 0.1950639291638023 0.04307807868175947 0.09043796824913924
3 0.7122130383694252 0.5386601216450613 0.07887914265665125 0.2643017208546639
3 0.6203460211999042 0.40988405316506227 0.09566254687629126 0.2661416030477709
3 0.5985556242791049 0.5310829794882539 0.07132880708618126 0.26414541565881056
3 0.5762072228095404 0.43807675046785793 0.041741877412268626 0.1948808457014705
3 0.5163728635890993 0.3913126044633212 0.08039593092530747 0.2150827239993478
3 0.49458734739800714 0.51101899347308 0.10991941111302708 0.26494430888206116