4 0.4135162485100285 0.9038628482025567 0.06275337946186998 0.18141254848871122
1 0.5029738245729389 0.3250719939435424 0.047831728488713574 0.08126150867631168
3 0.6884915408186055 0.7019853975976914 0.09167247857740615 0.26440134173869295
3 0.5229638496644743 0.5758181608207331 0.04148397240177645 0.28888109349598234
3 0.515647503533335 0.6643524221549085 0.07347020747979194 0.3180572973025654
3 0.3488704859495354 0.5896386812045096 0.0625839221200823 0.294868492883124
3 0.3062876450091574 0.3881631296515062 0.03586157766828684 0.2224789989785692
3 0.3258963009833618 0.4249781769706409 0.0672915483414079 0.24684191641033412
3 0.0666784484451008 0.6016933996288545 0.06534952028020079 0.3141272324495228
0 0.5124144153951736 0.33074332853806965 0.021203727223041702 0.03771816861791083
6 0.19477186448543823 0.852763060773169 0.046580829672610076 0.029327243618982816
6 0.19382740082761898 0.8936368364892425 0.039569526509937 0.03406221305403829
7 0.14774640984484658 0.8527689753823547 0.027133949304633757 0.03297201104860374
7 0.14788145488167304 0.8941123321949457 0.027146528396116892 0.03681816489475759
8 0.09694975051195431 0.8489678946152679 0.04118485858581706 0.03215591833233895
2 0.10896096357631871 0.8949958742587809 0.023874982197036623 0.028130754338155838
5 0.07896882550849568 0.8929024988304233 0.021715964807745212 0.029069916531190423