3 0.4427906567673831 0.5415732945881062 0.11393858131551886 0.21868645534797038
3 0.6503930017947742 0.35627262035965895 0.06519053365115277 0.19652521208751092
3 0.11749404980050386 0.6565270368184668 0.08110664455980535 0.20987223176202
3 0.4057165047454394 0.44967530887422796 0.06786066203130493 0.20408555968549086
3 0.539012723093866 0.35601334839657617 0.07373925397120354 0.22203659182100924
3 0.6471589025407599 0.5808899779148211 0.09059043726480932 0.1977297844330155
4 0.9762108373657437 0.44517130115687226 0.04757832526851267 0.2387337479685574
4 0.6534899923548437 0.7371385691314684 0.1299624298132633 0.26499016052153784
3 0.1606152137733999 0.41313449456393825 0.05571289737981114 0.21055089858789017
3 0.635477134973327 0.5682986335229576 0.10012963787277489 0.20253648964638368
3 0.6492915293180042 0.262118879064665 0.04217140603551612 0.11436874628537233
3 0.4691589640023391 0.27198796668296094 0.06203132156070552 0.20120044092097059
4 0.3135173947584425 0.32821522739795744 0.05939505356569647 0.20399790876555185
0 0.6215067615298778 0.5839805285229485 0.02392649604910913 0.03602806246844912
1 0.6649136705192777 0.1852125373562576 0.03302894263290996 0.06907787706994274
8 0.8064893135530012 0.762862342375003 0.04882192486831492 0.044760113316956424
2 0.8649241398502978 0.7528408073523003 0.05041538288927883 0.046659787035820015
7 0.8777687678481922 0.7974362612925422 0.02925136172525767 0.046440659735972306
7 0.751658325295327 0.8232249170457558 0.03136160740799747 0.044579333294582295
5 0.7456920041757394 0.7785582467330633 0.03241673024936712 0.043648670073887175