4 0.3458373893538226 0.24353794344113386 0.065801094196104 0.2136363228947865
0 0.7403487279341162 0.37415722543831553 0.02356880518670559 0.04036586636557993
4 0.8984717731879184 0.6828810328392151 0.09542103727425497 0.24634898680462064
3 0.7001106889662483 0.5450315495106691 0.07633391545101038 0.24923788764437194
3 0.7302710033896876 0.7428676702106266 0.06862746964027247 0.2815644918599607
3 0.653973018091595 0.7698553723350648 0.07815082975394026 0.2739472019339121
3 0.39209266170795737 0.7177657493597513 0.08774489266044938 0.28793485027946847
3 0.31549613588353587 0.3882809481351325 0.0598105586985227 0.23980804386905086
3 0.20983100685997433 0.5924280404934009 0.07815587995342883 0.2754904118104553
3 0.048970832787800754 0.6409169179163451 0.08780044485482483 0.30491015892144374
3 0.019501816937813148 0.38907742966979947 0.03727646565049893 0.25037708156182115
4 0.11906675296628448 0.8407092425843642 0.06824870467862171 0.16582375111921993
3 0.7461122938329555 0.4112526203361106 0.12337557203413654 0.300648632721211
1 0.726661557646526 0.303030410064751 0.047122459774945114 0.07610210310153022
6 0.35234420271224254 0.9056198711402924 0.10432322285081568 0.048916882063757064
6 0.639839773284002 0.960289163836938 0.04178787145439481 0.03746798739340413
7 0.4440604192095479 0.9482337307777242 0.052310592310323756 0.06998313238990322
7 0.5734638244809341 0.965768629345561 0.055797965131012046 0.06846274130887799
8 0.5091418599785155 0.9419626462651034 0.05570706154021584 0.046870896771452654
5 0.491881752857178 0.9726472811474813 0.02703092700995037 0.03731535914219065
2 0.5218498703217994 0.9791298662222928 0.03223421014379508 0.035826018060193456