2 0.04984910476789958 0.9576173311611023 0.02323589744791703 0.03428836284709361
5 0.07457344876463566 0.9606914605659901 0.01918149916605491 0.030106546889835852
8 0.10796857315309469 0.9577968817762431 0.03824918192878741 0.04279506099278646
7 0.1554369275834744 0.9587804621155868 0.022152100287209767 0.0445104201145751
7 0.2400135570272405 0.9610453185294756 0.026761787314522282 0.04563038776596108
0 0.40475523848173517 0.8040888197712324 0.024426815929398285 0.04045974820256294
1 0.7094183880152324 0.2375782213740308 0.036737302591049126 0.07554617968089376
3 0.5520266190203839 0.28247920231966595 0.046265053548964555 0.21302009443707856
3 0.5999324935925195 0.436668817632035 0.04992484506653734 0.24485392263463432
3 0.498197410370225 0.6384818388099497 0.08459457646833256 0.2681102373970781
3 0.4178021842237077 0.6567982020692352 0.07340176548619616 0.31602753138336726
3 0.37350842937917583 0.6543433085066129 0.05336369886001384 0.24287627542235424
3 0.3409090120488111 0.7556283484988933 0.13566226512031718 0.24765491850235333
3 0.22985989471133114 0.4453962947010704 0.04814516242686387 0.23662143476536462
3 0.22162449623828553 0.3407033040978217 0.06592819555243774 0.2287943012177638
3 0.37797872899116786 0.4105504604198766 0.054380545195237204 0.2224083165155285
3 0.1442498827790033 0.3811139279043203 0.05500947984871978 0.23061696001293527
4 0.31810079367186 0.8959466409095066 0.06699190746549982 0.20810671818098686
4 0.3372683768740002 0.25599757734968326 0.04106660236345983 0.20983902427189222