8 0.09325344803425178 0.8738120193463251 0.04307590330624865 0.04269834513645121
7 0.14131220290878319 0.884380917199513 0.03008483993326049 0.043569763561348666
2 0.03726536718296013 0.8572888454542572 0.02498037271356235 0.03748086973006245
5 0.06017301839114524 0.8651000908191027 0.02385042921073749 0.03746916383507071
7 0.21991065799981402 0.9041910999523071 0.025571639740956477 0.0455350124159889
4 0.5667852353648082 0.8950641909946345 0.08765317088856382 0.1990904887232266
3 0.6643922285245011 0.8533071642770335 0.1116482241172008 0.2808252461196653
4 0.6542511891379732 0.3433345963164342 0.05432969828372379 0.201763273472878
1 0.6268893137673457 0.26916885771575605 0.045434397596829906 0.07290284344554972
0 0.6033248456829093 0.3197164923757763 0.022723772617410314 0.038463494157382566
3 0.6069482351068191 0.4776319872812489 0.06411499808010956 0.2571947655320191
3 0.5894817710007505 0.49240095380452814 0.08177703330129178 0.302647836683065
3 0.511925077879398 0.7049822107751693 0.1146242807111579 0.32713217685312074
3 0.5082162288085478 0.5209097742197973 0.06416758863207284 0.27329134500888025
3 0.4930324717335158 0.4561755413123429 0.0941571081898995 0.28768605826841803
3 0.4361067315850156 0.4985171920275406 0.10526918937677839 0.2304590528320189
3 0.38980806513138405 0.2484853361923111 0.07934951391125869 0.25131657781058636
3 0.3618786844642355 0.519407578969332 0.09583230198715058 0.28166739980708294