4 0.26879745657465254 0.28530259365994237 0.0957099883937636 0.260806916426513
3 0.1580814275972555 0.5482708933717579 0.12333809895109968 0.2723342939481268
0 0.20448455636863616 0.5778097982708934 0.027053476308330465 0.04755043227665706
3 0.7232315698328943 0.5612391930835735 0.14807361143579073 0.3371757925072046
3 0.8824232394690334 0.44452449567723346 0.08954761061252316 0.30979827089337175
6 0.35277663941354076 0.888328530259366 0.09433327542254293 0.05043227665706052
6 0.621806539104762 0.8285302593659942 0.03830439969999091 0.03314121037463977
7 0.5632333905770002 0.8631123919308358 0.0498664979413112 0.06628242074927954
7 0.44150302834914124 0.8897694524495677 0.05067687071278607 0.06628242074927954
8 0.5016686337971564 0.8595100864553314 0.05137408899347564 0.04899135446685879
5 0.48888626162817467 0.8933717579250721 0.024565780748513264 0.03890489913544669
2 0.5160526085543806 0.8904899135446686 0.0334704516938381 0.037463976945244955