2 0.9062696219395316 0.9160039761431411 0.023126047942988108 0.033797216699801194
5 0.8822732779249374 0.9199801192842942 0.01919593165225782 0.030815109343936383
8 0.8498645426995357 0.918986083499006 0.038268352122441535 0.042743538767395624
7 0.8040739885992045 0.9219681908548708 0.022080235981066534 0.04473161033797217
7 0.721707507199249 0.9274353876739563 0.027114669530490257 0.04572564612326044
0 0.22158568072855464 0.5670974155069582 0.01528531712711822 0.030815109343936383
4 0.060646713255961174 0.6456262425447317 0.0590370348032902 0.2286282306163022
4 0.5780506351503474 0.8722664015904572 0.08986080061448362 0.24353876739562624
1 0.2742607920372321 0.2927435387673956 0.03114879523770422 0.06461232604373758
3 0.3140529450764271 0.4403578528827038 0.0682742179659922 0.18886679920477137
3 0.3611166360393769 0.41848906560636184 0.0790122542877311 0.2077534791252485
3 0.26672331707732055 0.5497017892644135 0.06910590190213832 0.23061630218687873
3 0.4220886935482035 0.4731610337972167 0.05799122284136847 0.23956262425447317
3 0.47529438561353626 0.4507952286282306 0.05723754596758491 0.20974155069582506
3 0.5457378431700133 0.544234592445328 0.04166659434085861 0.220675944333996
3 0.7356192431678851 0.3210735586481113 0.07374379955121942 0.1709741550695825
3 0.9064163957056768 0.3404572564612326 0.053170917317720015 0.18588469184890655
3 0.29560250499804297 0.7798210735586482 0.09475222121624301 0.22266401590457258