4 0.3151895512302158 0.2234513274336283 0.055377617764907974 0.19911504424778761
0 0.6977727013657072 0.25 0.02167465001282158 0.035398230088495575
4 0.8681701584739293 0.5036873156342183 0.08282763512527061 0.22566371681415928
3 0.671091294091266 0.4218289085545723 0.06377079722264431 0.23008849557522124
3 0.713618089985261 0.6025073746312685 0.05558505282450255 0.26253687315634217
3 0.6429924391607762 0.6467551622418879 0.06468199382860294 0.2551622418879056
3 0.39169800531913845 0.6622418879056047 0.07384647182885065 0.26843657817109146
3 0.29647225750187495 0.3687315634218289 0.04882612780370252 0.22418879056047197
3 0.2103495811113883 0.5877581120943953 0.06468681789975644 0.25663716814159293
3 0.06164524103756126 0.6733038348082596 0.07389471254038427 0.2831858407079646
3 0.014809319005634255 0.44321533923303835 0.02961863801126851 0.2374631268436578
4 0.14192900789247312 0.8451327433628318 0.05936918446975822 0.15191740412979352
3 0.70553902799452 0.28392330383480824 0.10786245136387868 0.2743362831858407
1 0.6797380137055673 0.18657817109144542 0.04251046448698496 0.06784660766961652
6 0.3670413258240424 0.8488200589970502 0.09878425380236479 0.03392330383480826
6 0.6428064360003584 0.8303834808259587 0.03907311312274473 0.030973451327433628
7 0.4565332637405956 0.8672566371681416 0.04829547997683274 0.061946902654867256
7 0.5809499657625588 0.855457227138643 0.0507975143793474 0.06637168141592921
8 0.5179654921379127 0.8451327433628318 0.052364231820136685 0.038348082595870206
5 0.5033461711008094 0.8783185840707964 0.02415256405956968 0.032448377581120944
2 0.5319579603460921 0.8768436578171092 0.029952051762877397 0.030973451327433628