2 0.14146287567786622 0.9722222222222222 0.021981054189262217 0.032407407407407406
5 0.16385719395135293 0.9717592592592592 0.018326130496849242 0.02962962962962963
8 0.19404431644683384 0.9652777777777778 0.03607385538619425 0.041666666666666664
7 0.23569128733549463 0.9592592592592593 0.033987491933167746 0.040740740740740744
7 0.31248390280522925 0.95 0.03556211241194056 0.044444444444444446
1 0.6500535479754782 0.2550925925925926 0.036658321233084955 0.06111111111111111
4 0.7454874263901555 0.37175925925925923 0.046978371323467154 0.19074074074074074
4 0.32031319450779616 0.31851851851851853 0.04581246974937893 0.1527777777777778
4 0.32048392297230993 0.8481481481481481 0.056177624381261164 0.13703703703703704
0 0.2966853178479713 0.49907407407407406 0.01572499394987581 0.030555555555555555
3 0.31541562206996543 0.4930555555555556 0.0891173894083759 0.17592592592592593
3 0.3486216903761842 0.45416666666666666 0.07420109016268792 0.23333333333333334
3 0.3232158279642436 0.4097222222222222 0.03807269262201594 0.175
3 0.2502567396218721 0.39675925925925926 0.041188602262936296 0.17222222222222222
3 0.21774777247203977 0.7282407407407407 0.07579086123992672 0.24166666666666667
3 0.3589902223816576 0.5986111111111111 0.053319274914263325 0.21851851851851853
3 0.5692097576413169 0.4587962962962963 0.07776814038399778 0.20925925925925926
3 0.6629402354902602 0.5324074074074074 0.05799162431579721 0.21388888888888888
3 0.7143739554032987 0.4930555555555556 0.0460457889657557 0.22407407407407406
3 0.879519375939722 0.6648148148148149 0.07579995159900647 0.24444444444444444