8 0.03491681573722522 0.8544238683127572 0.04302608889124568 0.030864197530864196
7 0.08431180956340371 0.8672839506172839 0.029722637533299543 0.03189300411522634
5 0.0065387930546815945 0.8436213991769548 0.013077586109363189 0.024691358024691357
7 0.16430739449986845 0.8909465020576132 0.02509974173090894 0.03292181069958848
4 0.5189921604250873 0.9002057613168725 0.09158414026215417 0.19958847736625515
3 0.6196598722800031 0.8600823045267489 0.11815104545346705 0.27983539094650206
4 0.6195781320726442 0.3420781893004115 0.05806646223801271 0.20679012345679013
1 0.5928807281278797 0.2654320987654321 0.04736656938845103 0.07510288065843622
0 0.5676665113339069 0.31584362139917693 0.02341076741047119 0.040123456790123455
3 0.5683420446548669 0.47788065843621397 0.06885348940282733 0.26337448559670784
3 0.550311323172325 0.49176954732510286 0.0876750301471033 0.3096707818930041
3 0.466445409328824 0.7057613168724279 0.12140819064289443 0.33539094650205764
3 0.46623094045431157 0.5174897119341564 0.06896123063865224 0.27983539094650206
3 0.45191169478040566 0.4506172839506173 0.09972680051629526 0.294238683127572
3 0.3929039157649175 0.49176954732510286 0.11034507656127872 0.2366255144032922
3 0.350609258006819 0.23405349794238683 0.08443808643939306 0.257201646090535
3 0.31668653675119707 0.5097736625514403 0.10142924249121119 0.2890946502057613