4 0.04626643176264248 0.14410025786872133 0.053716177985205206 0.13981639005945223
3 0.31994744058676156 0.04790231912256652 0.09162685795691172 0.09580463824513304
3 0.3667257319699967 0.199774803721271 0.07363868601163885 0.2493032777511296
3 0.19745858602552202 0.4428149654634336 0.09207900451287178 0.2378891638377567
3 0.259576181654118 0.4760198576168626 0.10743551783443807 0.280599898107299
3 0.3237220634049715 0.6368590048629906 0.16566990021220163 0.3063470042869628
3 0.5793797574276195 0.5660327185852837 0.09636675518330202 0.21955893428116835
3 0.544334532841722 0.7298329431433065 0.12251062525753978 0.23723713140972336
3 0.7266426702353183 0.9029879724166272 0.14460668397555804 0.18040785773685042
3 0.7684446989453808 0.16853749595502726 0.08003711244499355 0.21165319453810394
4 0.9415093254600465 0.17690018570861596 0.11629206272186994 0.16367427248523547
1 0.47407881051226036 0.7755297516980582 0.1180837525698909 0.21301416947695004
0 0.5466163116140355 0.5305897579504315 0.03171145097209635 0.05835341791976354