4 0.701963786402925 0.7300099818925556 0.06168443363235493 0.12097729952096348
4 0.06598519956315592 0.6955008718553947 0.05975771760828272 0.2713820939487102
1 0.2991330926935015 0.2308776461748617 0.047848077660664914 0.08215365610149913
0 0.29079906700770497 0.27162107423644477 0.02190556389895705 0.04033965817320314
3 0.298547424439354 0.42140955628271787 0.08809143541929236 0.3046251083375117
3 0.3716556280603139 0.4601294898040523 0.06454481750512103 0.25567279162616824
3 0.5948128267210101 0.3922377116631277 0.08064100717554304 0.24581083832562256
3 0.4144814782289533 0.2399492072965904 0.07008206743604689 0.2227798472259916
3 0.6639964147951231 0.3406622580295205 0.10648030137608877 0.25610621161208474
4 0.6965448331183447 0.18341086980924706 0.058772977662463 0.21693249820399535
3 0.6355998953914008 0.534488272537838 0.07434422361406041 0.29302209529054
3 0.3457110372412164 0.5408041610521095 0.05973895041534419 0.2656514349229222
3 0.5106186625843394 0.5389270066056058 0.09451489753311043 0.296095799796663
3 0.2690843274624335 0.6589193433630748 0.062139538061115315 0.259945780896322
3 0.24803005610133635 0.7554033369304239 0.11868967872726847 0.2906151907627499
7 0.5968112639272397 0.8793478963549693 0.034888550275397556 0.06482831902846874
7 0.4767344259728827 0.90389394701137 0.02761171856632997 0.05902264500511812
6 0.6817699223344293 0.8429779551587742 0.09774485809950288 0.05115180144287349
6 0.41501976449372996 0.8968093281280777 0.03720468555294511 0.03333469938582215
8 0.535921821253929 0.8780022714971941 0.05256949238221809 0.046387047188699446
5 0.553354366896041 0.9068347691203109 0.026739581778141903 0.03895700341513117
2 0.5251473276373667 0.9122737031555781 0.023495008133590265 0.03319300439042658