2 0.879453125 0.926212962962963 0.020640625000000058 0.030203703703703604
5 0.856984375 0.9284722222222223 0.01736979166666662 0.027305555555555566
8 0.8267291666666666 0.925675925925926 0.03455729166666662 0.03762037037037047
7 0.7847916666666667 0.9251018518518519 0.03260416666666662 0.03653703703703707
7 0.7078385416666666 0.9251851851851852 0.033984375 0.04014814814814806
4 0.6365885416666667 0.8302407407407408 0.06823958333333333 0.2789907407407408
4 0.16480729166666666 0.35206481481481483 0.04343229166666666 0.20413888888888893
0 0.572625 0.31317592592592597 0.015317708333333258 0.03004629629629634
1 0.7156458333333333 0.2594444444444444 0.03677083333333329 0.06703703703703702
3 0.7000572916666666 0.7791111111111112 0.06809895833333333 0.224888888888889
3 0.6988749999999999 0.6086111111111111 0.05532291666666656 0.18019444444444457
3 0.61465625 0.5025092592592593 0.07855208333333343 0.2568796296296297
3 0.5770833333333333 0.3728518518518519 0.04715104166666677 0.1716388888888889
3 0.5353593750000001 0.30136111111111114 0.04079166666666669 0.19901851851851854
3 0.2992447916666666 0.6321018518518519 0.05396874999999994 0.3234629629629629
3 0.19142708333333333 0.40976851851851853 0.03625520833333334 0.2158240740740741
3 0.360515625 0.4853148148148148 0.04318229166666671 0.23729629629629628
3 0.4485364583333334 0.45022222222222225 0.06505729166666671 0.22266666666666668
3 0.458265625 0.5843148148148147 0.04702083333333332 0.2575185185185185