7 0.7760989010989011 0.845703125 0.023076923076923078 0.0478515625
7 0.8554945054945055 0.8203125 0.017582417582417582 0.0458984375
5 0.9326923076923077 0.79541015625 0.02142857142857143 0.0341796875
2 0.9563186813186814 0.78857421875 0.025824175824175823 0.0400390625
8 0.9010989010989011 0.80517578125 0.04120879120879121 0.0439453125
4 0.6620879120879121 0.85888671875 0.08131868131868132 0.2099609375
4 0.3291208791208791 0.37744140625 0.07032967032967033 0.205078125
3 0.8225274725274725 0.2548828125 0.07637362637362638 0.2451171875
3 0.55 0.42724609375 0.08296703296703296 0.25390625
0 0.2612637362637363 0.48876953125 0.02032967032967033 0.037109375
3 0.24670329670329672 0.52880859375 0.08241758241758242 0.26953125
3 0.47307692307692306 0.5439453125 0.08461538461538462 0.3056640625
3 0.6343406593406593 0.6416015625 0.07802197802197802 0.2841796875
3 0.6958791208791208 0.46728515625 0.09505494505494505 0.251953125
3 0.9043956043956044 0.681640625 0.12087912087912088 0.345703125
1 0.3516483516483517 0.279296875 0.046153846153846156 0.0869140625