7 0.289010989010989 0.9809079487836064 0.020879120879120878 0.03818410243278714
7 0.20824175824175825 0.9854722458575274 0.015384615384615385 0.029055508284945297
5 0.13021978021978023 0.9924552225145165 0.01978021978021978 0.01508955497096709
2 0.10604395604395604 0.9926707837613347 0.024175824175824177 0.014658432477330674
8 0.1620879120879121 0.9892645204338344 0.03956043956043956 0.021470959132331213
3 0.8546703296703296 0.7540037902062121 0.08736263736263736 0.29477552002107865
0 0.7123626373626374 0.4493028743385432 0.022527472527472527 0.04343464667210206
1 0.6120879120879121 0.27974859723101597 0.04010989010989011 0.0740717108430109
4 0.6398351648351648 0.342822445571044 0.03736263736263736 0.1697180191756814
3 0.6491758241758242 0.5466289034899644 0.08461538461538462 0.24491401585374906
3 0.6722527472527473 0.6315788197455323 0.12142857142857143 0.2681362966959646
4 0.5288461538461539 0.8859671933929234 0.06978021978021978 0.2280656132141532
3 0.028846153846153848 0.8121200125069599 0.046153846153846156 0.27146233251113583
4 0.03543956043956044 0.43579152875855076 0.04450549450549451 0.21967043001073816
3 0.2302197802197802 0.4027104554722133 0.05054945054945055 0.2139360516788631
3 0.36648351648351646 0.41773559342175726 0.0543956043956044 0.2179218450131244
3 0.34203296703296704 0.5729916438325247 0.08131868131868132 0.2526583358529537
3 0.2291208791208791 0.6595236663052816 0.06043956043956044 0.23464840418124933
3 0.7002747252747252 0.5774708497522933 0.07087912087912088 0.2788096200171015
3 0.5192307692307693 0.5248985063752784 0.06648351648351648 0.24649215084937426