7 0.30851648351648353 0.994686697645836 0.028021978021978023 0.010626604708328102
3 0.7925824175824175 0.8070236518577178 0.10494505494505495 0.2979601616151293
3 0.6873626373626374 0.5188262745053761 0.08186813186813187 0.3133465396892894
3 0.6637362637362637 0.5278593148551114 0.09505494505494505 0.34375633257548355
3 0.7373626373626374 0.5344800074280294 0.1076923076923077 0.31654325648725323
3 0.6087912087912087 0.5209435111626353 0.10164835164835165 0.31355107276858085
3 0.5153846153846153 0.7563057855104259 0.10604395604395604 0.4005105870639789
3 0.3230769230769231 0.7108602382117595 0.11318681318681319 0.3244125712315009
3 0.2032967032967033 0.6114771455371616 0.08131868131868132 0.2977158582148647
3 0.13763736263736265 0.8797411011899104 0.1412087912087912 0.2405177976201791
4 0.6593406593406593 0.28172011305971334 0.056593406593406594 0.23788987936575046
4 0.6615384615384615 0.8793990889574124 0.08791208791208792 0.20598716090796176
1 0.6225274725274725 0.2286050792732543 0.04725274725274725 0.10205110680052942
0 0.6175824175824176 0.21488207100343146 0.02032967032967033 0.04122583955371617