4 0.16831112615489124 0.14644849630413617 0.05953529440159314 0.18907129177826357
3 0.04863364557076425 0.32645381636861925 0.05961705849623355 0.2140712917782635
3 0.4088490625124132 0.39604484968986575 0.07531474758200479 0.22096428895568443
3 0.5623747947241751 0.23610069728229097 0.04808959986411807 0.16010766252246542
3 0.7143067170634213 0.5804499035488838 0.08233548506329032 0.21911393490524456
4 0.5962178379857727 0.7503758519685907 0.057929396644325414 0.19386220188457803
3 0.8639959251390655 0.7348784814602528 0.0845259501812895 0.22779015732759436
0 0.6731213178877521 0.3002254532403105 0.017394785256291644 0.02998670245572168
3 0.6295122491949143 0.4358272290772405 0.08443789654090741 0.20086708040451745
3 0.618522366527086 0.4635971660857745 0.0682122460060787 0.19781464300612453
3 0.621283067331281 0.3987240873011209 0.06718462606380116 0.21414960871802644
3 0.6375305510795878 0.3258177832715384 0.03707123404383556 0.09653424271840866
3 0.661424401913849 0.35971776837892494 0.05743917246971742 0.20924122320206756
4 0.7261949235925902 0.3315429025878814 0.05192684478670541 0.1764929748385007
1 0.6512669830736922 0.22884784440142766 0.03530495287015755 0.052286691286261636
6 0.29494214137993763 0.8530235932815591 0.050424364140938795 0.047635632858095044
6 0.43805820151853136 0.8982532240363645 0.0553018080972868 0.05153213330838228
7 0.367989016515374 0.8763749461897119 0.07099635241018724 0.05746359202426474
7 0.5108285168379559 0.9196787029878775 0.06828736016174303 0.05551254476555807
2 0.5738596681090385 0.9381188733465085 0.03202397235246502 0.04071466534504461
8 0.6417635461771629 0.959013236463119 0.05042750891380943 0.0485971713196335
5 0.7056039358726207 0.9768667432837032 0.03312392207077062 0.04626651343259377