4 0.14241693502343303 0.49765917602996257 0.08287382909607884 0.2350187265917603
0 0.3987909027952268 0.5154494382022472 0.025933388421639343 0.04400749063670412
3 0.48129693909930615 0.477059925093633 0.08291057328435858 0.24625468164794007
3 0.3276748461597956 0.8984082397003745 0.17119077319419854 0.20318352059925093
3 0.8490180183200884 0.826310861423221 0.11788590170423767 0.15823970037453183
3 0.896989130099842 0.7691947565543071 0.1444742105743298 0.24157303370786518
3 0.8935176815804143 0.1100187265917603 0.06857756634097002 0.20880149812734083
3 0.80893087824396 0.15589887640449437 0.06007383928576162 0.18352059925093633
3 0.5610422654332347 0.15777153558052434 0.052687046138990376 0.17790262172284643
4 0.9202097480747634 0.06413857677902622 0.05831423299163218 0.12827715355805244
3 0.6523633497488585 0.4812734082397004 0.0999027173163253 0.29213483146067415
3 0.4301954907239203 0.5426029962546817 0.11138980421404707 0.2640449438202247