4 0.9795742987095608 0.46842980971643566 0.040851402580878333 0.144432053546574
3 0.7595921940655629 0.17395983065199294 0.09413706382732084 0.1682744042810083
3 0.680034950183295 0.3134548629266154 0.07968649082807104 0.24781260818107065
3 0.7891273578802817 0.642663238110852 0.09727754725522524 0.23962248438304762
3 0.7251707234126414 0.6332616141664075 0.1130593581389898 0.28176834517259486
3 0.6344331255884389 0.739259936273619 0.17047772910744458 0.3133701110672639
3 0.4118509573860322 0.5117775141163315 0.1003740986122072 0.2225785835473199
3 0.4124424684437351 0.6838196851681669 0.12616699757979116 0.2421209129831719
3 0.2079874273070893 0.7342411599983386 0.146251398632291 0.20641955369783452
3 0.31459114096746693 0.07066176940407533 0.08372773648038843 0.13004143373356286
1 0.4686143544252769 0.7700460630776581 0.12119860114303861 0.21825710644208648
0 0.448938951681025 0.5006641165080628 0.032471355783466965 0.05959901445641175