0 0.6205645161290323 0.7119683999204307 0.028225806451612902 0.05072673620546987
4 0.8270161290322581 0.8719403951272684 0.09758064516129032 0.25611920974546315
4 0.7020161290322581 0.1928784878865877 0.06048387096774194 0.21471734098879847
3 0.6205645161290323 0.2506503483444995 0.10241935483870968 0.2671601415337733
3 0.482258064516129 0.2477913466683562 0.06612903225806452 0.2477853243330443
3 0.37459677419354837 0.407456943891676 0.09758064516129032 0.2928480837675634
3 0.3870967741935484 0.43636863275810983 0.1153225806451613 0.29464750092561476
3 0.42943548387096775 0.4909687657196097 0.10403225806451613 0.3087407605981547
3 0.2911290322580645 0.43295217092025723 0.09193548387096774 0.3242500144634322
3 0.5661290322580645 0.6306139105090222 0.13225806451612904 0.24055632201852425
3 0.6193548387096774 0.6668144542467865 0.1338709677419355 0.2792716115700116
3 0.7600806451612904 0.5823309174707912 0.10403225806451613 0.2686261474176389
3 0.8463709677419354 0.6693582207962814 0.09032258064516129 0.28266939539905067
1 0.27903225806451615 0.0494642901150477 0.0532258064516129 0.08849280734807964
6 0.6169354838709677 0.9067357892605298 0.09193548387096774 0.06207236403363276
6 0.35 0.8145416149077118 0.03790322580645161 0.03373480589261739
7 0.4060483870967742 0.8543821675095761 0.049193548387096775 0.0669194831828282
7 0.5258064516129032 0.8969723594009216 0.0532258064516129 0.0770314892965037
8 0.4681451612903226 0.8606801275627558 0.054838709677419356 0.04984420005142963
5 0.48104838709677417 0.896047143115056 0.025806451612903226 0.039215406462765966
2 0.4536290322580645 0.888317020166705 0.03064516129032258 0.03931542984502192