0 0.5843241785582528 0.8618894849943335 0.025193888806782076 0.041753284939700396
1 0.2758741822855404 0.2881363787968919 0.03812967331352606 0.07715576653289637
3 0.4354037523514112 0.33387713125353274 0.04790798869503422 0.2162564774011279
3 0.3868148873738738 0.4900182402168068 0.052095733773094045 0.24949374380017017
3 0.4895886084444173 0.6944089713282638 0.08772149722627103 0.2737208056450543
3 0.5711177493582398 0.7123700669439628 0.07622244138204251 0.32131794610540776
3 0.6159980200893163 0.7102414081218088 0.05558206623845948 0.24641792116413874
3 0.6488808544504008 0.8127638316687221 0.13893574163406894 0.25350500587675984
3 0.7615065603639352 0.49908552711353316 0.05032035927514103 0.24117688333395357
3 0.7697212034616174 0.3928392000413838 0.06835850459070743 0.23306521603534314
3 0.6115584714763221 0.4638177976775156 0.05610040029066933 0.22671441268883907
3 0.848262003900008 0.43359169695474364 0.05670688327940841 0.23398185857038564
4 0.6718213302957422 0.9244796181935402 0.06868358905129454 0.15104076361291965
4 0.6528646493413337 0.30708257785051024 0.04265306241914078 0.21309012836762325