2 0.8904971107297396 0.9337568574793645 0.021378717225405203 0.03163085268314118
5 0.8673696439235364 0.9365865660560138 0.018177944092728004 0.028729324969705993
8 0.8365123909130993 0.9340583135974061 0.03576827066598951 0.040434419265055296
7 0.792900011521991 0.9345742338389326 0.020348927931745784 0.04200583178811465
7 0.7144518484844553 0.9357875439649346 0.02513925656462392 0.043049994813843986
1 0.7804248969706377 0.2921102423052397 0.033702502898020785 0.059294018306760274
3 0.7248356806655898 0.5333830006533277 0.07149666630003314 0.23114139424516855
3 0.6778170925274725 0.6307028411460038 0.08524944341822999 0.37035774711542097
0 0.25271479372560884 0.5094444397328997 0.020837518560813107 0.02878431577059945
3 0.27591343610928637 0.5283538615910333 0.06803285298973306 0.1478996018814496
3 0.32350434613638485 0.5246122990064236 0.037716798643887786 0.1482178863353837
3 0.35029796727689494 0.5043737552447873 0.08412646177254267 0.18981744838813444
3 0.30893875568955576 0.6244933864382438 0.1112606651699395 0.35482860403412136
3 0.4607321995089264 0.5255594651642912 0.06596399063143951 0.16581402133903358
3 0.4714633350910161 0.5541348158914949 0.08747886983114356 0.2390327757234978
3 0.6281231023273663 0.5606819026085512 0.07963630840118723 0.28045570502214046
4 0.9743850631310269 0.605670884570094 0.051229873737946116 0.2988203868558028