2 0.08948432062337226 0.98388671875 0.022083510100967887 0.0322265625
5 0.11311548916442525 0.9853515625 0.01877721697490585 0.029296875
8 0.14469291270890064 0.98046875 0.036941051204636415 0.0390625
7 0.1891952106046089 0.9794921875 0.03474644561662042 0.0400390625
7 0.2705059003988246 0.97705078125 0.03640438709433081 0.04296875
4 0.34458404480927723 0.86328125 0.07562032546542179 0.2734375
4 0.835227901723232 0.35498046875 0.04851184517474294 0.216796875
0 0.4046438911547118 0.32763671875 0.016589004606462267 0.0322265625
1 0.25309924615752166 0.275390625 0.039796988684621275 0.072265625
3 0.2765942426460054 0.82275390625 0.07495899357345279 0.2392578125
3 0.2754566158958868 0.64306640625 0.06106609595766336 0.19140625
3 0.36299310215809166 0.5283203125 0.08660933645443265 0.2734375
3 0.40072919336504514 0.390625 0.05224611767837834 0.1826171875
3 0.4438848529034188 0.31396484375 0.04574541276877271 0.2109375
3 0.6974729971913438 0.65478515625 0.06156157047453035 0.3427734375
3 0.8079583589721306 0.4169921875 0.041407347349320764 0.228515625
3 0.630763936551006 0.501953125 0.04862692312704734 0.251953125
3 0.5372454618018944 0.4677734375 0.07165589705717708 0.2373046875
3 0.5289177614296902 0.609375 0.053092852937949256 0.2734375