7 0.2716216216216216 0.9365384615384615 0.02 0.04326923076923077
7 0.19243243243243244 0.9293269230769231 0.014594594594594595 0.04326923076923077
5 0.1154054054054054 0.9211538461538461 0.01945945945945946 0.02980769230769231
2 0.09162162162162162 0.9192307692307692 0.023243243243243242 0.03461538461538462
8 0.1464864864864865 0.9240384615384616 0.03891891891891892 0.035576923076923075
4 0.38432432432432434 0.9100961538461538 0.06702702702702702 0.16538461538461538
4 0.6764864864864865 0.3836538461538462 0.05675675675675676 0.19326923076923078
3 0.18621621621621623 0.36923076923076925 0.06054054054054054 0.2326923076923077
3 0.46405405405405403 0.4798076923076923 0.06594594594594595 0.2403846153846154
0 0.7502702702702703 0.47836538461538464 0.01783783783783784 0.03365384615384615
3 0.7670270270270271 0.5144230769230769 0.06486486486486487 0.2567307692307692
3 0.547027027027027 0.5769230769230769 0.06486486486486487 0.2923076923076923
3 0.3962162162162162 0.7072115384615385 0.05945945945945946 0.2721153846153846
3 0.32432432432432434 0.55 0.07891891891891892 0.23557692307692307
3 0.13513513513513514 0.8043269230769231 0.09837837837837837 0.32596153846153847
1 0.6475675675675676 0.29278846153846155 0.04108108108108108 0.07788461538461539