4 0.193125 0.3413611111111111 0.04192968749999999 0.19661111111111113
4 0.4409140625 0.7279305555555555 0.05157031249999999 0.13919444444444448
4 0.8644765624999999 0.25558333333333333 0.04088281249999994 0.19450000000000003
0 0.7824296875 0.36770833333333336 0.01897656249999997 0.035416666666666666
3 0.672296875 0.2675972222222222 0.03621093749999993 0.17130555555555552
3 0.7874531250000001 0.49472222222222223 0.04933593750000007 0.2644583333333333
3 0.697125 0.5123888888888889 0.06399218750000006 0.2136666666666667
3 0.6422265625 0.5141527777777778 0.041695312499999915 0.26719444444444446
3 0.6121015625 0.38383333333333336 0.0408203125 0.21487500000000004
3 0.48707812500000003 0.31920833333333337 0.056398437500000044 0.2023055555555556
3 0.3629765625 0.2704861111111111 0.04568750000000001 0.12430555555555556
3 0.357734375 0.3915555555555556 0.04926562499999996 0.22200000000000003
3 0.2306640625 0.5448472222222223 0.0654375 0.21468055555555562
3 0.2606953125 0.719486111111111 0.07863281249999998 0.20841666666666658
1 0.3157109375 0.21168055555555554 0.03461718749999996 0.07019444444444445
6 0.356546875 0.8442500000000001 0.08764843750000004 0.01756944444444457
6 0.6164296874999999 0.8439027777777778 0.03410156250000007 0.02326388888888889
8 0.49928906250000005 0.8497500000000001 0.03660156249999993 0.028569444444444356
5 0.48390625 0.8795277777777778 0.01785937499999992 0.023999999999999962
2 0.5113359375 0.8797638888888888 0.025843749999999943 0.02234722222222211
7 0.4413125 0.8646111111111111 0.04324218749999993 0.051861111111111
7 0.55965625 0.8635 0.04315625000000001 0.05179166666666662