2 0.07848077880643724 0.9379117227595241 0.022205518444067127 0.03264510136781733
5 0.10224732769562668 0.9411044208753109 0.018880958505153946 0.02966385679132876
8 0.13456134114334936 0.9394741095235829 0.03715157395141443 0.04164026974197839
7 0.179870029952585 0.9414162136930311 0.021135903045128218 0.043439172429092586
7 0.26137138547160865 0.9452061251833219 0.026111493006349705 0.04447292534490644
0 0.7488304243287682 0.5789447012813475 0.01501355519023682 0.029623852067677762
4 0.9095655179232494 0.6532964493757311 0.05543220056724247 0.225516665178079
4 0.402330714552722 0.8837221601463051 0.08585108360487197 0.23255567970738977
1 0.6913198799264468 0.3092037115410498 0.030039967462928654 0.06317697721983456
3 0.6547838387975727 0.4556773907185213 0.06469589493606098 0.18632108866215202
3 0.6077566202831391 0.43505409451623134 0.07524777510555632 0.20312908352109924
3 0.7037513716895554 0.5627618396609222 0.0653801662190717 0.22660185273858732
3 0.548547568514755 0.49043187771399394 0.05435937089768965 0.23532841796823442
3 0.4957176378926389 0.4692574152906675 0.05371045659143073 0.20585315487411762
3 0.4277941636726675 0.5628541716937588 0.03883190076697307 0.21748667019347329
3 0.2359316245490798 0.34624025311361106 0.07070895759008368 0.16673758780549242
3 0.06722905806299101 0.3695434485878282 0.049769125052396515 0.18321982991471025
3 0.6796368111542223 0.7908936644728151 0.09076560242443138 0.21802387648250074