4 0.30491803278688523 0.7354437690915056 0.06721311475409836 0.18876818890941507
3 0.15300546448087432 0.5982931116783071 0.08797814207650273 0.2639547617558472
3 0.033879781420765025 0.7041539462960357 0.06448087431693988 0.2799738391352932
3 0.5576502732240437 0.3015780654706788 0.06830601092896176 0.17131505503265593
3 0.5792349726775956 0.3297726051677381 0.07814207650273224 0.22977083072434865
3 0.5961748633879781 0.4454418113254647 0.1469945355191257 0.24090300813901333
3 0.7120218579234973 0.36974584692211915 0.07595628415300547 0.2161334091574784
3 0.8699453551912568 0.4621120416283662 0.10491803278688525 0.24974186627773237
0 0.575136612021858 0.27403209099396936 0.025683060109289616 0.04422028593499702
3 0.5068306010928961 0.5366092819489552 0.060655737704918035 0.3769821378010371
3 0.48579234972677593 0.4559762606465862 0.09836065573770492 0.2564024171111022
3 0.4568306010928962 0.664827436213442 0.08306010928961749 0.33666862148281623
1 0.7956284153005464 0.02158503301962655 0.03825136612021858 0.0431700660392531