3 0.7819672131147541 0.41473270440827464 0.1087431693989071 0.2622890758566798
3 0.7248633879781421 0.39881810558812403 0.07213114754098361 0.2570562655680059
4 0.8155737704918032 0.21195814466713508 0.09453551912568306 0.20777328597795658
4 0.2863387978142076 0.8693703467757858 0.11366120218579236 0.2565146685443483
7 0.3215846994535519 0.948617676850731 0.041530054644808745 0.04703121851032282
7 0.1418032786885246 0.9645536632660748 0.040437158469945354 0.048961669326224
2 0.3726775956284153 0.9451769321057558 0.03224043715846994 0.044993448503734365
8 0.42513661202185793 0.9392948819486182 0.0546448087431694 0.05493376988455857
5 0.4778688524590164 0.9368080658546792 0.03278688524590164 0.04208647552296824
3 0.7754098360655738 0.7929558247555867 0.09289617486338798 0.33882430200763347
3 0.4163934426229508 0.6364726346447107 0.0912568306010929 0.25822483260041706
0 0.4568306010928962 0.5870255284252828 0.025136612021857924 0.052687009875052294
3 0.412568306010929 0.5156383868861444 0.14098360655737704 0.26262233018565667
3 0.3262295081967213 0.6597347141775337 0.17814207650273223 0.2523268082702636
3 0.8456284153005464 0.5339775809393656 0.10273224043715846 0.2991201475771451