4 0.27160912741236237 0.3660651724681329 0.04727909088492247 0.1723522438516799
3 0.5962074957785555 0.5598384076671048 0.1002692941991122 0.2100070403964569
4 0.41994013098675465 0.7420853226779069 0.05224332613789347 0.17533306462150278
3 0.7300774676869838 0.32149279736280845 0.04173983133861269 0.16545949160743234
3 0.5456102869313865 0.5939808400328144 0.07786969039108009 0.22930534994504193
4 0.8805594022145847 0.2288169215796177 0.04286430618140202 0.16937710455628185
1 0.30866788409425683 0.27807544721622907 0.029498091843228453 0.05791830564451228
6 0.3724200142556131 0.9525171714541033 0.05139939258958623 0.04642681462150278
6 0.5167017385020867 0.9198317117278154 0.05637641471450134 0.05136076039132553
7 0.4453818554850397 0.9356946825525965 0.07234244782842744 0.05640833564964365
7 0.5907592841124284 0.9025323045251582 0.06958240820923058 0.05442680327751992
2 0.6568529934737231 0.8856387971933419 0.03213665617895708 0.04134515051663623
8 0.7237932556850959 0.8721717808231627 0.06403675522694886 0.04655748853327224
5 0.7887976541014475 0.8567317542924968 0.023875717629282537 0.03833024090026482
3 0.4290009436139849 0.32179731812803936 0.06548768024845493 0.18425848250769705
3 0.4674175355516474 0.273369737074985 0.06381375485621517 0.18033518808442273
3 0.5480461107294936 0.2527205388154249 0.049962409272454884 0.16261502622380375
3 0.5036496895796672 0.3528405954125945 0.06713603189680657 0.18427552693097127
3 0.5595341946684661 0.4129847368294953 0.07857219845971568 0.16876983789389133
3 0.6214115083134449 0.46537887446506865 0.0750201426682749 0.21365194257291797
3 0.6498710517553631 0.44858446738515617 0.06958957153348974 0.2233607528286704