6 0.624880759088806 0.891182221487703 0.09409520200451998 0.04589717453370997
7 0.5355516774573186 0.8880850441481384 0.046085114436517596 0.0627910122745123
8 0.47580438940708586 0.856310114327559 0.04839922149315125 0.042526452114270134
2 0.4609044881586207 0.885139636281903 0.028728454335980955 0.02783133919330952
5 0.4878687461254604 0.8926642571279342 0.021396999240931133 0.029204729818963538
7 0.4125906863075752 0.8556566624285025 0.05100755176148279 0.06718942818591171
6 0.3548540767561947 0.8195549856144845 0.037738686158066075 0.033721188654063566
4 0.9825049180860617 0.7108552500258882 0.034990163827876605 0.25546031908884637
1 0.6933551493785667 0.20063250520955886 0.045430801964229335 0.08742026179652541
4 0.3506802911664458 0.6803908242822472 0.08795013082760705 0.22842998544921922
4 0.20179591691994622 0.11439723920058043 0.06427698881542261 0.22528691723977326
3 0.31346218530605224 0.41480665675068695 0.07846591688879039 0.27470561739453603
3 0.44567514487191906 0.42776678490920106 0.07919615793183953 0.26167057077107353
3 0.4856279961122336 0.3636913973376682 0.08392877382990285 0.2370834794360964
3 0.45935601490306277 0.3373346284188992 0.07495650629319794 0.23699073142461746
3 0.495786076116552 0.4203143161169891 0.11168021926786212 0.24026870583257812
3 0.582805510501817 0.3820860665369488 0.09683697872220605 0.21547925519982866
3 0.5951205234350517 0.26990213215575365 0.08639473802805789 0.2400073250729556
3 0.5702253190214424 0.5783195402952298 0.08588279162594603 0.2863757050297514
3 0.7895202621121018 0.7494155830117958 0.0750703991493391 0.2543820357724434