3 0.839259105889128 0.7548669302530157 0.11565284107374676 0.26275135117573634
3 0.720058376598821 0.4985360454134218 0.09958331984775624 0.338139515597796
3 0.6952474023636566 0.5125345228744551 0.11484671634178965 0.3726857162100327
3 0.7733495418270854 0.5067676855665119 0.1269963296430224 0.34596824434577
3 0.6369723440885983 0.5137415823629494 0.11998976127516457 0.34167401961378974
3 0.5469639189995896 0.7749244829654078 0.1284330583055376 0.4289799374027597
3 0.3418933497145001 0.7615384775931234 0.13285095822022963 0.35438770548134135
3 0.21135402310257184 0.6760740522858719 0.0983669635265648 0.32255520843292224
3 0.15054584850977687 0.9174625517747885 0.15494762701694414 0.1619124005905677
4 0.6812382387753989 0.25246887906061866 0.07017795355692545 0.25558577838466917
4 0.7031663084866759 0.8531150635085104 0.09377237720298365 0.1647943657210098
1 0.6403221447052605 0.2019713082821648 0.053396460151272106 0.11313161915527668
0 0.6345387133460193 0.18860653705259098 0.023455808089668254 0.045088632924028385