4 0.34349827387802073 0.7986680327868853 0.07077100115074798 0.22643442622950818
3 0.2597813578826237 0.6956967213114754 0.06846950517836593 0.26024590163934425
3 0.2928653624856157 0.5081967213114754 0.0811277330264672 0.19672131147540983
0 0.3515535097813579 0.16137295081967212 0.0189873417721519 0.03381147540983607
1 0.33630609896432684 0.23924180327868852 0.0379746835443038 0.07377049180327869
3 0.4312428078250863 0.38934426229508196 0.056962025316455694 0.18237704918032788
3 0.4050632911392405 0.4723360655737705 0.09263521288837745 0.2305327868852459
3 0.49309551208285385 0.4964139344262295 0.09723820483314154 0.2520491803278688
3 0.5276179516685846 0.34375 0.05523590333716916 0.18954918032786885
3 0.6760644418872267 0.42008196721311475 0.07882623705408516 0.20184426229508196
3 0.7646720368239356 0.4462090163934426 0.07192174913693901 0.22950819672131148
3 0.7016685845799769 0.6926229508196722 0.08342922899884925 0.26229508196721313
4 0.8414844649021864 0.4380122950819672 0.04948216340621404 0.17418032786885246