6 0.23557471403942454 0.9567404426559356 0.052138459695331506 0.04929577464788732
6 0.23858838175150804 0.9854124748490946 0.047552947494077825 0.029175050301810865
7 0.18665371044503484 0.9723340040241448 0.034052789831138346 0.047283702213279676
7 0.19166450074404812 0.9949698189134809 0.032801230676898094 0.01006036217303823
8 0.13239012703345987 0.9803822937625755 0.050975647097529525 0.039235412474849095
4 0.2968917136617453 0.43259557344064387 0.07300334826581334 0.21026156941649898
4 0.939964141717399 0.4778672032193159 0.07716522582405626 0.27364185110663986
3 0.8106349142864183 0.46277665995975853 0.089604465083623 0.2766599597585513
0 0.6949851694270999 0.3244466800804829 0.02443512241913626 0.043259557344064385
3 0.72051224754874 0.37927565392354123 0.0933784873211358 0.22132796780684105
3 0.648272917400048 0.44215291750503016 0.07989147729618698 0.24346076458752516
3 0.6506558751707648 0.4909456740442656 0.07550646657429397 0.28470824949698187
3 0.5783559255374625 0.4859154929577465 0.08839563575285306 0.25251509054325955
3 0.5964202304899205 0.4904426559356137 0.09866044765371054 0.28169014084507044
3 0.4470346942248959 0.3888329979879276 0.06501485791809423 0.18611670020120724
3 0.4184261900642747 0.49899396378269617 0.08217765957781852 0.2515090543259557
1 0.6447193064399797 0.232897384305835 0.046032238443219395 0.08249496981891348