0 0.3195116403884554 0.7246006473905314 0.02502229804528308 0.04243844308834483
3 0.3989958628565776 0.697028680724887 0.09881433262332034 0.3106823181461436
3 0.5915893391638364 0.4830953935264722 0.11247427913538914 0.240867120528307
3 0.9460617093835698 0.69085506129458 0.10787658123286048 0.3097492783076407
3 0.9877718550675566 0.43783413821245903 0.024456289864886835 0.2811275560819774
4 0.8446082009450713 0.8724670437653966 0.07311569368421912 0.23840249868968055
7 0.7462102468361488 0.9563064881921125 0.02213887992574194 0.045494935733350055
7 0.8295351631703343 0.952872571018473 0.026765142755712224 0.04451401252191755
8 0.8775776709767192 0.9554622007774141 0.03251851179615844 0.03428580089445832
5 0.9117178226955786 0.9540802543176956 0.022095111530173343 0.032120450136642234
2 0.9366020819548377 0.9538228811881986 0.023824489041966292 0.030080793232766627