6 0.6625444238969473 0.8200486564894398 0.09103899460502939 0.04071481903188744
6 0.3983759336197848 0.8741273346395366 0.03678004340193782 0.03020968774332935
7 0.5777437782189578 0.8582310444512767 0.04325705650084552 0.06010534490027197
7 0.45821006285739263 0.8825596318495106 0.04485659225029599 0.06154232737132597
8 0.5179258869433424 0.8547703381503937 0.04079512073755659 0.03877373483005509
5 0.5347627670719816 0.8826427450055501 0.02164244650355887 0.034314036086499626
2 0.5064742345633286 0.8887414197807079 0.020831080084553543 0.03004440848733642
0 0.4705114533457454 0.3763122057439591 0.021656364756695346 0.03857539972286342
3 0.5096560047390185 0.39802395810296026 0.07253119943301169 0.2336983021065141
4 0.7708429444691385 0.16352276079173703 0.0852346970743742 0.21678507096585406
4 0.05898054923247084 0.84575306392283 0.08854975401607736 0.2551703995443255
3 0.4031198583629237 0.2513282601415156 0.055701278430940526 0.20795657706953963
3 0.5667712422109261 0.5505993358253719 0.11335415667684068 0.2809947642092965
3 0.515999006404885 0.6310363512971032 0.11573258292131204 0.2767581924613317
3 0.6467776542179713 0.38737149606813687 0.12683654481322407 0.2584079788496178
3 0.7399863012704282 0.3599292888066053 0.07735764318763569 0.24653197679240305
3 0.857568416817034 0.4705190913381542 0.07902213078505577 0.26785532289982056
3 0.29451201899196455 0.4469290517834177 0.08208201975259398 0.22811565147829185