8 0.11261212668401144 0.8720865162765328 0.04157146345417686 0.04168598942615089
7 0.15981916017395392 0.8809299107275773 0.029426410133421527 0.04450721510803593
2 0.05824687978168339 0.8559500292788698 0.024425106007289712 0.03561491602326333
5 0.08031739885997145 0.8645622952980857 0.02333299071405426 0.03953275918669947
7 0.23655527627809614 0.8983084192307965 0.024463677254655182 0.04740273527670145
4 0.5755296595507934 0.8874349039174162 0.08578036965136863 0.21404316875332735
3 0.6715210125077328 0.845185990879891 0.1064923573332032 0.29676935706669216
4 0.6599295504480011 0.3354999672212101 0.05147158340452548 0.19698943059195279
1 0.6330923689983876 0.26407076649501837 0.044427108241203085 0.07020179409123421
0 0.6100018715368113 0.31391501004821554 0.02166910360929075 0.03755097776289515
3 0.6141933636471318 0.46809040144959746 0.0604849330231948 0.2501260566007693
3 0.5970196849000274 0.4825111801570038 0.07775664702401965 0.29450754257733075
3 0.5220240458587905 0.6930047932312411 0.10932228795531905 0.31742661556281637
3 0.5176398816905059 0.5132919842610039 0.06053957562362924 0.26682546720980665
3 0.5026522248440424 0.45058077632367705 0.08986312909740952 0.2798984976420076
3 0.44726539242311913 0.49339195803398705 0.1012789113465613 0.2230440520880097
3 0.4010979912978738 0.251245116711719 0.07538277447133536 0.24438645090813263
3 0.37454113763265146 0.5162456364427696 0.09094881584941748 0.2740160179363318