7 0.2460098200766761 0.8530245746691871 0.023175620542545274 0.046313799621928164
7 0.1695873783198327 0.8265595463137996 0.017844092826088797 0.0444234404536862
5 0.09529259613745736 0.8000945179584121 0.020967498896216522 0.034026465028355386
2 0.07246977083307049 0.7925330812854442 0.02525995438601146 0.03969754253308128
8 0.12554366178205315 0.8104914933837429 0.04017832896786059 0.043478260869565216
3 0.8086984101466954 0.8648393194706995 0.1038978251554033 0.27032136105860116
0 0.7207175010089921 0.5321361058601134 0.024233260939636337 0.045368620037807186
1 0.6518230751520322 0.33081285444234404 0.043060721481098414 0.07750472589792061
4 0.6683770527919706 0.40217391304347827 0.04790403269363206 0.16729678638941398
3 0.6474242820537275 0.5964083175803403 0.09789821596218087 0.24763705103969755
3 0.656413852770308 0.6857277882797732 0.13425411043243224 0.27599243856332706
4 0.48257268645803014 0.8742911153119093 0.08568893096956204 0.2514177693761815
3 0.02995322960034119 0.5746691871455577 0.05990645920068238 0.27599243856332706
4 0.08970700367025226 0.23156899810964082 0.05832607456965497 0.21550094517958412
3 0.27660062976557154 0.2835538752362949 0.06308855105163563 0.21172022684310018
3 0.4019281084551192 0.3553875236294896 0.06736862776114433 0.21550094517958412
3 0.3560993118490849 0.4900756143667297 0.0952819672250978 0.2542533081285444
3 0.2380666289529767 0.5226843100189036 0.07440111979088504 0.2334593572778828
3 0.6904442135108573 0.6469754253308129 0.08745178918427766 0.276937618147448
3 0.5290364545417736 0.5207939508506616 0.08086456058615012 0.24574669187145556