6 0.38373046536740746 0.8965559377703128 0.09020363839934632 0.04868431544725949
6 0.6434779717212313 0.8170772258221369 0.03644060828250548 0.032679241813629016
7 0.4702463335736119 0.8904282023269132 0.043646117307805744 0.06224716381966656
7 0.5880616356984067 0.8544265964867901 0.04839924012726302 0.06650967362144408
8 0.5268314196719985 0.8580068186632661 0.048325713052242925 0.044037763509084525
5 0.5156603795216285 0.8923025354928262 0.02223178968820989 0.03534115061054334
2 0.542146949872308 0.8848515485527518 0.02854630956987585 0.03400202510280122
0 0.5504262846101553 0.16510946108587268 0.022240980572587467 0.038150139374588124
1 0.5472942996013604 0.15664981035659764 0.04128104450354895 0.06362714487383382
3 0.6012658956968064 0.3194327180208616 0.10046813199940427 0.28895090808452295
3 0.5648919213260378 0.3309950492409403 0.08014699297974787 0.3547496951981679
3 0.6568770113716699 0.4639735409374035 0.07425932258065267 0.24514193563541972
4 0.057277681266430416 0.3594529766938353 0.05679903748065485 0.2196812723547441
4 0.7546696148985854 0.39124671787792736 0.0600275267754134 0.24078137252222137
4 0.47144062190170355 0.7668408678182207 0.06675970525527254 0.12568637317994397
3 0.011854707754527736 0.6012543332541788 0.023709415509055472 0.24464349796903168
3 0.24520164055680102 0.7448369236597395 0.10129018951020737 0.2987905398679653
3 0.31846480546446104 0.3228276856159149 0.074966494036737 0.21986920786830036
3 0.3570473442845776 0.48123777350305297 0.07194479964047211 0.26197135489183415
3 0.3845461563559103 0.6472581849613239 0.08153835868097277 0.29718176775381666
3 0.49740436512483144 0.4363398307944077 0.07976557127808181 0.23817666149030275
3 0.5376565572190838 0.4465880180421025 0.08456924396161515 0.2578886094943276