8 0.8262604166666667 0.9269166666666667 0.037197916666666705 0.03025925925925932
7 0.78140625 0.9248703703703703 0.02527604166666677 0.036083333333333356
7 0.706953125 0.9256574074074074 0.026869791666666743 0.038805555555555635
2 0.8783124999999999 0.9243333333333333 0.02073958333333342 0.028388888888888963
5 0.8569895833333334 0.9273333333333333 0.019463541666666608 0.03244444444444441
4 0.4751666666666667 0.8870370370370371 0.0641510416666667 0.22592592592592592
3 0.26726041666666667 0.8072962962962963 0.08584374999999997 0.2886666666666667
0 0.35038541666666667 0.2772962962962963 0.01875 0.036083333333333356
1 0.3656666666666667 0.2732685185185185 0.03473958333333336 0.06875
4 0.29643749999999996 0.37503703703703706 0.03794270833333328 0.17970370370370375
3 0.8128541666666667 0.4473703703703704 0.03952083333333339 0.22806481481481486
3 0.7561666666666667 0.6726574074074074 0.059749999999999893 0.2568981481481482
3 0.3870885416666667 0.4654722222222222 0.06091666666666669 0.32724999999999993
3 0.35970833333333335 0.45471296296296293 0.05328645833333331 0.3316481481481481
3 0.3553385416666667 0.668787037037037 0.06407812499999999 0.3005277777777777