8 0.865428062395013 0.8136839906758588 0.04212716391263576 0.04310838906056051
7 0.8182274574462982 0.8259579421214449 0.029982110591880586 0.04580387709953903
2 0.9195122447974978 0.7943909324833537 0.024428320277903513 0.03684870958019619
5 0.8974449399898236 0.8046713275116084 0.023332990714054418 0.03977280377770278
7 0.7392910394026162 0.8487123189839981 0.029442481486490295 0.04972171987609171
3 0.1433061149869044 0.8217471752378369 0.08195153758381699 0.22663113935162618
3 0.30481295141195985 0.5359701617605177 0.09192521740055655 0.23567774933438013
1 0.2952113902709674 0.3033436164319375 0.037251216340441894 0.07247506442281801
4 0.2992362928459601 0.351397199561325 0.04256109044549728 0.17572135566173908
3 0.35653129693829466 0.4690803886504058 0.07924374924502485 0.2432733984210315
3 0.4123661517521151 0.47824026939659675 0.05987458996430142 0.23305015493240874
3 0.45856624812008756 0.49791452237825834 0.062039534927089586 0.2193434203684366
3 0.5109290549044867 0.6279795626276748 0.08473325414672635 0.23258220051797715
3 0.5581459153851336 0.7051022890079576 0.0814440511845648 0.2403721648393775
4 0.35958838617527195 0.8123606183290484 0.07143180012045976 0.21953773560318549
3 0.6856553814551571 0.3296492433711239 0.05479614334343856 0.20053077921411624
3 0.7311728136754259 0.30955103668035816 0.07475314578875908 0.22157095399298365
4 0.8838723821588204 0.20275026378159938 0.08570001288602404 0.19036537547567686
4 0.8952117586286935 0.45990047496439646 0.0814761938907026 0.25019534755057593