7 0.6654204591980774 0.9618890142290886 0.026049158803863756 0.048423977808906726
7 0.747448074921852 0.9723100790364029 0.02602237938010768 0.04022725649743132
5 0.8291863299350942 0.98222182920735 0.021349091447984466 0.01866317592521041
2 0.8545061330592663 0.9829841401584954 0.025945388536809676 0.016661682726939516
8 0.7963732751888027 0.9774386491860635 0.04209602947911787 0.02912366964774572
1 0.6912121971004832 0.3145712224813105 0.03645944952709461 0.06492471647345308
4 0.6879976205277434 0.3873528894678533 0.0320907775401937 0.13659834081926495
0 0.7567031193779575 0.45887714997246015 0.015046756947689912 0.026794327433488564
3 0.7674144868096141 0.47925867676395334 0.051921287542999794 0.2187682242348105
3 0.5088874553714078 0.42558265789624733 0.05644394121649632 0.19422574742998222
3 0.40869036858753643 0.40151739394861025 0.048392052741128594 0.1951668851171201
3 0.6536747365238516 0.6249091267818577 0.08942771478923135 0.25194256740869575
3 0.3311251528338076 0.34801585512645195 0.06277305514054682 0.19429131723317947
3 0.10937873219893837 0.368756401634775 0.10256089379134371 0.22134196298825726
3 0.20213502792069948 0.6690351476851363 0.09296029701907187 0.2765684966903205
4 0.37852770955776266 0.8557386855875472 0.0771607523959042 0.19546492967710768