3 0.2139533479498154 0.8010805500982319 0.11727566498689095 0.3831041257367387
3 0.25849740871069576 0.8644400785854617 0.05167086818258028 0.25736738703339884
3 0.339570211639368 0.7391944990176817 0.21606177576805768 0.518664047151277
3 0.3906526841207621 0.7460707269155207 0.3038717226587093 0.5078585461689588
3 0.7258044796882722 0.8094302554027505 0.1741753137937296 0.381139489194499
3 0.7849508531796876 0.8845776031434185 0.06263380663291394 0.23084479371316308
7 0.5207354917003878 0.9233791748526523 0.037228716446145366 0.06483300589390963
7 0.4613544764541659 0.9199410609037328 0.032243483673082364 0.060903732809430254
2 0.5123776691080679 0.8605108055009824 0.09457799478118809 0.03143418467583497
8 0.4361377894560299 0.8595284872298625 0.03491270076450915 0.03241650294695481
1 0.11484622893945681 0.10609037328094302 0.1183545548399451 0.206286836935167
1 0.6172473723178976 0.8074656188605108 0.018922744023133247 0.04223968565815324
0 0.2940781252262835 0.881139489194499 0.07450564695149754 0.1444007858546169