2 0.9594436602990863 0.7842734988103999 0.07610508138653355 0.05851358037484965
8 0.8158191107941083 0.8374337272724128 0.03155677382257341 0.04408665715889878
7 0.8491521691780636 0.7304816571810812 0.05100769716031381 0.06849565129577527
7 0.9086493565683583 0.7075204619450072 0.05153430335393231 0.06943216696599026
3 0.14459769362321168 0.3695342033497662 0.06769800726578747 0.20925948064786062
3 0.4083860534715492 0.7131619297144371 0.09977529531359047 0.25242045608405084
3 0.3392686654030752 0.636132937582176 0.06674835834115413 0.2390438049871326
3 0.2860547241338415 0.41881379090669046 0.04500825117728726 0.15502282638168643
4 0.5311117110582362 0.24682410140788583 0.04502652708245249 0.16060941856045738
3 0.5538498538218626 0.33783342681600315 0.06231924391441842 0.1654436721766227
0 0.6877656945710384 0.2917566525918885 0.015795139824354845 0.027164371409989427
3 0.7210955324348087 0.265807460605859 0.0785526563907592 0.1665426970594342
3 0.738930085381364 0.25538119783716956 0.09011362477680812 0.17969725223247054
3 0.8051147621105973 0.268662431104315 0.0728544137709787 0.18510508427738528