7 0.717666927016195 0.9509557766078954 0.024127308291950027 0.03104757051497114
7 0.8012159165605784 0.9415882981898849 0.019550649253048422 0.030952775782025165
5 0.8816068040429833 0.9358501459369252 0.020099433687443897 0.023836315551342246
2 0.9065040365397444 0.9317705447903822 0.024682749282193203 0.025967770162088163
8 0.8484210335940608 0.9380649026591318 0.04071104075212063 0.02935454154409887
1 0.6257061147896883 0.29608218271346 0.03798375996976279 0.07002849239201588
4 0.634310457721573 0.3763465830914938 0.038339885707618385 0.17898979585433766
3 0.014121023640389174 0.6758511472060436 0.028242047280778348 0.2562051310864799
3 0.14521715386595116 0.9001896763253637 0.12305800209615646 0.19601844749733624
4 0.15190407955537558 0.954528135957106 0.08265610976791152 0.08622769012173934
0 0.7244348756449306 0.45543161725838244 0.014398579556360269 0.029827801768561174
3 0.7409520425466234 0.4774912450072588 0.05051337302508183 0.22811846909552982
3 0.5462260311892906 0.5482206321554143 0.05977985255229732 0.26293127648402825
3 0.5741698684375799 0.5746257577969773 0.06316907921846292 0.2497640833280348