7 0.14453551912568305 0.8777075883349492 0.05027322404371585 0.05585945664330847
7 0.0814207650273224 0.8809386957687693 0.05027322404371585 0.052946835284085385
2 0.041530054644808745 0.980040927248187 0.07431693989071038 0.036690509567271865
8 0.1918032786885246 0.9781961730715003 0.030601092896174863 0.0333260179314694
4 0.173224043715847 0.7294604388835658 0.04590163934426229 0.21892106573215545
0 0.3516393442622951 0.3808191975566502 0.023497267759562842 0.04199045308919532
1 0.3592896174863388 0.3736167214569934 0.0453551912568306 0.08299308725661089
3 0.4191256830601093 0.5354002674417503 0.059562841530054644 0.3151787800479554
3 0.6581967213114754 0.3723374524342677 0.048633879781420766 0.2519590163623059
3 0.8248633879781421 0.854157295242366 0.060655737704918035 0.2909182321446758
3 0.3581967213114754 0.7022462013991079 0.07595628415300547 0.30952298868322614
3 0.2942622950819672 0.869061069274951 0.10819672131147541 0.20403100029375662
4 0.8814207650273224 0.37949918396608834 0.06448087431693988 0.26765679992009006