4 0.6846564236523126 0.7819120976134956 0.08032741550389003 0.3059901906890215
4 0.7535050864405581 0.22548660603405798 0.06886821493217822 0.21839937896315764
0 0.5316915617060636 0.3007226027041825 0.016873532985130488 0.03496474641583364
4 0.12077839208867606 0.3759890810929865 0.06666282971893732 0.22732256850665286
3 0.16278727331208023 0.6661755726348406 0.08811614271165015 0.29613079667048614
3 0.26391253097173684 0.5842232228442724 0.09421264134451925 0.28128387433243496
3 0.36267495571866115 0.5484675129799972 0.07408465857968409 0.2761055026891005
3 0.41746887541341604 0.4774665748451852 0.07349999788779157 0.26814743327576956
3 0.5069902993021499 0.263688820883425 0.06237556629402862 0.2829423074345975
3 0.5235341248224369 0.28324312106177807 0.0462975835037113 0.14957958453727468
3 0.49583336586586774 0.26854333718937023 0.09496631161751214 0.3409318045807559
3 0.48335347224074354 0.5522017587445761 0.09929582743769584 0.2982345308615587
3 0.6113577509514133 0.4899106970563198 0.14899049635474187 0.29079694324046035
3 0.9435304751250688 0.656876329827025 0.11293904974986237 0.32524120786406147
1 0.7021342536331535 0.1474226582928031 0.043845184287323584 0.08295605439886135
6 0.22645548175473987 0.9173231927677756 0.04875936079939993 0.04821685009299528
6 0.23107913924972334 0.9645861576171668 0.04763554199514182 0.0462172122603688
7 0.1697970737197418 0.9306527059627934 0.028075969000939706 0.04402673110392435
7 0.17330991314747488 0.978940851067131 0.02751730978306261 0.04211829786573792
8 0.11175501837705865 0.9479439044714023 0.03923290243722193 0.03917221479797881
2 0.13031915484495402 0.9866733783704945 0.02634798839927751 0.026653243259011014
5 0.10044226233341119 0.9900166000399204 0.01906266727711175 0.01996679992015911