0 0.6861470805961799 0.7084426849630846 0.023919009017227665 0.041838448415999735
3 0.6122658088534019 0.6801622246732095 0.09826274256862873 0.29720624002349544
3 0.43509690665395456 0.4751614279978789 0.10940339413763737 0.23301812187239035
3 0.10134964815141963 0.6585238309504067 0.10636770590386616 0.29641252925622263
3 0.0402931846634527 0.41938673475983257 0.07871208469591655 0.26891883817264256
4 0.19387049461746886 0.8489294760564218 0.07328466588041563 0.262076183812363
7 0.28516542025376346 0.9124288270087864 0.021763136400807008 0.043716771287272464
7 0.20730399661939472 0.9068284344121981 0.026087460725131333 0.04380627939088085
8 0.16243913175452984 0.9077570809871346 0.030920877861288294 0.03429159139205572
5 0.13053937793046097 0.9060133570973999 0.021184858585817055 0.032167121235859825
2 0.10701957487120589 0.9045769804876934 0.022797045888826296 0.02931607139009775