6 0.5992693266516183 0.9149519271300418 0.09663709477343597 0.060415223069119985
7 0.5092005129057365 0.9045999413414758 0.044491757351588036 0.06857125044897314
8 0.45193371138593813 0.8677736268462986 0.05498145340246174 0.051289557387440586
5 0.4635282600727304 0.9034031319655143 0.02307577596796662 0.03646796990537225
2 0.43747457350449664 0.8958869427568901 0.02633841870858652 0.03650169645500063
7 0.38957837879263535 0.8606068674542142 0.04693873940705297 0.06859654536119508
6 0.3331557111720272 0.8194411585094877 0.03775766830075618 0.03661973937870125
4 0.29931585525996385 0.6929958573979432 0.054706783783977 0.1338898214022074
1 0.6785902971372516 0.32442750576411916 0.040441927139848406 0.07287691834889395
3 0.8064106050219093 0.6112753824886725 0.06559510483134452 0.1774776935580658
4 0.9156703153715109 0.8051714925457515 0.06431495310080268 0.23108401868904874
0 0.6745784312108924 0.3142404200408514 0.018968999328156495 0.032077985631379695
3 0.6903690645394887 0.5187653105133587 0.08131095249022625 0.21097122800213572
3 0.6472292134040534 0.5045503177887491 0.07851337224551583 0.2819519942061302
3 0.6620668512382523 0.6677582129790587 0.10688116587038334 0.25471086963132344
3 0.6087887594169734 0.5200960598161188 0.07969861326260641 0.21385291545195906
3 0.5574685737516256 0.5094199391232345 0.07381814918230992 0.1877069374683696
3 0.4990296249207083 0.651579131874434 0.08960992541195226 0.2327946748109901
3 0.4938431519496497 0.32251773989139254 0.07452940808266886 0.17177334012026954
4 0.40710370416906505 0.2397314967178096 0.06493130128771102 0.20065766771776017
3 0.1507048337994148 0.591452867752429 0.10538271949890457 0.2749838614289729
3 0.1969284259462209 0.3216225369186567 0.0772231579931062 0.20947979445278092