6 0.24397905759162303 0.9106145251396648 0.04764397905759162 0.040968342644320296
6 0.24581151832460732 0.9492551210428305 0.04293193717277487 0.04748603351955307
7 0.19816753926701572 0.9203910614525139 0.030890052356020943 0.040968342644320296
7 0.20157068062827224 0.9599627560521415 0.02931937172774869 0.04189944134078212
8 0.14790575916230367 0.9297020484171322 0.04607329842931937 0.0446927374301676
2 0.16465968586387433 0.9702048417132216 0.02617801047120419 0.035381750465549346
5 0.13455497382198953 0.9748603351955307 0.02198952879581152 0.036312849162011177
4 0.31308900523560207 0.43109869646182497 0.061780104712041886 0.19180633147113593
4 0.9073298429319372 0.5283985102420856 0.06387434554973823 0.2504655493482309
3 0.7879581151832461 0.5032588454376163 0.07591623036649214 0.25232774674115455
0 0.6842931937172775 0.3654562383612663 0.02198952879581152 0.038175046554934824
3 0.706544502617801 0.41852886405959033 0.08115183246073299 0.20018621973929238
3 0.6382198952879581 0.4702048417132216 0.06753926701570681 0.22160148975791433
3 0.6390052356020942 0.515828677839851 0.06230366492146597 0.260707635009311
3 0.5725130890052356 0.5046554934823091 0.07486910994764398 0.22998137802607077
3 0.5892670157068063 0.5102420856610801 0.08429319371727749 0.25605214152700184
3 0.45340314136125653 0.4036312849162011 0.05549738219895288 0.16945996275605213
3 0.42408376963350786 0.5027932960893855 0.06963350785340314 0.22905027932960895
1 0.6400523560209425 0.276536312849162 0.04031413612565445 0.07355679702048418