2 0.9189528329219482 0.8431202380428834 0.023521849751498007 0.036158775530890426
5 0.896372753960987 0.8509205615145605 0.01978606713487884 0.032339564936678035
8 0.8655371630828248 0.8553275235854155 0.03791759237273245 0.04670422109317373
7 0.8222216870417748 0.8657489289449685 0.023020880761130666 0.04560507247813911
7 0.7446270989705142 0.8847948616931731 0.027814303984333745 0.04754492169203183
4 0.7839327438300452 0.7056231577572769 0.20325444509503832 0.5087003379001438
3 0.8705289461340127 0.34925259246314416 0.09017557938312824 0.249506044809301
3 0.9649742536908654 0.44144672434987475 0.07005149261826918 0.44023985951309735
3 0.7602571798940426 0.37882990845012593 0.11463438071853639 0.2469234551791535
3 0.43737281574948966 0.5342767510540383 0.17182469287448054 0.33163281981976994
4 0.1668925450500718 0.5310079736827048 0.07243671247426804 0.1926138062613222
3 0.05479002258569181 0.5700178393820322 0.10686299486605445 0.3101680039058414
3 0.259300822757578 0.7293410871399911 0.28049969910185546 0.5413178257200177
3 0.38559002567511697 0.5578426882879057 0.13339684774040594 0.2915393569214819
0 0.4009691387351359 0.5438244624509659 0.027820493164983872 0.0494352808602738