0 0.7379398352788835 0.51 0.01752685742335518 0.034
4 0.9058617998256329 0.527 0.0755035276149602 0.24
4 0.4223229573152165 0.905 0.1039917908225177 0.19
1 0.6528018900276132 0.26 0.035628586374375805 0.072
3 0.6314924221794375 0.42 0.08156237047844034 0.203
3 0.582348192583507 0.416 0.09342876060542356 0.224
3 0.6913122560175945 0.5095 0.0856289609403782 0.244
3 0.5290082689989352 0.4925 0.07553621205210044 0.25
3 0.47396026033293925 0.49 0.07207064066754003 0.221
3 0.41570941543535905 0.608 0.058048575953313336 0.228
3 0.2018689366302618 0.4595 0.08543939120496499 0.186
3 0.035867318723346475 0.5425 0.06637095204659958 0.196
3 0.6905376348573717 0.7465 0.11034479362025972 0.243