4 0.901118358978404 0.4398608881658272 0.07460915105957841 0.2417563178754242
0 0.6303837453994215 0.5150625120267577 0.025561994550095956 0.04326180234149297
3 0.5400748550340201 0.49262584142719384 0.0735705379669367 0.2547446822158023
3 0.7368034257290001 0.9049179750139362 0.16645634973787043 0.1901640499721275
3 0.17545633982508188 0.9203791590289386 0.1169458457005104 0.10120429077086783
3 0.12043957949923083 0.8708061027925594 0.1399799471602527 0.18743700396330587
3 0.07710258743089751 0.19481158725862827 0.06040077952209119 0.21661087213015037
3 0.1701747067995105 0.22427734700724686 0.0529209068009309 0.18953524034260788
3 0.43345559609209455 0.17200009135877395 0.045029589826843 0.18545379072525453
4 0.044113607421025984 0.12746542638487643 0.05172540309971746 0.178523604682986
3 0.3591692447235484 0.5347554091429716 0.08903978429254233 0.30090176362069815
3 0.5989653656513196 0.5512396224722496 0.10343080127878963 0.268053027195783