6 0.6621769085519674 0.8827160493827161 0.09904923692412954 0.027777777777777776
7 0.5685178121427636 0.9104938271604939 0.026238624446724954 0.06018518518518518
5 0.5199748787247496 0.9313271604938271 0.0226704484342181 0.030864197530864196
2 0.4904685651350938 0.933641975308642 0.023518303191818763 0.024691358024691357
8 0.5038047465582209 0.8973765432098766 0.052194437722084236 0.033950617283950615
7 0.4379057522285845 0.9197530864197531 0.041863624446725055 0.06018518518518518
6 0.37316743564659854 0.8989197530864198 0.03914835339130748 0.026234567901234566
1 0.7145236410889658 0.16743827160493827 0.04367043835067758 0.08179012345679013
4 0.7972793053373426 0.25617283950617287 0.056282784281924826 0.2222222222222222
3 0.6800643186184031 0.38040123456790126 0.0902480553373424 0.25617283950617287
3 0.6513752692111677 0.2345679012345679 0.05104414975165956 0.21296296296296297
3 0.6232849578215888 0.404320987654321 0.057272044625208726 0.25925925925925924
4 0.49688526373297154 0.7723765432098766 0.060370552085269064 0.14506172839506173
3 0.6582675546957263 0.6165123456790124 0.07022217516570055 0.23765432098765432
3 0.6664184180614676 0.7199074074074074 0.058907151746546385 0.22839506172839505
3 0.420306124228512 0.31635802469135804 0.11960033784259376 0.20679012345679013
3 0.3348660688781466 0.4683641975308642 0.05716599043594665 0.22685185185185186
4 0.1349125148525442 0.24382716049382716 0.05539452792841473 0.21604938271604937
3 0.14524167116290426 0.6149691358024691 0.07468870793069529 0.2762345679012346
3 0.27571737569088905 0.5640432098765432 0.05729224542316342 0.2654320987654321
0 0.19641849368802017 0.33796296296296297 0.018335220855928844 0.032407407407407406
3 0.18351886514241506 0.375 0.06762305869852264 0.23919753086419754