2 0.9108277938046311 0.9403081832657225 0.02256088813658089 0.03303450615550524
5 0.8867859456703253 0.943538965255654 0.0191894310637277 0.0300177000134915
8 0.8543967122105144 0.9418863152845162 0.03770319231603457 0.04213697276076939
7 0.8094181445828779 0.9433458931173013 0.035462054855995816 0.04111980445138168
7 0.7267203288657423 0.9466868859721934 0.03715753427521772 0.04411926120032118
3 0.4399413943081626 0.5938148451443299 0.0863532225782174 0.30604223886824466
0 0.5089367862052873 0.3793973924533503 0.01807861321650376 0.031000169536730165
1 0.3626592750587721 0.3242554245859306 0.04241948842319929 0.07995659764992208
4 0.27887300215854693 0.40861611707284146 0.05503541203872752 0.21526691020064787
4 0.6060401869214945 0.949427095951484 0.06926113323542059 0.08421033108026589
3 0.5301287133626759 0.6838293607066758 0.06951543897954181 0.2939403155140412
3 0.5631454493135134 0.5468169101956121 0.05209260241314707 0.1923751714838937
3 0.6052041550732857 0.522029298629189 0.08294237057846139 0.21157992361073502
3 0.605115614336685 0.7064113705381134 0.05903092561048149 0.31371115173033554
3 0.8409621824052671 0.3908698578384269 0.0626035095320497 0.26206177281251897
3 0.5604404982628678 0.4052044011436949 0.10152113771607026 0.2336395542108956
3 0.49921875518921005 0.37055227517869 0.0635969253900086 0.157705364750325