4 0.4977965460141618 0.9216346153846153 0.10051259797793825 0.15673076923076923
4 0.16842532039170172 0.8120192307692308 0.10919619952140029 0.3326923076923077
3 0.18449984163211516 0.9379807692307692 0.10527054056519639 0.12403846153846154
3 0.39201920581003774 0.7048076923076924 0.10613220833179185 0.3875
3 0.5057276952415399 0.6451923076923077 0.08710322236239544 0.35384615384615387
3 0.6833162444226198 0.3908653846153846 0.10645575954424817 0.3211538461538462
3 0.6367687952583878 0.24423076923076922 0.07981203441422229 0.27307692307692305
3 0.6078447987869279 0.4110576923076923 0.09887875765806835 0.31826923076923075
3 0.5356435071604984 0.3403846153846154 0.0674770899407842 0.30288461538461536
3 0.4573685458936211 0.4740384615384615 0.10708120895229992 0.3471153846153846
0 0.37038729826983785 0.37740384615384615 0.025015813962662635 0.046153846153846156
3 0.37080797704805374 0.5793269230769231 0.08859905306918557 0.3153846153846154
3 0.4049327884917005 0.5576923076923077 0.08549103505938621 0.35673076923076924
1 0.3564277675985248 0.2658653846153846 0.05436853134113273 0.09615384615384616