7 0.29425472954481124 0.9302884615384616 0.03094603604425469 0.041346153846153845
5 0.13993354999335766 0.9293269230769231 0.01847901111024354 0.03076923076923077
2 0.11533581062589228 0.9302884615384616 0.01955380264558305 0.028846153846153848
8 0.17182386949881417 0.9298076923076923 0.02875557092625538 0.032692307692307694
7 0.21425787431768198 0.9293269230769231 0.02985866541743198 0.03942307692307692
4 0.19524479240925682 0.8754807692307692 0.05422108740944051 0.21634615384615385
4 0.9846326428791576 0.5668269230769231 0.02770944273998769 0.20865384615384616
3 0.9292679393244551 0.6370192307692307 0.04783523365481931 0.24711538461538463
3 0.8062385406364255 0.5716346153846154 0.04555357012356703 0.21057692307692308
3 0.6457378503466219 0.31153846153846154 0.03671309032980045 0.1519230769230769
4 0.44517529639598585 0.31826923076923075 0.02856724494724293 0.14038461538461539
3 0.6273813051817216 0.3875 0.0287181940450407 0.18653846153846154
1 0.7560804503929203 0.28942307692307695 0.0304558118696467 0.05673076923076923
3 0.6598383552072682 0.6278846153846154 0.04445676517813194 0.20576923076923076
3 0.5834615753780246 0.7596153846153846 0.07274098056700422 0.25961538461538464
3 0.24292490039682424 0.42788461538461536 0.039968912664526894 0.15576923076923077
3 0.36336638059193505 0.4581730769230769 0.038413331273191895 0.17596153846153847
3 0.29569485532301415 0.5725961538461538 0.04819966691459568 0.19326923076923078
0 0.16599796551181026 0.6451923076923077 0.01684481039713878 0.026923076923076925
3 0.14149928648977467 0.6158653846153846 0.05739514564952644 0.1951923076923077