7 0.7218769990047725 0.8932462499202205 0.026281860011041564 0.04867081975741349
7 0.8001823697613369 0.8752172730694107 0.026281860011041564 0.04867081975741349
5 0.8787671979912355 0.8567028522370039 0.02121305293809321 0.03383317291927829
2 0.9028389197154424 0.8513061610050837 0.025671514993791788 0.03981852500940866
8 0.8469478121195488 0.8639041557001942 0.04116041452992837 0.04308552844470757
0 0.3920844139813166 0.204602033467572 0.014544646131013418 0.02780209959744226
3 0.4006089902690758 0.2951639144913833 0.049274905001208825 0.185670271760128
3 0.3786795177931584 0.35316606961388397 0.06931226921656188 0.2086750830812352
3 0.18808766134813196 0.3890122185135896 0.04915918734240026 0.16798854287997084
1 0.20016881382517437 0.3160695437816159 0.03804478892636039 0.07346881300186421
3 0.25466430015018204 0.6433708163558607 0.05461371994471033 0.2417652859852968
3 0.2520328846250073 0.7921577435067376 0.09153425021891204 0.31226428355794866
4 0.34356217864542743 0.8622606749295499 0.07695746029378508 0.2754786501409001
3 0.5840131830027147 0.7243597396574751 0.08249517968988333 0.2816295322264109
3 0.5153545940193771 0.577045257597451 0.05694581111372284 0.2604750543682795
3 0.5161967614251507 0.44836156408075156 0.08169197190795295 0.2433076893448106
3 0.6712527109804535 0.4387976279295514 0.07007047568673362 0.24012069806499653
3 0.6498371521394453 0.5027051229866976 0.06510452875494824 0.2410001435647787
3 0.8429023389121302 0.4688750470149004 0.0667619873184844 0.241034434488558
4 0.9386377072983794 0.2360498477187108 0.06491166599026751 0.2115305954311834