4 0.8323611784318755 0.37099125364431484 0.052330807641466005 0.21137026239067055
4 0.5581721328840104 0.7441690962099126 0.06033678043454939 0.15306122448979592
4 0.13260145193840742 0.19387755102040816 0.05150159808439887 0.20845481049562684
0 0.21416863966247635 0.32215743440233235 0.021440230659750602 0.03935860058309038
3 0.33354511060650976 0.23177842565597667 0.04568282504604951 0.1836734693877551
3 0.20435669090247385 0.45481049562682213 0.06322021228141418 0.282798833819242
3 0.29830690853454317 0.4846938775510204 0.07616806142618193 0.23177842565597667
3 0.3557125699926298 0.4934402332361516 0.05585270052700599 0.2857142857142857
3 0.3921662473714073 0.36151603498542273 0.052392800909943395 0.2303206997084548
3 0.5251936793728098 0.3097667638483965 0.06792842169806822 0.21865889212827988
3 0.6570464433765287 0.2747813411078717 0.05372217882985151 0.13556851311953352
3 0.6578735418260849 0.40233236151603496 0.06143780663032512 0.239067055393586
3 0.7855021207785695 0.5794460641399417 0.07781217440143676 0.23323615160349853
3 0.7471542462431165 0.7587463556851312 0.09173229449206552 0.22886297376093295
1 0.7089144126119251 0.2193877551020408 0.03960177279491104 0.07871720116618076
6 0.6422126431404014 0.8768221574344023 0.09271832507886824 0.029154518950437316
6 0.36996943084486245 0.8425655976676385 0.03698062016083536 0.029154518950437316
8 0.49257956078933685 0.8637026239067055 0.03945871140611707 0.03498542274052478
5 0.5074433395480681 0.8972303206997084 0.019762736693777153 0.027696793002915453
2 0.4787428931755046 0.8935860058309038 0.027954689292292813 0.026239067055393587
7 0.5529017618360379 0.8870262390670554 0.04773650083790915 0.0597667638483965
7 0.4286665937681478 0.8702623906705539 0.04773650083790915 0.0597667638483965