7 0.28029233818057187 0.9026724465276027 0.025012949171886668 0.04642613196610311
7 0.20124663493602107 0.8895762287840205 0.025012949171886668 0.04642613196610311
5 0.12247396051477916 0.8755005502495794 0.020544845609917428 0.031645638215132964
2 0.09815331830243752 0.871810978037711 0.024984020736362602 0.03758526752602453
8 0.15425959480425996 0.8812319109707287 0.040460062537258715 0.0397099229628682
0 0.5914995107230927 0.19422609919726597 0.0138989400027047 0.026665467333274885
3 0.5851669965007245 0.2850219597495926 0.04369177698609817 0.183156965348973
3 0.6088308729091358 0.34125698702559026 0.06309629324357338 0.20398567266074447
3 0.800065022127728 0.3658276836018089 0.04418640630289541 0.16548095142933733
1 0.7860166185414822 0.29348441666146124 0.03558732923567822 0.0701103547228891
3 0.7404131377300933 0.6235516007292159 0.04718990753815596 0.23918339656593354
3 0.7467012047004579 0.7724328258893485 0.08221510777414737 0.3063410815149416
4 0.657179340824699 0.8500896064941813 0.06885258260621895 0.27476973778658886
3 0.413408998387426 0.7252735416300106 0.07383138683805444 0.2767858089735228
3 0.4781041566080349 0.5736885749479799 0.0489084372433537 0.2578645885987751
3 0.4738172909780185 0.44545603584318944 0.07425530220134823 0.2374987930892506
3 0.3185734935994088 0.44532360934330883 0.06320236417382827 0.23640217560769927
3 0.3417057765789644 0.5079379904210638 0.0576807165659891 0.2373273442736036
3 0.14799508232690964 0.4862885313358577 0.05989066131737032 0.23735020411568974
4 0.04642707080397057 0.2593123486831079 0.058689260823266066 0.20786922606105132