6 0.6955708804072437 0.8896396396396397 0.09536163836997143 0.025525525525525526
6 0.41439810565939783 0.8971471471471472 0.03717798084062001 0.024024024024024024
7 0.6041653873861436 0.9136636636636637 0.04234001661298934 0.05555555555555555
7 0.47685893255859496 0.9174174174174174 0.047403943956843386 0.057057057057057055
8 0.5408810118522447 0.8993993993993994 0.049854968175245394 0.03303303303303303
5 0.5570067145005884 0.9316816816816816 0.02118227186005914 0.03153153153153153
2 0.5283413763175407 0.9324324324324325 0.02876099390085002 0.028528528528528527
0 0.43692929138053516 0.18018018018018017 0.021192082702910564 0.03453453453453453
1 0.43942446439176897 0.16966966966966968 0.039815411073200885 0.057057057057057055
3 0.40168075062371317 0.35960960960960964 0.08273426741443035 0.2897897897897898
3 0.4408857178118199 0.3588588588588589 0.05432646385623523 0.36936936936936937
3 0.3596598674858117 0.5307807807807807 0.058149881744197864 0.24924924924924924
4 0.9758132345476677 0.21021021021021022 0.04121289401471718 0.22672672672672672
4 0.2486480712633823 0.4894894894894895 0.042972815976912875 0.24924924924924924
4 0.5885640026655301 0.7837837837837838 0.061938961682179945 0.11861861861861862
3 0.8230509155305803 0.6809309309309309 0.08361177568481544 0.3003003003003003
3 0.6981652091456392 0.26426426426426425 0.061429360018727265 0.22072072072072071
3 0.6759858083550905 0.4436936936936937 0.05399780062070908 0.26876876876876876
3 0.6660470934746875 0.6276276276276276 0.060865798719591 0.3063063063063063
3 0.5238009236541769 0.44594594594594594 0.06486581177888098 0.24024024024024024
3 0.4825665174078705 0.47072072072072074 0.06830716896046041 0.26126126126126126