6 0.3155099074924815 0.8221076679814442 0.09789489343505484 0.03924041681719993
6 0.6005306552200868 0.868643491241601 0.03868828367616497 0.029452297158246127
7 0.40715688183599524 0.8597567624612181 0.04565412795234843 0.06163355501526082
7 0.5361657739564564 0.8809732508198553 0.050809904675866255 0.06474503357621773
8 0.47193062131639774 0.8535476587161526 0.05158770460984978 0.04028909753617323
5 0.4546781714054036 0.8839507831867656 0.02327084913006169 0.035408381353051584
2 0.4833939059770736 0.8888359472520057 0.0301219334700087 0.032421443491411836
0 0.6059198761159205 0.13702325026964132 0.023280828254951928 0.03846648532858684
1 0.603813215501497 0.1255331209507921 0.04308621871547955 0.0631359197103177
3 0.6348969909085088 0.3246390226373446 0.09533254556807909 0.305259879631812
3 0.5950370177689237 0.31810916164925684 0.06985303569719373 0.3814456060930832
3 0.6703337952928298 0.5039117273041033 0.06860122733092837 0.26064160329520725
4 0.05797725442362741 0.10534497313019109 0.05042628017504364 0.20999607664990125
4 0.784920098767532 0.47681185005603366 0.053158844972599976 0.2589524275511746
4 0.42816418503833764 0.7300008418426599 0.06731449202754737 0.12913423658295797
3 0.19446947579593976 0.5930157232824292 0.09622510543829917 0.3159721393104221
3 0.3377399393975908 0.18623109152969708 0.07107932444378588 0.23161630282033382
3 0.35342873328950236 0.3721799275639603 0.06609319284340032 0.28049259184347497
3 0.3558167323746246 0.5602844572342024 0.07393662830246889 0.318798953415797
3 0.5077328073741049 0.39518789295535467 0.07543734298353992 0.2530675094702646
3 0.5483705804476735 0.42619148151196085 0.07979536152329414 0.2745187161201956