3 0.12054085155350978 0.5563524590163934 0.06271576524741082 0.3165983606557377
3 0.33256616800920596 0.33043032786885246 0.07882623705408516 0.2520491803278688
3 0.34004602991944766 0.4144467213114754 0.09838895281933256 0.2797131147540984
4 0.5394131185270425 0.2581967213114754 0.05005753739930955 0.2192622950819672
3 0.6990794016110472 0.48924180327868855 0.11795166858457998 0.25922131147540983
0 0.4919447640966628 0.4334016393442623 0.025891829689298044 0.039959016393442626
1 0.5299194476409667 0.20184426229508196 0.0523590333716916 0.08709016393442623
7 0.810126582278481 0.8596311475409836 0.03567318757192175 0.0584016393442623
7 0.8995972382048332 0.8760245901639344 0.04833141542002301 0.06557377049180328
2 0.7764672036823935 0.9569672131147541 0.0379746835443038 0.040983606557377046
8 0.8311277330264673 0.9661885245901639 0.045454545454545456 0.0430327868852459
5 0.8993095512082854 0.9779713114754098 0.03452243958573072 0.040983606557377046