6 0.6620926243567753 0.9388247165352562 0.09777015437392796 0.043827572780502685
6 0.37821612349914235 0.8724245610804762 0.03945111492281304 0.032519296898018135
7 0.5677530017152659 0.9393752344569609 0.045454545454545456 0.06469165899079599
7 0.4391080617495712 0.9089888820538367 0.048027444253859346 0.0662473982712748
8 0.5055746140651801 0.9081492517944314 0.04373927958833619 0.04173808764580854
5 0.5192967409948542 0.9449888317286445 0.023156089193825044 0.03693743334081951
2 0.4888507718696398 0.9377922981532791 0.022298456260720412 0.032341381613279575
3 0.9026586620926244 0.6515646267217592 0.09090909090909091 0.2929918806727238
4 0.6921097770154374 0.8512155789869128 0.058319039451114926 0.08776087527086375
3 0.7414236706689536 0.6284854952164692 0.08061749571183534 0.26077503975876104
3 0.5188679245283019 0.764556249289951 0.0686106346483705 0.18725600364660003
3 0.4554030874785592 0.6813291553969684 0.07375643224699828 0.30963353725342835
3 0.4073756432246998 0.44535698648349203 0.09176672384219554 0.29605888041249584
3 0.35291595197255576 0.41191748771744363 0.07204116638078903 0.2805637579573704
3 0.5454545454545454 0.4643733023849657 0.08404802744425385 0.26845588275454685
3 0.5591766723842195 0.31849116978095243 0.0548885077186964 0.15347452768792225
4 0.6608061749571184 0.23927008848523101 0.0660377358490566 0.23462992797468435
3 0.7705831903945112 0.3352099695491489 0.09348198970840481 0.24103080038133656
3 0.6573756432246999 0.4777666155200264 0.07461406518010291 0.28059044525008126
1 0.2624356775300172 0.1319269968228629 0.04716981132075472 0.08917428232355128