7 0.22087912087912087 0.8541613597812461 0.035164835164835165 0.05212142686318466
7 0.1412087912087912 0.8291062673228364 0.03406593406593406 0.051133501414335036
5 0.06565934065934066 0.8064499700562411 0.02142857142857143 0.03440126500256557
2 0.04148351648351648 0.7993757361809306 0.025824175824175823 0.04030609179796363
8 0.09615384615384616 0.8154119919756668 0.03791208791208791 0.04336077173530839
4 0.5656593406593406 0.8315532658297085 0.06923076923076923 0.21751274077751992
3 0.6596153846153846 0.7841950149530743 0.06758241758241758 0.2497222588542456
3 0.6623626373626373 0.5966666075809506 0.07912087912087912 0.19027125731716543
0 0.6697802197802197 0.2518633451762162 0.01868131868131868 0.033396295130441844
1 0.670054945054945 0.3299855044390039 0.036813186813186814 0.07166972128645899
3 0.557967032967033 0.4146406189716551 0.056043956043956046 0.17538419789132564
3 0.567032967032967 0.5034140621436466 0.09010989010989011 0.2226114493056608
3 0.4835164835164835 0.4774221775062103 0.0945054945054945 0.24316471360105885
3 0.47884615384615387 0.3207321887888207 0.0543956043956044 0.18220309096805143
3 0.3315934065934066 0.3090712301846567 0.07692307692307693 0.19513134391946652
3 0.246978021978022 0.2845555522460699 0.07032967032967033 0.22045379122636943
3 0.260989010989011 0.5412466121482385 0.08186813186813187 0.2518231021892894
4 0.17912087912087912 0.23545252683752788 0.0489010989010989 0.16749783872380375