6 0.7694402920664137 0.9522894597762328 0.050989442812457396 0.04964168992397638
6 0.765659674058069 0.9788520578201195 0.04649562508557763 0.027002650004047262
7 0.8167308965923148 0.9680090821251162 0.03385594244802522 0.04749988960556796
8 0.8695158274258378 0.9743395312931453 0.04983304210694598 0.033913167665015655
0 0.879943405640113 0.6996644178244572 0.022806218691119144 0.0473855903951367
3 0.891324015091376 0.7162466717428023 0.08480075382961567 0.2523421514059578
4 0.9033163905579764 0.6665138699197758 0.05653395867231932 0.22454577682800264
3 0.6797328709149097 0.6373913867749148 0.05941853189486974 0.2619024459331642
3 0.5557973886396333 0.49967064508802733 0.12901250593969524 0.25672862133216273
3 0.545203538773296 0.38582745240777455 0.06752903982879095 0.20796066542939645
3 0.26988541807196254 0.33366367956480375 0.0780777057276723 0.2237863420172238
3 0.2722814221612173 0.22165082185453386 0.05871176071756262 0.21474545395889028
3 0.2229305206463393 0.33611408775137663 0.07254641530799168 0.22176455586976837
3 0.4243171100584624 0.5889511484376471 0.12468261601411892 0.2841878132393457
3 0.3990359534691876 0.5454980160765452 0.1014910532070713 0.2878770579819193
3 0.4223769798597763 0.5870065142572327 0.08828924156983221 0.3054216278095588
4 0.2597781618458877 0.19967724736607265 0.0480827380533365 0.17436182059306699
4 0.3184342253642982 0.6494786762605383 0.07657453215359819 0.2709204741494115
1 0.6240353088431667 0.24748279761615166 0.04168396292565959 0.07606712891534545