4 0.3434181032398196 0.20882831951099343 0.06119157768167572 0.20269130025988158
0 0.7207559810126134 0.3140642760318044 0.022513485551479966 0.0385797660839171
4 0.8727979497289967 0.6008291881260207 0.08948525465184978 0.23395650116485586
3 0.6829046642431926 0.4789046924646849 0.07042359267807036 0.23670899366389414
3 0.7125525231023947 0.6673820511843016 0.06306221160512686 0.26760521716197877
3 0.6394899628359655 0.6968982296848386 0.07215915260922744 0.2603249754627465
3 0.38920320702335376 0.6604041066802788 0.08132363060947485 0.27369370131513665
3 0.3147674450042966 0.34923806318882894 0.05546927511682184 0.22770498048307244
3 0.21461611987198023 0.5486453487010924 0.07216397668038066 0.2617999017164338
3 0.061457378683593515 0.6033258643354896 0.08137669539216187 0.28991789010569713
3 0.024477636020394846 0.36331189543609343 0.04895527204078969 0.24092783154669217
4 0.12883567611236896 0.790675330346554 0.06352959366497617 0.15699432900535767
3 0.7264445150793937 0.34940244003080634 0.1153540823579631 0.284370000757982
1 0.7072938842102904 0.24709671584283796 0.044183311493148233 0.07272617253684459
6 0.3521304249031742 0.8407226679069486 0.09881319822928504 0.04379398487832402
6 0.6268709728014272 0.8791760446291731 0.03991677273255624 0.03581011184502342
7 0.4394866814038546 0.8774280055986067 0.04913431551549094 0.06540302648797404
7 0.5638141381094807 0.891627600773174 0.05247036138551068 0.07133705498243392
8 0.5017022685215663 0.8686723459587516 0.05320789142994838 0.043322037032302835
5 0.48502203917146747 0.8983424884310512 0.02499139959822788 0.035655656186325435
2 0.514026713794736 0.9032043998714888 0.030786063230382285 0.032765869768444485