7 0.18907765876452542 0.9684035938878901 0.05490827445719509 0.06319281222421991
7 0.12585656150360358 0.9798656603915988 0.05427864577461885 0.040268679216802404
4 0.20376960271452044 0.8164220923882002 0.0659487237599859 0.23151915905470805
0 0.3496957493648686 0.4171592747503019 0.027229322464495578 0.04841362835042905
1 0.35657289827741084 0.40838984731674294 0.05279475782422749 0.09484547527705378
3 0.43107533095829453 0.5525741196101299 0.08837281260579055 0.3309619028586749
3 0.6543483051294046 0.32257326498178257 0.07157965656869393 0.2639928116068785
3 0.8646007560696889 0.756462400216106 0.08662535446506879 0.30343984638575455
3 0.3858248673778333 0.7372667719929302 0.10383599732423156 0.329157285211039
3 0.33747948002848155 0.9026828940407613 0.12606043303425526 0.19463421191847746
4 0.8776393261466165 0.2669281885166858 0.08877422807478794 0.2847986590765638