6 0.6632472156912408 0.8400815798597925 0.09164284233967936 0.023508464037473375
6 0.3929855390989348 0.8449527957559594 0.035731835718780657 0.02379248753982669
7 0.5749825881526291 0.8620820551164643 0.04068836456498741 0.05271153122976102
7 0.4526162996599225 0.8646138189116108 0.041503451947330114 0.05416922006761315
8 0.5149631423439416 0.8474726429503435 0.03980727263049444 0.031080931729085347
5 0.53005876005532 0.8788627481532572 0.020358326115097358 0.030678532185485698
2 0.5008853402822244 0.8794663474686563 0.019533809511018827 0.026338998967230444
0 0.5003894956943987 0.3563864424539537 0.01956209717622595 0.034984532108440984
3 0.538168479090772 0.3851456982373651 0.0582766606809724 0.22741521584482002
4 0.8183709607428993 0.19850031995633077 0.073603024175977 0.20611994929714356
4 0.045820684757803605 0.7527052898262305 0.08508025208092578 0.24670050368989177
3 0.440774966122549 0.21784095528283431 0.04280414424906379 0.20404189449624263
3 0.585307093700383 0.5498876678706902 0.09729713359433126 0.26568399187726377
3 0.5284068292439298 0.6216749038498984 0.09971882268702024 0.26285244743981034
3 0.6776138857257336 0.4009938233141914 0.11341972602820709 0.2400827254066322
3 0.7736171287857333 0.3910819035215595 0.062366241425289744 0.2390264266046837
3 0.8846785428190683 0.5249604030914009 0.0632473333597827 0.2606570261053595
3 0.3173560426964713 0.3940373762925893 0.0687832190449386 0.2189876491230592