6 0.3236046173785305 0.8396501457725948 0.09370014216693873 0.03935860058309038
6 0.5954114814621789 0.8892128279883382 0.03707600087654227 0.029154518950437316
7 0.4106564867527423 0.8768221574344023 0.04383367064937091 0.0597667638483965
7 0.5338693073848974 0.8994169096209913 0.04877077893374656 0.06268221574344024
8 0.47257034590061714 0.8724489795918368 0.04943784708497161 0.03935860058309038
5 0.45558108111156204 0.9008746355685131 0.022350515762122138 0.033527696793002916
2 0.4834117825755978 0.9067055393586005 0.028898355062557265 0.03206997084548105
1 0.3388766254761018 0.13411078717201166 0.04151772048710557 0.08163265306122448
4 0.2032635205100692 0.1902332361516035 0.06118088814683682 0.2055393586005831
4 0.45917032073130515 0.728134110787172 0.06591770370756407 0.17784256559766765
3 0.18482842539472055 0.6275510204081632 0.08133944448038055 0.27988338192419826
3 0.20996224100762037 0.5444606413994169 0.10595822166104225 0.28425655976676384
0 0.37581318047396856 0.37682215743440234 0.01906228948878677 0.03206997084548105
3 0.38695925084785865 0.4897959183673469 0.07121724644425553 0.23615160349854228
3 0.415719595684079 0.4161807580174927 0.06745270699459804 0.28717201166180756
3 0.4468390976823855 0.29518950437317787 0.05970368561320934 0.2303206997084548
3 0.4845398211017353 0.17055393586005832 0.06613707192870279 0.21137026239067055
3 0.6430075068610444 0.3170553935860058 0.07673558314114998 0.20262390670553937
3 0.6037774104204364 0.3622448979591837 0.06802439765837164 0.24927113702623907
3 0.5804829446630122 0.4774052478134111 0.10093527363796034 0.26822157434402333
3 0.6711279611399363 0.5291545189504373 0.08770606655465782 0.25072886297376096
4 0.8412063080005495 0.2791545189504373 0.07431471774268779 0.20845481049562684