4 0.173015873015873 0.24293785310734464 0.08465608465608465 0.23728813559322035
0 0.40634920634920635 0.4383239171374765 0.026455026455026454 0.04519774011299435
3 0.49126984126984125 0.4604519774011299 0.08412698412698413 0.24858757062146894
3 0.24444444444444444 0.7853107344632768 0.17407407407407408 0.3013182674199623
3 0.7531746031746032 0.9792843691148776 0.11904761904761904 0.04143126177024482
3 0.8103174603174603 0.9491525423728814 0.14656084656084656 0.1016949152542373
3 0.9547619047619048 0.410075329566855 0.06984126984126984 0.21092278719397364
3 0.8664021164021164 0.3931261770244821 0.061375661375661375 0.18455743879472694
3 0.6362433862433863 0.22175141242937854 0.05396825396825397 0.17890772128060264
4 0.9825396825396825 0.3653483992467043 0.03492063492063492 0.1751412429378531
3 0.6484126984126984 0.583804143126177 0.10158730158730159 0.2947269303201507
3 0.4291005291005291 0.4854048964218456 0.1126984126984127 0.2674199623352166