4 0.6034008597933889 0.9350853028375707 0.06635603738336154 0.11796628868153164
1 0.5240070150292269 0.35104971136477164 0.051208737097291734 0.08694647018864624
3 0.3146785994777919 0.7456911823699552 0.0981447253288205 0.2828985549467494
3 0.4953572361397376 0.6177979169521439 0.044412817675512986 0.3090908819298576
3 0.5008328442083062 0.7129026717894797 0.07865734018380503 0.3403082193360782
3 0.6810403218368077 0.6405679546380322 0.06700246291791219 0.3154971528790627
3 0.7326648586920004 0.42656387128066164 0.038393471461996904 0.23804337339270792
3 0.7105478629640429 0.4653715642156579 0.07204245626828956 0.2641106924555015
3 0.9729054367645299 0.6653260872104324 0.050862728407731574 0.3348768861766894
0 0.5132841625124127 0.3563044745864822 0.02270074963114997 0.04035688823315562
6 0.8386573825475808 0.9285370026131332 0.04986952250829204 0.03137894378985839
6 0.8385126101622389 0.9727756857407053 0.04236320835843957 0.03644516623065825
7 0.8889945043708257 0.9311026906856094 0.029049656373595037 0.03527869494912335
7 0.8874097063255427 0.9732987241984976 0.029049656373595037 0.03527869494912311
8 0.943399386118292 0.9284824478849615 0.044092585870232515 0.034405509326782414
2 0.9290645891934025 0.9764685968873981 0.025553866553758974 0.02804113632889102
5 0.9614736800006393 0.9756190099847093 0.023242418538603506 0.029046001226788343