2 0.9186486486486487 0.837391732465114 0.024324324324324326 0.03775173302066631
5 0.8959459459459459 0.8467721662612101 0.02054054054054054 0.033866420704631015
8 0.8645945945945946 0.853178479598676 0.03891891891891892 0.050402772833066274
7 0.8210810810810811 0.866189695656578 0.024324324324324326 0.04736711763605093
7 0.7427027027027027 0.890859325154089 0.028648648648648647 0.05029648555767363
0 0.5767567567567567 0.7881804080848936 0.025945945945945945 0.04449928445281334
1 0.24567567567567566 0.3429271188933454 0.04054054054054054 0.08022724734213617
3 0.3954054054054054 0.34303436779491714 0.06108108108108108 0.20928597573907498
3 0.3643243243243243 0.4984819397044075 0.06702702702702702 0.24011674124669097
3 0.4756756756756757 0.6592497021477315 0.10108108108108108 0.2712383982448544
3 0.5518918918918919 0.6547500040740244 0.0945945945945946 0.31251742328549725
3 0.5927027027027028 0.6407492792189544 0.06972972972972973 0.23918317312078202
3 0.6316216216216216 0.7262482058981743 0.14594594594594595 0.2668950135086133
3 0.7078378378378378 0.41021004628600577 0.06486486486486487 0.2324020572858795
3 0.7064864864864865 0.3106768303489602 0.08054054054054054 0.2296796698479157
3 0.5678378378378378 0.41645349059270054 0.06918918918918919 0.2209083482844254
3 0.7818918918918919 0.3278033565591797 0.07027027027027027 0.22765030564944636
4 0.6654054054054054 0.857367065862775 0.08108108108108109 0.22487757160734925
4 0.5921621621621621 0.26237830053644384 0.055675675675675676 0.20538388122166187