2 0.00980632423552392 0.8081453123467363 0.01961264847104784 0.04764380153603566
8 0.1362761183241624 0.8469587221515067 0.03425503938986071 0.04783455651093854
7 0.09847591003218166 0.7330034102482575 0.05570455911555578 0.07286584132482804
7 0.0330171764702609 0.7138707361657529 0.056293323273748044 0.07492694383862816
3 0.8686963563114309 0.2642363228496669 0.0711132565728457 0.2299261910550812
3 0.5824325906040237 0.6686795342843582 0.10650565378380067 0.27573541161001364
3 0.65753268997415 0.5769716767800074 0.06960137723510743 0.26267730974318854
3 0.7137833014234639 0.3324989051820944 0.04713460806812368 0.17001115192369542
4 0.44245509939577005 0.1680620930075161 0.04659940457031841 0.17614677072137058
3 0.41877397895838575 0.2704857017562491 0.06618890066575948 0.18065048569877717
0 0.27116397095222594 0.23359068714718634 0.01744868210421996 0.029046190168107153
3 0.23421972546127495 0.20874491404140352 0.08402549445172022 0.18102007346265184
3 0.21443627352496356 0.1989103278166939 0.09735282744859436 0.19563854603415692
3 0.1420962832817834 0.22038607034781083 0.0772549081855417 0.2013688105101631