4 0.31221822326419396 0.20593507454634574 0.05144922797104912 0.19680017661617508
3 0.08474410622060327 0.5943761938328399 0.07423631225466365 0.2600708058922592
6 0.3588714317489599 0.8580096036243359 0.09447213366554351 0.036791813879486955
7 0.44673477727041716 0.8692787390836567 0.030045148799743605 0.06334564427364664
8 0.5068834535061097 0.8478841426353527 0.051739581778141905 0.03921538840673509
5 0.4918585332071207 0.8802732971503996 0.021877413109549222 0.03174366963452111
2 0.5200960691543202 0.8763999102687614 0.027522574399871803 0.03180201463262528
7 0.56934826501935 0.857983165829695 0.02841347838099842 0.05759831524840053
6 0.6271010454075061 0.8294502505983437 0.03557770693243469 0.029020035117023026
1 0.6918273036698435 0.14900486118523615 0.03975541074222483 0.0734743175655255
4 0.5839913414456709 0.6959461858559247 0.0651026038115883 0.17974989453420676
0 0.19012498743585127 0.30461486294384466 0.0202926606731506 0.04032298817374483
3 0.8402860479497637 0.6180849237284486 0.09030904293391256 0.2430455288094786
3 0.6301681372443237 0.5085125076548946 0.06442283075102016 0.21842350795854645
3 0.5867560811380818 0.34421031814873004 0.051491454155161 0.209694159424198
3 0.5563991965974622 0.3796231671715249 0.04428969121784744 0.2268111215039994
3 0.3408587161761175 0.3252625217194197 0.063513159576955 0.18689654831698355
3 0.3516728212359466 0.47056130450258105 0.07740581712746086 0.24291216881381195
3 0.3903168134800164 0.49021853110583913 0.09110611095034642 0.2401885342963137
3 0.24890681101132858 0.33122703833610867 0.07651960494456873 0.21854853295448395
3 0.30714673189070474 0.5233119930980001 0.05247150230274579 0.26271109041246576