2 0.8419106925592039 0.9874973992470641 0.022561826401964774 0.007681719443083034
5 0.8194006496412638 0.9872647797702216 0.019426557320011327 0.008580316297025473
8 0.7896125472754114 0.9791936590059985 0.037337263583070636 0.02552426994094789
7 0.7477581913944404 0.9749715234239469 0.03530394449128582 0.03481358901055308
7 0.6711297268089058 0.9645919257212512 0.03695991556383431 0.04786522168227811
0 0.4664077014073925 0.4881577343199004 0.02330470489667001 0.04120668948946189
4 0.1861670158534498 0.27179832318237157 0.06784460935609256 0.2073918662811837
4 0.7017485657516396 0.3656191982348837 0.05487135543772204 0.22494731717012798
4 0.45515541505229445 0.8876884551689513 0.057854320154896915 0.20077125290464004
3 0.6938779147440219 0.808408089653137 0.081767875705267 0.2550187411183206
3 0.5865514847047946 0.7289839490023519 0.11769894737402656 0.30566642494247787
3 0.5285855597362044 0.7067733150256443 0.07622193951229218 0.2875476087831989
3 0.6439612595172453 0.5561483654784435 0.09328620031259685 0.25513791454089124
3 0.5089540693125797 0.2665965614705894 0.05641157519303865 0.22030807460907845
3 0.5199393286431845 0.34794852398842835 0.07948477745524528 0.226133013632991
3 0.5243067958581873 0.4805759184967062 0.08008753593435429 0.23824271366074787
3 0.4619879005002435 0.48354828511449366 0.08297911803266188 0.20010016894833244
3 0.2629647775085864 0.536348905611009 0.08865335669746503 0.26719344483111607
3 0.10733336746862834 0.5584419181378747 0.09404126315648446 0.2905250819801937