6 0.6723067634085216 0.8625377643504532 0.09926594075055248 0.03474320241691843
8 0.5176309553666294 0.8580060422960725 0.04333373736072198 0.03474320241691843
5 0.5329961258503129 0.8919939577039275 0.022989823945627996 0.03323262839879154
2 0.5033277133547904 0.8897280966767371 0.028917096971211986 0.03172205438066465
7 0.45199736254315354 0.8716012084592145 0.04511246880715108 0.06042296072507553
6 0.39046793802061364 0.8444108761329305 0.03738181251390519 0.028700906344410877
4 0.072436853037764 0.6427492447129909 0.07979963217134835 0.3021148036253776
1 0.4385176964494484 0.11706948640483383 0.04520614572783593 0.0891238670694864
3 0.4153265751046486 0.411631419939577 0.07123630934372363 0.27492447129909364
3 0.4169404218604633 0.5166163141993958 0.07220702607700663 0.31268882175226587
3 0.671825487871189 0.4554380664652568 0.09245726257141576 0.2854984894259819
3 0.6268343780113708 0.6918429003021148 0.13298731774571332 0.24018126888217523
3 0.9568514338101703 0.4478851963746224 0.08629713237965932 0.28851963746223563
3 0.893209143119018 0.5158610271903323 0.10352844573067044 0.3021148036253776