2 0.879453125 0.926212962962963 0.020640625000000058 0.030203703703703604
5 0.856984375 0.9284722222222223 0.01736979166666662 0.027305555555555566
8 0.82578125 0.9255740740740741 0.027880208333333437 0.03632407407407409
7 0.783984375 0.9256574074074074 0.01955729166666676 0.04019444444444452
7 0.707171875 0.9261296296296296 0.023999999999999962 0.04115740740740745
3 0.7339687500000001 0.5976666666666667 0.0859218749999999 0.30274074074074075
3 0.6887083333333333 0.4252592592592592 0.05581770833333337 0.2505092592592592
3 0.6661510416666666 0.43880555555555556 0.06904166666666664 0.27761111111111114
3 0.5944270833333333 0.5854166666666667 0.10058854166666673 0.21899074074074074
3 0.6453541666666667 0.6729444444444445 0.07119791666666657 0.30143518518518514
3 0.24853125 0.658611111111111 0.08796354166666666 0.2542499999999999
3 0.15451562500000002 0.8161666666666667 0.08534895833333334 0.3323333333333334
3 0.109734375 0.5026018518518518 0.10412499999999998 0.24225000000000005
3 0.19171354166666665 0.41480555555555554 0.07849479166666669 0.25183333333333335
0 0.5385677083333333 0.6911018518518518 0.022203125000000056 0.037768518518518486
1 0.6938645833333333 0.26139814814814816 0.04530208333333334 0.07761111111111113