7 0.683066017672024 0.995457625811632 0.02552891347768669 0.009084748376735972
1 0.7083053549396459 0.3790933902436437 0.03543583916106384 0.06273712821758481
4 0.705296225111225 0.4504956234084834 0.030811276303909136 0.13310698690138903
0 0.7726425134374214 0.520111457993307 0.014853616574422076 0.02530308206748978
3 0.7829662970291461 0.5398374437594063 0.049416295669743704 0.2137771786055646
3 0.5293204747201332 0.48992284164670563 0.05434326443626426 0.18968498591773617
3 0.4308742459910853 0.4672717236366335 0.04644023395799837 0.19060908087009712
3 0.6715610836093624 0.6845684440330061 0.0869082265497104 0.2453505958767144
3 0.354652562770853 0.41567382027709177 0.06055795370180098 0.1897493683401914
3 0.13697737446012273 0.43806832281510205 0.09970535558695766 0.21530412715000632
3 0.012510762413379095 0.4332390622891981 0.02502152482675819 0.22462701793855722
3 0.22800218148865176 0.7317876719135952 0.08989086230296359 0.26952472982948594
4 0.40144443051496975 0.9071374801747473 0.07403838723760389 0.17781740447244798