7 0.3372340425531915 0.9870213802103313 0.027659574468085105 0.025957239579337474
0 0.7659574468085106 0.5055554583438333 0.01648936170212766 0.03136139198878973
4 0.9247340425531915 0.5284634188339753 0.06861702127659575 0.2266072779259105
4 0.4656914893617021 0.8892038566833544 0.09840425531914894 0.22159228663329122
1 0.686968085106383 0.26655361739210665 0.03297872340425532 0.0674486818981845
3 0.6656914893617021 0.4166172155088947 0.075 0.19170162004096855
3 0.6194148936170213 0.41046773422954397 0.08617021276595745 0.2107206884965735
3 0.7218085106382979 0.5032086909768113 0.07872340425531915 0.2304924752476573
3 0.5683510638297873 0.48082830921834196 0.06861702127659575 0.23605907376712032
3 0.5162234042553191 0.47650869927365985 0.06595744680851064 0.20862137135780565
3 0.46037234042553193 0.5860447369578279 0.052127659574468084 0.21603983678778219
3 0.25877659574468087 0.43698523081571816 0.07925531914893617 0.17567755826260145
3 0.10106382978723404 0.5090788163176574 0.06063829787234042 0.18493689281516917
3 0.7196808510638298 0.7271942568376395 0.10212765957446808 0.2288440674137084