6 0.6766394586085064 0.9097859327217125 0.09786495606038433 0.0290519877675841
7 0.5832073645245524 0.9250764525993884 0.04478651589435356 0.0581039755351682
8 0.5183887189821441 0.904434250764526 0.04899983712320063 0.035168195718654434
2 0.5047738676450392 0.9373088685015291 0.02838171979157394 0.024464831804281346
5 0.5335120552477118 0.9396024464831805 0.0206730025185223 0.027522935779816515
7 0.4528172213179779 0.9159021406727829 0.049947282180316604 0.06269113149847094
6 0.3901251946397736 0.8899082568807339 0.038683294113719756 0.027522935779816515
0 0.43564288898376113 0.12079510703363915 0.024133471625611438 0.03669724770642202
1 0.4306717260707109 0.1743119266055046 0.04314609346482049 0.08103975535168195
3 0.44616678473843663 0.32339449541284404 0.09558701325277769 0.382262996941896
3 0.4501932832793174 0.3746177370030581 0.09390667432368395 0.3929663608562691
4 0.3165868736217386 0.2996941896024465 0.05660434539235357 0.26299694189602446
3 0.5110206431216842 0.48623853211009177 0.0644677391012024 0.3073394495412844
4 0.478992203342503 0.7897553516819572 0.06380911685845266 0.10550458715596331
3 0.7011313210189911 0.6620795107033639 0.07734221222266212 0.3103975535168196
3 0.7956499961010752 0.4541284403669725 0.10896984993618686 0.2782874617737003
3 0.6434198645712793 0.32262996941896027 0.08924928203722556 0.2798165137614679
3 0.596183265964964 0.5649847094801224 0.06707556483763184 0.3180428134556575
3 0.7962728336955375 0.25076452599388377 0.08320593500593239 0.26758409785932724