8 0.1334794764914173 0.8481624758220503 0.04089050599035281 0.039651837524177946
7 0.1802454827704353 0.8563829787234043 0.028946631707333133 0.043520309477756286
7 0.25720457023597726 0.8737911025145068 0.03058655208202493 0.04642166344294004
2 0.07989943983534974 0.8336557059961315 0.023480230458360573 0.033849129593810444
5 0.10166386518235389 0.8413926499032882 0.022405921392732207 0.037717601547388784
4 0.5007065450857502 0.8810444874274661 0.0833865142029864 0.2379110251450677
3 0.7206982517688995 0.8452611218568665 0.11079440518451396 0.30947775628626695
0 0.6710319599482603 0.28239845261121854 0.02187509058797322 0.041586073500967116
1 0.6555175346012561 0.2746615087040619 0.04102014241548822 0.07930367504835589
4 0.7203165224497751 0.3960348162475822 0.05281260957707223 0.195357833655706
3 0.18023332919065743 0.3539651837524178 0.05786833085433836 0.24564796905222436
3 0.22343090886554526 0.6005802707930368 0.08134856131269899 0.27949709864603484
3 0.6202835040534311 0.4690522243713733 0.08756712384836883 0.3529980657640232
3 0.6493437816898145 0.46421663442940037 0.07996791378827815 0.35589941972920697
3 0.6392030261308064 0.687137330754352 0.08910902643820207 0.32591876208897486