8 0.8036584920728786 0.993085898098869 0.039251942092037265 0.013828203802261869
7 0.7587034164003208 0.9872661862548425 0.027645590836968877 0.025467627490314886
2 0.8565562321156068 0.9974878671207213 0.022296099426171046 0.005024265758557359
5 0.8348661886393164 0.9963271128181019 0.02124405480163231 0.007345774363796146
7 0.6825560352454814 0.9789470837723502 0.027128803175192992 0.04210583245529962
3 0.1348007125091751 0.6869244235861515 0.07158283503599581 0.21050775062604282
3 0.32327166944075114 0.4949571909887175 0.08060524798218553 0.2191685914066213
1 0.34621265529305695 0.2755492006362707 0.033545730294685605 0.06566202577076495
4 0.3431517697582756 0.3216282982877962 0.03440420002472396 0.1664262781751614
3 0.3802777223175526 0.4570578272862002 0.06793761745208468 0.2283218256031767
3 0.4307021634743925 0.4901192614729211 0.04939447319891676 0.2204053831630469
3 0.47078913590436944 0.5290875666176013 0.05199380259195138 0.2063358730569692
3 0.5012720887899934 0.673325522481953 0.07371770645338517 0.2162012950835533
3 0.53456830713842 0.7662999946055752 0.07004478491799332 0.22554079378950118
4 0.3363755248462195 0.7758501810234922 0.06098543336982922 0.2055805179806739
3 0.7037826790437205 0.4759989258703294 0.045589188339783655 0.18925523968443714
3 0.7484885955358841 0.4778663896350541 0.06416619297809471 0.20752949756712816
4 0.9044179780534972 0.4476656530499746 0.07623084577514645 0.1757664365782289
4 0.8798111960846944 0.6910520726299099 0.06954338834037348 0.23400441332484076