4 0.7045687782972647 0.1613629022169326 0.06145071601934878 0.21113352429449986
0 0.30863473035240624 0.2714120664277924 0.02269569943166141 0.03904712560215466
4 0.146412449309532 0.571855859718206 0.09193366445356688 0.24262621236767562
3 0.34652926668377115 0.444251032015492 0.07111548171869961 0.246824877054006
3 0.3137505031299443 0.6409300259330226 0.0634090359079617 0.27907067260767593
3 0.3898114184303176 0.6717662069846507 0.07293239602162949 0.27155214882397233
3 0.652292169796611 0.6339268456044067 0.0825264589281388 0.28563856331187326
3 0.7332628779039888 0.30815584706609117 0.055465230721256295 0.2387856039638153
3 0.8359512830117153 0.5174656676176075 0.07293744622111831 0.27309535870051554
3 0.9777288067036358 0.5754685521921994 0.04454238659272826 0.2972480105460825
4 0.923158618804869 0.7710801933580798 0.06476638205742209 0.16336584561221035
3 0.3022455184734678 0.30858378000961056 0.11814703790284851 0.2956340543492692
1 0.3231644158198602 0.20166235514851086 0.04538129846434538 0.07500783145122282
6 0.6893716776670514 0.8229874717684477 0.10343496649730533 0.043803534510526154
6 0.4012883376113579 0.8628997707680403 0.04178282125490619 0.03635575704709272
7 0.5974764684661464 0.8611563323667856 0.05143748655527958 0.06896069005351202
7 0.46730601162897817 0.875423937336481 0.054056803820412114 0.07364419030105436
8 0.532336950403059 0.8517006286787937 0.054828905585683034 0.04434115951937095
5 0.5493675628259103 0.8829862721314987 0.02615782125490619 0.03603253333961818
2 0.5194347967577095 0.8882354138671212 0.03222915994430645 0.03461502157153727