3 0.21675824175824177 0.7377046649477013 0.13791208791208792 0.4208209466999415
3 0.2571428571428571 0.8076702411879574 0.06593406593406594 0.2835901625159083
3 0.3445054945054945 0.6969767524168788 0.24285714285714285 0.573381968391929
3 0.3945054945054945 0.7081497203214816 0.32857142857142857 0.57417808591261
3 0.721978021978022 0.8009865485758034 0.1945054945054945 0.37218668254692977
3 0.7766483516483517 0.8848168343959462 0.07637362637362638 0.1998216908517605
7 0.514010989010989 0.9000141327926477 0.04010989010989011 0.0711420233430109
7 0.4554945054945055 0.8865758903067664 0.035164835164835165 0.06615694084181789
2 0.5093406593406593 0.836145877377108 0.09505494505494505 0.05079398168960125
8 0.4337912087912088 0.8230598982286695 0.03626373626373627 0.038835917508749596
1 0.1574175824175824 0.06837005415539825 0.128021978021978 0.1367401083107965
1 0.615934065934066 0.8007382656847228 0.020879120879120878 0.04535368167170439
0 0.29203296703296705 0.8206205445128725 0.08186813186813187 0.15696657418641946