6 0.6342670949637279 0.8997629889734625 0.09334845087825086 0.04947859675640463
7 0.545514775349191 0.8965557092254292 0.04558360346991181 0.0628985864470732
8 0.4862514842869979 0.8653589252243385 0.047953431843054006 0.0442168979174006
2 0.4709463365408988 0.8937754742386219 0.02845733921897832 0.029405276471783984
5 0.4981197547450804 0.9011388635884572 0.02116869888657224 0.030695298833135765
7 0.423440522581393 0.8644969571319093 0.05127507131370744 0.06877964174142993
6 0.3665918486955868 0.8282066455221627 0.03738558353780545 0.03391247616653893
1 0.7110366427148549 0.21296973938666755 0.045668466465533374 0.08883518587070424
4 0.3641133141235838 0.6899200318819217 0.0890755406078857 0.22949327064572086
4 0.22368908543573937 0.1272251689758893 0.06475964285277143 0.22754934902601973
3 0.330833272170334 0.42618147588590355 0.07950193489795906 0.27540158096037637
3 0.46216316456337697 0.4385949619637253 0.08026987617162298 0.26245004789621074
3 0.5024767175643684 0.37507651430745115 0.08505196441571852 0.23805497054868138
3 0.47686275496185404 0.34894760318969353 0.07532749115801998 0.23785377077688158
3 0.511577045179873 0.4318085076962697 0.11180840970699316 0.24293103649173584
3 0.5989770819220291 0.39325419389992805 0.0971368368248236 0.21669263741040498
3 0.6123903940002758 0.2820181522443453 0.0866821391804041 0.24097034822438465
3 0.5838136426508658 0.5888261003014369 0.08683300672817612 0.28707985831084
3 0.7995380813924586 0.7587261403647769 0.07537935187756659 0.2537039148691006