7 0.485207101153371 0.8834745762711864 0.05103836903173062 0.0748587570621469
7 0.6008333547000821 0.8375706214689266 0.049423363492948395 0.06638418079096045
6 0.6577109802156473 0.797316384180791 0.037430872408497504 0.03954802259887006
6 0.39786395792456253 0.8961864406779662 0.09305568784275481 0.06073446327683616
8 0.5412841498874152 0.8453389830508474 0.050959874502535286 0.05084745762711865
5 0.5300506796572643 0.882768361581921 0.02552149317848886 0.038135593220338986
2 0.5562757857870914 0.8721751412429378 0.029489747146742646 0.038135593220338986
3 0.3307530422435734 0.4251412429378531 0.10626662364356122 0.2175141242937853
3 0.5243484279914056 0.442090395480226 0.07752897136324824 0.16666666666666666
3 0.5938944535912793 0.4110169491525424 0.06103776305595956 0.22033898305084745
3 0.6660474159347998 0.4322033898305085 0.08723747389692924 0.2231638418079096
0 0.6720341622521332 0.5430790960451978 0.026319761297386394 0.03954802259887006
3 0.7748996692095999 0.5162429378531074 0.08797109946237185 0.20480225988700565
4 0.7010606619347689 0.2824858757062147 0.04266374434557477 0.18361581920903955
4 0.02147190686961885 0.548728813559322 0.0429438137392377 0.17937853107344634
3 0.5567172694969569 0.4943502824858757 0.0639768826429764 0.1483050847457627
3 0.5587934784116211 0.5875706214689266 0.10867066265074758 0.2245762711864407
3 0.6302520624542967 0.5783898305084746 0.1167456903446592 0.2669491525423729
3 0.45687861130619595 0.5663841807909604 0.06107470165793385 0.23163841807909605
1 0.642851996383099 0.2443502824858757 0.03914284177746238 0.07768361581920905