6 0.24525139664804468 0.9199801192842942 0.050837988826815644 0.04572564612326044
6 0.24776536312849162 0.9612326043737575 0.04636871508379888 0.05168986083499006
7 0.19664804469273742 0.9324055666003976 0.0329608938547486 0.04473161033797217
7 0.20083798882681564 0.974155069582505 0.031843575418994415 0.04572564612326044
8 0.1430167597765363 0.9438369781312127 0.049720670391061456 0.04970178926441352
2 0.1611731843575419 0.9835984095427436 0.028491620111731845 0.032803180914512925
5 0.12905027932960894 0.9860834990059643 0.02346368715083799 0.027833001988071572
4 0.31424581005586594 0.40606361829025844 0.06815642458100558 0.20576540755467196
4 0.9491620111731843 0.4900596421471173 0.07039106145251396 0.268389662027833
3 0.8215083798882682 0.4676938369781312 0.08324022346368715 0.27137176938369784
0 0.7094972067039106 0.323558648111332 0.02346368715083799 0.041749502982107355
3 0.7337988826815642 0.37922465208747513 0.08826815642458101 0.2147117296222664
3 0.6614525139664804 0.43687872763419483 0.07430167597765364 0.23757455268389663
3 0.6628491620111732 0.4855864811133201 0.06871508379888268 0.279324055666004
3 0.5916201117318436 0.47564612326043737 0.08212290502793296 0.24652087475149106
3 0.6094972067039106 0.48111332007952284 0.09217877094972067 0.2753479125248509
3 0.4634078212290503 0.3717693836978131 0.06089385474860335 0.18190854870775347
3 0.4332402234636871 0.47862823061630216 0.07597765363128492 0.24652087475149106
1 0.6611731843575419 0.2301192842942346 0.04357541899441341 0.07952286282306163