8 0.7997083019327333 0.9748040267321629 0.02994821790032446 0.018027062805415526
7 0.8469907294524387 0.8906472040256397 0.04910275531992244 0.05903988859982373
7 0.9097687923109288 0.8912816680723715 0.04965255730884732 0.06098537801323661
3 0.17905291650415453 0.23857192888021297 0.052850551945404646 0.2080435794323328
3 0.4031123116074234 0.694311809058559 0.08394896364802217 0.2454355088788877
3 0.3429787360046973 0.5881995903753863 0.04915370749625923 0.2408468169813816
3 0.31609657067999336 0.34550958125209424 0.03365807215747437 0.15542533777718975
4 0.5857042920597247 0.269806195809734 0.033133565080770894 0.1612167922709334
3 0.5971791730624724 0.3716064481345732 0.05161182595033611 0.16159940911614495
0 0.7382449813304153 0.37884092020882126 0.0147529596441705 0.024481792498709253
3 0.7751635607012136 0.36647027065766286 0.06899048284205156 0.1580910471345307
3 0.7947192925004347 0.36316379297401974 0.0809817850854865 0.16897692061259623
3 0.8597993238955247 0.4029215218042367 0.060911031801645 0.18016595931824803