8 0.13516850070145492 0.8340239861189055 0.04056478847951757 0.04336894145902703
7 0.18068590648477242 0.8467790736156984 0.029400764894210098 0.045028339263515745
7 0.2555004083864133 0.8728989843079539 0.03100579334603605 0.047896872496414805
2 0.08324490676729582 0.8140480738190607 0.024050670054790085 0.03546656182051856
5 0.10428649096841791 0.82393429698733 0.022999218628855938 0.039225283836645156
4 0.49360195156234227 0.8935716243010251 0.08636552659870982 0.21285675139794974
3 0.7092114342804325 0.8706030175955971 0.11578485903486982 0.25879396480880584
0 0.6771376526300008 0.3419559772771329 0.022479682096538812 0.04299500401295042
1 0.6619502268489907 0.3331359134549505 0.04228431677336756 0.08120911930440236
4 0.7219300862666692 0.45818623291481586 0.056482360256082526 0.19397144197944605
3 0.19504035550494536 0.3575059938463907 0.06302625767638542 0.24325275827588175
3 0.2304147751890581 0.6025497967532816 0.08654501283755849 0.27870832193622175
3 0.6218683717813092 0.5184949322731122 0.09528774540980414 0.34977276130815504
3 0.6505855868559782 0.5171984737545211 0.08785022067014069 0.3524543258180158
3 0.6342729714446532 0.7332926573925072 0.09573610636464672 0.3242639106970673