6 0.622655983160187 0.8866189592903372 0.09983748893036938 0.05461419565968773
7 0.5294807571679994 0.8877988150085561 0.044276548358043614 0.06697458675734601
8 0.46898313899802857 0.8567657486767838 0.05596319874452856 0.04920117046390328
5 0.48228774716266426 0.8925309756606113 0.02300106684929018 0.03650776793343148
2 0.4552719577974521 0.8878348100615282 0.026373748130909067 0.0365776541404527
7 0.4040541187393991 0.8573603074111973 0.04765904081459433 0.06854597446586873
6 0.3443702373650377 0.8218052650231651 0.038168321441643345 0.03532075436352683
4 0.3034906028640785 0.6957582868546689 0.05315956560895247 0.1362183713439688
1 0.6788955514097675 0.26600037397045795 0.04009994145574712 0.07289323500457506
3 0.8232407420328051 0.5460807147568314 0.0635719447017625 0.18147307501007853
4 0.944207135571679 0.7327889435967563 0.05972891774714639 0.23844277430835872
0 0.674194342010485 0.25633670774535283 0.018755781722471093 0.031915905670149944
3 0.6995982606324681 0.4660489787305347 0.07813149717207345 0.21630462592445446
3 0.6544248758537589 0.4572239469896878 0.07355322282130214 0.2897733701874958
3 0.6765931742813039 0.62345382486247 0.10371113085723674 0.2603723160206595
3 0.6153450012290524 0.4775558936658327 0.07646477888112746 0.21927268582394685
3 0.5617644411836256 0.4726593311962934 0.0720625149554003 0.19065679953664127
3 0.5079640157878255 0.6276988859642972 0.08670055682516548 0.2375003624630292
3 0.4880352079372793 0.28797569846107013 0.0727977623515555 0.17415775457188024
4 0.3947910083587053 0.21407174332833637 0.06204258285986133 0.20546215593059178
3 0.14608206394782552 0.6104194068925815 0.10216214666547195 0.28135839393816975
3 0.18174392555626437 0.32510738830493235 0.07390583439511811 0.21471576666417608