3 0.9705167184880326 0.49163472350562726 0.054497823340594755 0.28126272698609117
3 0.9481937431504706 0.732441060591991 0.09623476064844773 0.3194988240799047
3 0.8036929433888299 0.5815987388024859 0.06255700881671084 0.293632544989082
3 0.6071420377588562 0.37775730903908766 0.07653496875549623 0.23517988091053377
3 0.6002515290437153 0.45519604820947385 0.09478718867233975 0.26088669207648124
4 0.41551997682734343 0.3148081251432892 0.049728784809778825 0.20276883035236007
3 0.26861459899509665 0.5311680717847861 0.11274850725245557 0.24217006278874256
0 0.45968364115552973 0.4754834706384982 0.02418374581849127 0.038054633593093544
1 0.42410507413627946 0.2629084808730338 0.04946845776507508 0.08179134247883549
7 0.16715334393327969 0.8751330762651801 0.03386962292617387 0.05516684619857297
7 0.08459512640006502 0.891293980215371 0.0456212657068934 0.06284925853868716
2 0.1984895295719183 0.9638373010181643 0.035892062868208785 0.039120788844361064
8 0.1478926260817984 0.9732392917251201 0.04281933526551626 0.04108263363409881
5 0.08478953320153537 0.9829018497180269 0.03267581594593413 0.03419630056394639