4 0.8588537682142278 0.4477401129943503 0.07534194664266117 0.22598870056497175
4 0.5900431476936229 0.739406779661017 0.07123055559175641 0.18220338983050846
0 0.4791267579660726 0.3156779661016949 0.01997978959867353 0.0423728813559322
3 0.7129100159365694 0.2994350282485876 0.05944122681816431 0.2175141242937853
1 0.7717486818100276 0.2662429378531073 0.038363042959551986 0.08192090395480225
3 0.6549062922095845 0.4413841807909605 0.06264353394424829 0.22598870056497175
3 0.6911992585191468 0.6285310734463276 0.06985565096580727 0.24717514124293785
3 0.5410656206613883 0.5480225988700564 0.08902332046984286 0.2838983050847458
3 0.4505850774343496 0.4279661016949153 0.07700312543391116 0.24858757062146894
3 0.3951862463627864 0.501412429378531 0.10090499574837088 0.2768361581920904
3 0.37803528969400385 0.4067796610169492 0.07853040179300456 0.23022598870056496
3 0.34009268790630837 0.2387005649717514 0.08806344596730767 0.2330508474576271
3 0.2711050940868976 0.22033898305084745 0.09288537595742069 0.2514124293785311
3 0.16776169396638804 0.393361581920904 0.0706354497837177 0.24293785310734464
4 0.21947880980939685 0.11087570621468927 0.06492752249501801 0.1963276836158192
6 0.6034379827811053 0.8905367231638418 0.09544125754895402 0.062146892655367235
6 0.34421199073571374 0.7994350282485876 0.03741702043275701 0.03531073446327684
7 0.5173684275972154 0.8778248587570622 0.02558613573194378 0.05790960451977401
7 0.39924143578753374 0.8389830508474576 0.04706088041298316 0.07203389830508475
8 0.45992570888771533 0.8481638418079096 0.05253794143934321 0.0480225988700565
5 0.472118789046003 0.8813559322033898 0.026319761297386394 0.03954802259887006
2 0.4451669833386036 0.8714689265536724 0.026319761297386394 0.03954802259887006