7 0.6695322983890474 0.96923828125 0.03439199930050743 0.0498046875
5 0.8251930332188256 0.99462890625 0.02094944867481315 0.0107421875
8 0.7930182088961084 0.98974609375 0.03145294347409368 0.0205078125
7 0.7503878405439006 0.982421875 0.03319719666202583 0.03515625
4 0.7730012395128519 0.91162109375 0.07258578333950791 0.1767578125
4 0.012997127300442038 0.4326171875 0.021723439371571677 0.212890625
3 0.0517241858268913 0.51513671875 0.06874001443749757 0.2607421875
3 0.18061809797076356 0.48046875 0.06355200892550576 0.2236328125
3 0.36240854624687224 0.2587890625 0.0494065652870324 0.1611328125
4 0.564159385342848 0.31640625 0.03998279127873667 0.1484375
3 0.3753018387951876 0.33984375 0.04412943661557565 0.1943359375
1 0.2527418216716396 0.208984375 0.035586801938988784 0.064453125
3 0.3240858139632347 0.57373046875 0.061865296661321886 0.2177734375
3 0.39073294048025325 0.724609375 0.09468566554514186 0.279296875
3 0.7594450715090013 0.4775390625 0.053291079749018345 0.1669921875
3 0.6358186978826277 0.4775390625 0.05286949791900822 0.1865234375
3 0.6951982952553345 0.609375 0.06453582817691043 0.2060546875
0 0.8206140610655879 0.71484375 0.018885908632423558 0.03125
3 0.8476616175180475 0.69189453125 0.07390845469742968 0.2109375