8 0.13324607329842933 0.818901303538175 0.039790575916230364 0.04189944134078212
7 0.17774869109947644 0.8310055865921788 0.028795811518324606 0.043761638733705775
2 0.08193717277486912 0.8002793296089385 0.02356020942408377 0.03445065176908752
5 0.10287958115183246 0.8100558659217877 0.022513089005235604 0.038175046554934824
7 0.25026178010471206 0.8524208566108007 0.02356020942408377 0.04562383612662942
1 0.9952879581151832 0.41527001862197394 0.009424083769633508 0.07076350093109869
4 0.943979057591623 0.43947858472998136 0.04554973821989529 0.14338919925512103
4 0.6379581151832461 0.845437616387337 0.06649214659685863 0.21508379888268156
3 0.731151832460733 0.8165735567970205 0.11047120418848168 0.27001862197392923
3 0.7654450261780105 0.5675046554934823 0.0806282722513089 0.21601489757914338
3 0.6892670157068063 0.6312849162011173 0.07277486910994764 0.22160148975791433
3 0.6321989528795812 0.48696461824953446 0.08481675392670157 0.21880819366852886
3 0.6345549738219896 0.4208566108007449 0.0968586387434555 0.17225325884543763
0 0.5405759162303665 0.3715083798882682 0.01780104712041885 0.027932960893854747
3 0.5698952879581152 0.36638733705772814 0.08219895287958115 0.15921787709497207
3 0.5426701570680629 0.6042830540037244 0.0743455497382199 0.22998137802607077
3 0.437434554973822 0.7132216014897579 0.07905759162303665 0.2383612662942272
3 0.17617801047120418 0.2783985102420857 0.09476439790575916 0.1945996275605214