8 0.8262604166666667 0.9269166666666667 0.037197916666666705 0.03025925925925932
7 0.78140625 0.9248703703703703 0.02527604166666677 0.036083333333333356
2 0.8783124999999999 0.9243333333333333 0.02073958333333342 0.028388888888888963
5 0.8569895833333334 0.9273333333333333 0.019463541666666608 0.03244444444444441
7 0.7068281249999999 0.9237777777777777 0.023197916666666648 0.039685185185185094
0 0.16539583333333333 0.4089907407407407 0.01544791666666665 0.03279629629629626
3 0.14691666666666667 0.42796296296296293 0.05139583333333332 0.24852777777777774
4 0.28882291666666665 0.2887222222222222 0.037296874999999945 0.21078703703703702
3 0.5381250000000001 0.39063888888888887 0.048406250000000026 0.24424999999999997
3 0.8959791666666667 0.47675 0.06827604166666675 0.24610185185185182
3 0.57003125 0.6386203703703704 0.06429166666666669 0.2513055555555556
3 0.92825 0.43975000000000003 0.04114583333333333 0.2609722222222222
3 0.935171875 0.2722037037037037 0.05720312499999996 0.21724074074074073
4 0.6369427083333333 0.840287037037037 0.0579687500000001 0.27625925925925937