2 0.9214285714285714 0.8479067388603243 0.024175824175824177 0.037359359874689524
5 0.8983516483516484 0.8564571794344844 0.020879120879120878 0.03341902102814087
8 0.8664835164835165 0.8624753101678482 0.03956043956043956 0.05021375365858294
7 0.8228021978021978 0.8737423829510798 0.03736263736263736 0.04823790276088369
7 0.7425824175824176 0.8953738251850646 0.03901098901098901 0.052161197184158015
3 0.43351648351648353 0.6162990895711364 0.1054945054945055 0.3165205305895542
0 0.48296703296703297 0.392689328519365 0.01978021978021978 0.03438422057929147
1 0.3357142857142857 0.37163544337352905 0.046703296703296704 0.08837355032610472
4 0.2612637362637363 0.47193982233897386 0.06868131868131869 0.2214133093030951
4 0.6258241758241758 0.9307876056198028 0.07417582417582418 0.11014199904734268
3 0.5291208791208791 0.6836939161210449 0.08846153846153847 0.30169596738238647
3 0.5497252747252748 0.5427936901619734 0.06373626373626373 0.19890123853327224
3 0.5887362637362638 0.5095056685961314 0.09505494505494505 0.22461570757548355
3 0.6041208791208791 0.6893522498800249 0.07912087912087912 0.31722438231716543
3 0.8076923076923077 0.3291525486543988 0.07912087912087912 0.26839625731716565
3 0.5351648351648352 0.4064126623397173 0.11483516483516483 0.251187428154775
3 0.4728021978021978 0.3862365649925069 0.07252747252747253 0.16774214212406846