6 0.3852291434969846 0.894508407935676 0.0984086223949408 0.03274149283696526
8 0.5398901604461371 0.8961122658518381 0.043328806996475455 0.03368082978906161
5 0.524527455144577 0.9291867055246521 0.022984893581381477 0.03195933746963102
2 0.5541934024579761 0.9279837206959263 0.028917096971211986 0.03202085530751125
7 0.6055188229053664 0.9118990963810664 0.04426008081578572 0.05936937635977293
6 0.6674645806950957 0.8876161682484377 0.03737688214965848 0.027577015878673825
4 0.9736041418949283 0.6974308625790258 0.049281296866583786 0.29959458655471977
1 0.6266231424610161 0.15831600311194402 0.04435375773647076 0.08807028270418381
3 0.6468456969287772 0.4538529302196085 0.06868900609812098 0.2741169582853118
3 0.6439606637322847 0.5588114596917643 0.06965972283140417 0.3118900970010384
3 0.38995017235203366 0.48668857609163346 0.08990502896156659 0.28340010895793105
3 0.43281524259768545 0.725811866477229 0.13043508413586435 0.2385047250167313
3 0.09211565488017275 0.46924904863158695 0.10941134547803516 0.28813396105106087
3 0.16816250974763167 0.5387711100862486 0.10097621212082132 0.3001306705705329