7 0.7051630434782609 0.9158607350096711 0.02282608695652174 0.043520309477756286
7 0.7842391304347827 0.910541586073501 0.019021739130434784 0.0425531914893617
5 0.8608695652173913 0.9052224371373307 0.019021739130434784 0.029980657640232108
2 0.8845108695652174 0.9037717601547389 0.023369565217391305 0.03481624758220503
8 0.8293478260869566 0.90715667311412 0.03858695652173913 0.03481624758220503
1 0.621195652173913 0.2809477756286267 0.034782608695652174 0.06479690522243714
4 0.6290760869565217 0.3578336557059961 0.034239130434782605 0.16827852998065765
3 0.025 0.6121856866537717 0.05 0.2437137330754352
3 0.16195652173913044 0.8655705996131529 0.11521739130434783 0.24854932301740812
4 0.16793478260869565 0.9221470019342359 0.0782608695652174 0.15570599613152805
0 0.7138586956521739 0.437137330754352 0.01358695652173913 0.02804642166344294
3 0.7296195652173914 0.4588974854932302 0.04565217391304348 0.2137330754352031
3 0.5442934782608696 0.5159574468085106 0.05380434782608696 0.24758220502901354
3 0.5706521739130435 0.5425531914893617 0.05652173913043478 0.23404255319148937