6 0.355515625 0.8448611111111111 0.08834375000000003 0.020541666666666618
6 0.616171875 0.8441111111111111 0.034375 0.021569444444444405
7 0.44044531249999996 0.86475 0.03872656249999995 0.05019444444444458
7 0.5585312499999999 0.8644166666666666 0.04342968749999994 0.052055555555555584
8 0.4988359375 0.8495 0.04559374999999992 0.02979166666666673
5 0.48454687500000004 0.8798888888888888 0.019367187499999973 0.028847222222222198
2 0.5109921875000001 0.8800277777777777 0.02622656249999995 0.02520833333333346
4 0.479484375 0.7523888888888889 0.0474609375 0.09090277777777785
4 0.23090625 0.35725 0.03467968749999999 0.23394444444444448
4 0.9386093750000001 0.2249722222222222 0.05210937499999986 0.2138333333333333
3 0.6884453125000001 0.5185694444444444 0.10600781250000005 0.2260138888888889
3 0.71146875 0.49916666666666665 0.0895468750000001 0.2205416666666666
3 0.5419296874999999 0.4315277777777778 0.06610156249999992 0.2047222222222222
3 0.4923046875 0.3780138888888889 0.10903124999999995 0.22547222222222227
3 0.48305468749999997 0.21502777777777776 0.04210156250000008 0.1939583333333333
3 0.4755859375 0.29819444444444443 0.04903906249999999 0.2074861111111111
3 0.3583046875 0.500375 0.050406249999999986 0.2646388888888888
3 0.43051562499999996 0.5459861111111112 0.062023437500000035 0.2503055555555556
3 0.50896875 0.7050555555555555 0.05486718750000001 0.17955555555555552
1 0.3789765625 0.21093055555555557 0.04019531250000004 0.07741666666666668
0 0.5345859374999999 0.4350833333333333 0.020164062499999958 0.028499999999999973