4 0.8345079215220372 0.22775468332907864 0.046202392191805504 0.18472581060375087
3 0.9386348282905552 0.44394949542480383 0.04414824629746995 0.210371517902292
3 0.5674818927081228 0.4155687659229097 0.05972319527547408 0.2136578909231757
3 0.427175997849924 0.21049682287411184 0.03657694247117522 0.15686235911266938
3 0.2410150409081392 0.5191503324837972 0.06747511515665382 0.2098662948249219
4 0.344657501336746 0.7244870774386816 0.04401249234033066 0.18962052975999952
3 0.07500031307731941 0.6352192316014381 0.0691934976165164 0.21780592739449423
0 0.30891034688450997 0.24505478864701746 0.015730096357591872 0.027001788040646586
3 0.34042128233963775 0.3955679219198026 0.07179027011810844 0.1901954335875234
3 0.34882876251503997 0.42651618394670887 0.054574512370035744 0.19082713550694877
3 0.3523206700756862 0.35975333978259827 0.05191309512694867 0.20855620638901845
3 0.342556817992793 0.2814087419458177 0.03060119609590275 0.09251812933530694
3 0.3151568227314597 0.3091460607402694 0.0424557217342053 0.20638445450268014
4 0.2521370163943767 0.26253194028125326 0.03890906075393875 0.17370677039120333
1 0.3376735677487845 0.17875692429235016 0.032513123558949246 0.045133291601983073
6 0.6400571310701124 0.912022993888789 0.04967070103967672 0.035608309050146836
6 0.4908678387439224 0.918568725466308 0.05414100338071901 0.03965286283251095
7 0.5639330910107022 0.915574514961185 0.0708076700473858 0.039997805129025364
7 0.41530905095129217 0.9206265350234182 0.0680298922696079 0.03994031474627289
2 0.3494789498550335 0.921494985948405 0.03021979212108262 0.03421773407838983
8 0.27891369758825374 0.924437455109051 0.04912807443242009 0.037573095558576526
5 0.21252804093643962 0.9253174041105882 0.030814134521535204 0.04015808590988108