2 0.13930748560124412 0.9671785954436274 0.023568539023782864 0.03510904092895368
5 0.16390869207430217 0.9681972821026608 0.019553977530972277 0.031971105720925604
8 0.19707282871671933 0.9637928942220161 0.03904471778139077 0.04459394260274733
7 0.24397526317065107 0.9622187153874588 0.022460985321220234 0.046286971573619363
7 0.3283407728107799 0.9588748435816442 0.027613055017908388 0.04741194558708359
1 0.2325603802435663 0.27007393243887917 0.03682295382041773 0.06491314401427842
3 0.3014719170671614 0.5265756537859474 0.07919404241046624 0.2521325247711453
3 0.3558648656176134 0.6290192454894388 0.0956982776235095 0.4011404774158849
0 0.8081338806721566 0.47495604418677123 0.022411061152361925 0.031012022490116312
3 0.7838919375033555 0.4963465408543516 0.07489657729412519 0.1624365447565998
3 0.732688900366682 0.49477685981007147 0.04228455336402742 0.16074280234546146
3 0.703163420523199 0.4748183498776297 0.09220549291865753 0.20759854231675517
3 0.7522014651351286 0.6015892913693529 0.1231049794101367 0.38541596679115586
3 0.58512992155823 0.503430523969925 0.07266815677730439 0.1807190862903307
3 0.5746512382853725 0.5352887042253445 0.09695522240960101 0.2606464938725114
3 0.4068066329372618 0.5506500263300529 0.08852043094031159 0.30527527105984714
4 0.03348479559224822 0.6187779867014254 0.06398079760884548 0.32309568827046775