7 0.6659817464355414 0.9800970873786408 0.023211518137831972 0.039805825242718446
7 0.7447561107644118 0.9932038834951457 0.017575357786102263 0.013592233009708738
4 0.5565170788018965 0.9116504854368932 0.081485115700204 0.1766990291262136
4 0.3332361165384829 0.2771844660194175 0.07128064001557793 0.20388349514563106
3 0.8191373264322845 0.46067961165048543 0.07755226744302739 0.2436893203883495
3 0.5314101536524256 0.45728155339805826 0.08416687098467868 0.2524271844660194
0 0.24894996543219355 0.3402912621359223 0.02046020220318316 0.036893203883495145
3 0.22782288649809707 0.36844660194174755 0.08372215888386197 0.26796116504854367
3 0.4375548025169182 0.5194174757281553 0.08614321570263583 0.30388349514563107
3 0.5707587437189603 0.708252427184466 0.07944595167185971 0.28252427184466017
3 0.6609221038842543 0.5830097087378641 0.09617601190984913 0.2504854368932039
3 0.8166166392503259 0.8684466019417476 0.12194173250826347 0.26310679611650484
1 0.3728881917820559 0.19902912621359223 0.04646754576980797 0.08640776699029126