7 0.2612903332270116 0.8994751991955748 0.026049158803863628 0.048423977808906726
7 0.17781758766455916 0.8870198562883909 0.021442819431129953 0.047351700515374344
5 0.09693402507103643 0.8745376893708082 0.021395955439557277 0.033007438220292375
2 0.07189354037348848 0.8712109225642268 0.02601903195213827 0.039202666333496894
8 0.13032412752440828 0.879827203582862 0.04213619861475156 0.04141875161495884
1 0.36758254502926246 0.23544173513884833 0.039359751488358276 0.07212665207699284
4 0.35720089925259957 0.3159823394948961 0.04201942225347479 0.18178164318277543
3 0.9792687008212119 0.6368921930394165 0.04146259835757624 0.25966837831539097
3 0.8366007251911036 0.8740470948810714 0.12965033545840557 0.2359663871697274
4 0.8287262503981184 0.9294584162103269 0.08786188573482505 0.1248814652984275
0 0.26509940931652665 0.39224643958163624 0.01506014665956769 0.03089268808922627
3 0.24790848551102032 0.41394165976025166 0.05541370063720653 0.23109907154922207
3 0.44264264713095336 0.49082032115768726 0.06531221849876202 0.2670610624373227
3 0.41395763317541473 0.5167331198160353 0.06814222447266684 0.25274660459823955