7 0.32513307583704004 0.96053784348709 0.03312047023677246 0.047215888465485634
7 0.24467533135507633 0.9726006482403176 0.03257101968732191 0.04721020699106093
5 0.16833686768909858 0.9841325606853593 0.02042237201347129 0.02853052705371617
2 0.143613191268717 0.9848765082844735 0.024814779799289418 0.027599416349114225
8 0.19881698843956602 0.979422707604785 0.036385207435613326 0.037484352312034286
4 0.6550473966553432 0.7798743428705962 0.06058057760393754 0.2115567807122989
3 0.7385509105657905 0.6911172930208201 0.057395755649752446 0.24570237936575046
3 0.7132278698104889 0.5087557718699344 0.07202314084881191 0.18237921667521895
0 0.6692694948819867 0.1727731456250658 0.01768470909557716 0.03143180718159233
1 0.6810556936788819 0.2483374284121458 0.0342865001411845 0.06773506391433515
3 0.5856081151209033 0.3811647831992666 0.04891105506424008 0.17139840724937905
3 0.607579927046244 0.4629716149594885 0.08146609170263108 0.21372580174043987
3 0.5227297747784622 0.47605643400811415 0.08537617774450955 0.2332968220614131
3 0.4953192148629837 0.3274090450049274 0.047285079684392245 0.17821730032610472
3 0.3509927305055186 0.38359077277863957 0.06984132169994099 0.18723930327751992
3 0.2658742461825839 0.39863155756447755 0.06168906853219738 0.2144978311611485
3 0.3174895829288539 0.6398052399301871 0.07167827332568077 0.24487353520079425
4 0.19274298073929472 0.38278563116297076 0.041742625043093166 0.16351204808185704