4 0.8645502114720316 0.2707658170632746 0.0581868003356302 0.19936658092325366
3 0.6933333155801684 0.43545497915197356 0.1118405210962005 0.24397832085401067
3 0.7260113749201785 0.6630954611657973 0.10100214321053126 0.2725535885113794
3 0.7227439541697742 0.2794073078915538 0.09849645413201101 0.2100297449465804
3 0.23323979611505424 0.4151182526497797 0.08998969907044894 0.24785016764415793
4 0.5577498217422483 0.763714953106996 0.07598322498595722 0.18725628658323268
0 0.2707995903999701 0.37579338804668794 0.01793701662504525 0.030922492545225052
3 0.5600844083766702 0.5977015420936201 0.08085401116827988 0.269271186827585
3 0.6575375632697057 0.2221915443348304 0.08869835910953983 0.20480545897651242
3 0.36303311193201 0.2518828648913971 0.09211043393247904 0.19254614235649783
3 0.5259061784453134 0.4392387788189695 0.05879230118045098 0.20859385328986316
4 0.2186358061380106 0.17192115010414746 0.07307622816875446 0.17800517065182417
1 0.10462118314109578 0.0573197375915078 0.03704151837612894 0.06697985769252167
6 0.6293758989303708 0.9366468158307122 0.05308169419544423 0.04563036920349152
6 0.475674051930571 0.9146728000105535 0.05827344984518175 0.0497823778800271
7 0.5510882141617168 0.9261870052305995 0.07497268535682951 0.054053604380557584
7 0.39766401187455647 0.9011362384730376 0.0720924679633825 0.05299920976062449
2 0.3219554677909239 0.8875758333707227 0.033505588718318914 0.0413293382469626
8 0.2491304885287078 0.8760348041402778 0.05308838905138312 0.047679549531360374