6 0.40298942160953616 0.892783337586705 0.09471550195906084 0.05850034306555864
7 0.49332743117147765 0.8804443161256343 0.047485588865094415 0.06833571725549352
8 0.552901085823227 0.8419765930377122 0.04991043812915552 0.049187418567341136
2 0.5691594853684199 0.869430055694517 0.029122864366525822 0.03127378177490202
5 0.5418300697868914 0.8794713707627153 0.02249418926686653 0.032680061069168084
7 0.6167219829509547 0.8345252256268619 0.053309196924169064 0.07429548835973646
6 0.6733765974664367 0.7908652276062875 0.03826322201100659 0.03726787635885525
0 0.5532899006395554 0.07357004791136758 0.025839883279193083 0.0415639420710024
1 0.5629871620812363 0.12307875741406077 0.04838231325759311 0.08899326567704338
3 0.5634647451254192 0.269096456529105 0.12564201609491724 0.3877178089552262
3 0.564457950940985 0.3192525300244014 0.1256709605218375 0.3965673664773501
4 0.6839113123417089 0.20913553357555634 0.0779779365971484 0.26480982031330214
3 0.5180140850240036 0.44266151618322297 0.08973128228067133 0.30917774010290894
4 0.5786273270093025 0.7220404007649174 0.07003766698580144 0.11871489336890872
3 0.354565827326126 0.664413831371174 0.10218838951055849 0.315206158166573
3 0.24373154746430647 0.4943935196235973 0.1286548491976618 0.2948317784526359
3 0.37542975696416936 0.32540818607617455 0.11039825426446709 0.2902182205531653
3 0.44454444358714196 0.5421928040103984 0.09391098776050276 0.31954512822835834
3 0.22278450293260238 0.3009679490773312 0.10372133845327411 0.27687523731055824
3 0.0658113793205167 0.8540638191492685 0.0954825292724454 0.29187236170146297