4 0.7591325070620057 0.27200928557629395 0.07980693025778048 0.25163427717262427
3 0.16326893597239872 0.29268428228637206 0.130373639175184 0.25689369770917125
3 0.13043673092669783 0.7589677537387525 0.12801775725530473 0.2610581525400598
3 0.26161732468366145 0.41760404440739246 0.08234662986520967 0.30364959762263444
3 0.5964158141137311 0.5101993655368269 0.11549900810450277 0.29731352212502427
3 0.8123446107571797 0.3615873973493679 0.06651207801806305 0.29208678713192987
3 0.6783695336718027 0.6937646934965399 0.1147458822265309 0.3085331344094779
0 0.7831787064532971 0.5000194872298586 0.019072232026282557 0.03550458607199163
6 0.6421957243567362 0.8629485748359889 0.08853654616679646 0.02289780616367641
6 0.3791349763481534 0.8490794655590151 0.03483785224059813 0.025999980832359163
8 0.4976482590446552 0.8606600948010977 0.037221306813609904 0.030262492293605246
5 0.5131522023747034 0.8918776552542538 0.018250174515479466 0.025656782626108158
2 0.4855037751117449 0.890603411052824 0.026144473228109092 0.024415715961348023
7 0.5561552210965758 0.8787233924931093 0.04440843407015502 0.0542859817335236
7 0.4364731883245118 0.872033979430516 0.04440843407015502 0.05428598173352328
1 0.897702690852311 0.1372451639619104 0.04454170189362876 0.0950163188121752