7 0.22595168969321733 0.9196953869772481 0.033480333184272806 0.04616846652651273
7 0.14160947935043383 0.9144592667095455 0.032908250804410046 0.04616254205623687
5 0.061837271265391174 0.9101940806185354 0.020229243511179412 0.031775584565563716
2 0.036386262142661815 0.9094393896069137 0.02483918645588503 0.03691463002227208
8 0.09386057097538078 0.9118989701608842 0.03742499881286445 0.037044968368342375
4 0.6608241649345404 0.9014453353923947 0.07614101237095851 0.18407549460818237
0 0.06747023251817937 0.486030038715221 0.023708335258481244 0.03893944095952053
3 0.03494574863043152 0.6579711394013227 0.06989149726086304 0.29709234441527715
4 0.04075603817476296 0.32847623499407164 0.04879422341728242 0.20110272899624168
3 0.17453324811698076 0.38462258826222945 0.07609481570279918 0.2645176353110226
3 0.252329594597164 0.42862041538117507 0.07594836651726149 0.24211437665521812
3 0.4267554106247899 0.30462274598440836 0.09456081380629854 0.20157668661831543
3 0.5285426047628221 0.35397256001571636 0.06050879904212949 0.2429727458966685
3 0.6435499310588081 0.6124381024989802 0.08222170315223508 0.32669500628669434
3 0.6019378953049322 0.546172940066297 0.07385308365147406 0.2716222470022204
3 0.4710373384149636 0.5750215898746508 0.06656911867995734 0.294966817483338
3 0.31346112506866086 0.7467030322914494 0.13245844408157992 0.31092308064857227
3 0.7954775431993365 0.6485404011448925 0.05847342720678901 0.28164558569377257
1 0.709247813006633 0.2757316064612857 0.045168281684476556 0.08396516367133862
4 0.789159212296103 0.3899675392481037 0.05760178967469025 0.23581481397298742