8 0.13836512487522595 0.856444251520407 0.03972477799591185 0.03920665169492624
7 0.18357928886061928 0.8648718738034981 0.028170327582162563 0.04271227606166816
2 0.08635172529735032 0.8413206847662503 0.0228459273007463 0.0332400283700099
5 0.107618520861691 0.8492525763069787 0.0218177926764707 0.03696355635976827
7 0.25821508102786145 0.881868427729163 0.02608343714027162 0.045477684101109764
0 0.8395020929880515 0.4959076044981316 0.018133582150154853 0.03688729009171249
3 0.8567204701933185 0.5192072203824759 0.07064990677073997 0.26172689419892325
4 0.7249434069081122 0.34557603732915776 0.05354445924486036 0.2211160761174526
3 0.4675258075781525 0.3880065503257421 0.0669350750510842 0.25696897999079255
3 0.10273690944421189 0.38841499128634543 0.08750426051123351 0.26394819917177986
3 0.4169953234614376 0.6290344969805878 0.08384454693958943 0.267617251255784
3 0.07328790655634188 0.3437919229146196 0.061243589185560776 0.2718304064063731
3 0.07887314008509917 0.17394071172968245 0.0741381416596815 0.23184061365049974
4 0.33445162413483154 0.8150852738897886 0.07926693503969282 0.29186376391381597