2 0.9196072159903359 0.9749348276630588 0.09473329876743221 0.014315191505729862
5 0.764458554713245 0.9676862112239283 0.030699070519474913 0.03390043255488398
7 0.8173713553341261 0.8805535065215437 0.03890713554839049 0.06258345613096389
7 0.8711457832845783 0.8841947390561036 0.04263178359095347 0.059809171315644304
4 0.4204237872944262 0.7423562608883282 0.06510487091909307 0.22565084635249139
4 0.2397632896925142 0.31019750402375657 0.05047969359071202 0.1968350921284751
0 0.21868583974919564 0.07248335568879608 0.01950023643784137 0.03842100563202192
1 0.3035608760522384 0.21095592185358095 0.04164315722469584 0.07214446398965733
3 0.8226795534027402 0.42505886885160954 0.07204429759987474 0.22389349720334523
3 0.5239771295778605 0.6703379981509355 0.10628171615884771 0.3082405232190794
3 0.42809908025473803 0.5259134729520407 0.051530919493350494 0.275743491418845
3 0.4055610314490135 0.43273579062526546 0.04975863422935844 0.2500449095173171
3 0.3577315559761187 0.5202387020691362 0.060167961576290716 0.2882778800647625
3 0.3418781864747635 0.4678028138092537 0.042315560632718636 0.2565440494901621
3 0.311974845178476 0.39331610557807467 0.062058099470000024 0.2502993099258618
3 0.22053099491109632 0.39520751731116727 0.05132557737330782 0.24437467012606934