4 0.1479615583504379 0.4513888888888889 0.07416472872636941 0.2222222222222222
4 0.4125720129254084 0.7381944444444445 0.0701175781606354 0.17916666666666667
0 0.5217553340634657 0.3215277777777778 0.019667605386194255 0.041666666666666664
3 0.291622666908988 0.30486111111111114 0.05851245764913058 0.21388888888888888
1 0.23370562777957246 0.27291666666666664 0.03776362041330898 0.08055555555555556
3 0.3483317300425087 0.44513888888888886 0.06166472872636941 0.2222222222222222
3 0.31299646633153344 0.6291666666666667 0.06876415641946654 0.24305555555555555
3 0.4607842660977643 0.55 0.08763233108750157 0.2791666666666667
3 0.5498487782471106 0.43125 0.0757999515990063 0.24444444444444444
3 0.6043820025831808 0.5034722222222222 0.09932835518980258 0.2722222222222222
3 0.6208766231437834 0.4111111111111111 0.07730336426498888 0.2263888888888889
3 0.6586169967785462 0.24583333333333332 0.08668745462406839 0.22916666666666666
3 0.7261360344445287 0.22777777777777777 0.091434041958086 0.24722222222222223
3 0.8282530463483854 0.3972222222222222 0.06953177088084708 0.2388888888888889
4 0.7769533854404236 0.11944444444444445 0.06391302995603354 0.19305555555555556
6 0.3993864721361679 0.8868055555555555 0.09394998789975162 0.06111111111111111
6 0.6545597854660803 0.7965277777777777 0.03683237948849509 0.034722222222222224
7 0.48372056552030973 0.8743055555555556 0.025186352361132158 0.05694444444444444
7 0.600392448082965 0.8361111111111111 0.0463255541565303 0.07083333333333333
8 0.5406540941602038 0.8444444444444444 0.05171703610435348 0.04722222222222222
5 0.5286538034691592 0.8777777777777778 0.02590851502711473 0.03888888888888889
2 0.5547938622123805 0.8680555555555556 0.02590851502711473 0.03888888888888889