2 0.9301718533951425 0.9695556105427753 0.02297155276705335 0.033636349385058974
5 0.9056956929095493 0.9723391800588391 0.01896327960785191 0.029546546947127078
8 0.8727268227088337 0.9691382024566483 0.03781403765200939 0.04188661616146064
7 0.8269394609492972 0.9691061531649295 0.0360943151793485 0.0398446591883504
7 0.7427528852951447 0.9699776499382307 0.037258447269152645 0.043905019167724914
4 0.6653034906282954 0.8538844835404638 0.0763366977838443 0.2791114733858657
4 0.15384658102743323 0.3495981839239805 0.04866890316450433 0.2231608095893818
0 0.5995170669464899 0.3024773734563914 0.01670782349886853 0.03255943022724469
1 0.7560443087560501 0.24215652904029097 0.04086336510226053 0.0732925768386415
3 0.7352629412800029 0.810653021848316 0.07612489248747861 0.24672280941825436
3 0.7353431653063462 0.6244299810179736 0.061586479195945135 0.19799260117404974
3 0.6439541699416959 0.5089871555416324 0.08772649989245539 0.2812535347180711
3 0.6039251867139779 0.3677107220865603 0.05298786683263967 0.18778281630849894
3 0.5589285860980049 0.290246578751415 0.04579166751755012 0.21807063838588514
3 0.29860203826611464 0.6542530421312411 0.06146813575694572 0.35385126953475643
3 0.182443137715819 0.4125569801584353 0.041360182285720484 0.2362421539339746
3 0.36648845150550596 0.49313604314056586 0.0489071841229156 0.25959805655294466
3 0.46287193844056007 0.453679349579785 0.07269206645766804 0.24365104122102166
3 0.4727199317551123 0.6003286018405055 0.0530345977613228 0.2819064824726578