4 0.38233550619679174 0.8107626639667067 0.08225747926313681 0.3143098977521486
4 0.3118309207815371 0.24199683989729656 0.0705229432085808 0.22445987629656647
0 0.5389757252378592 0.31620729686882293 0.017278961123217015 0.03599702811005354
4 0.9600481357728269 0.38894665187902566 0.06826456819044506 0.23357744838019553
3 0.916743846648174 0.6866666803481827 0.09023334980197584 0.30429248914580176
3 0.8134731829607078 0.6042900262523623 0.09647633181160722 0.28914788282009907
3 0.7120533709572243 0.5682059116808373 0.0758647247469305 0.2836296568273424
3 0.6559428925512681 0.4960533162294167 0.07526601614367698 0.27547116797452237
3 0.56426883209604 0.27851688306776407 0.06387429271528115 0.2905091302256612
3 0.5476135416605058 0.2987179477832463 0.0474099968373245 0.15372113684772393
3 0.5759815436325677 0.2828564562896417 0.09724811086690316 0.3502595284957293
3 0.5884735920731093 0.573820359287072 0.10168165395507754 0.3065661358559663
3 0.4573953598207104 0.5108575021293885 0.1525703595394668 0.29947408774878553
3 0.1133107248557175 0.6859974716896587 0.12293856551394249 0.33449946984614565
1 0.36443772835599936 0.16097372493556414 0.04489867269697324 0.08544563357493748
6 0.8515441887378384 0.9451280408525331 0.0499309243884014 0.04991072978799443
6 0.8471520584121898 0.976275974051126 0.04866694162341627 0.013227153304350545
7 0.9095656185419301 0.9576727868534372 0.028750563221786082 0.0453989843925195
8 0.955869344392608 0.9674054545408142 0.01552943120439 0.025778180696196914