0 0.3692578125 0.65825 0.02341406250000002 0.04269444444444446
4 0.156046875 0.7619166666666667 0.070203125 0.2619305555555555
4 0.340734375 0.13680555555555557 0.040023437500000016 0.19822222222222227
3 0.41278125 0.21747222222222223 0.07697656249999998 0.23654166666666668
3 0.5450390625 0.2593333333333333 0.042390624999999994 0.2289722222222222
3 0.6321953125 0.446 0.06936718749999997 0.26502777777777775
3 0.617703125 0.469625 0.08726562500000004 0.26069444444444445
3 0.5723515625 0.508 0.07468749999999993 0.27790277777777783
3 0.70921875 0.49675 0.06046875000000007 0.2990694444444445
3 0.4286875 0.5976527777777778 0.11051562500000003 0.1992777777777778
3 0.37479687500000003 0.6152222222222222 0.10814062500000002 0.23838888888888887
3 0.248640625 0.4899722222222222 0.07904687500000004 0.23787499999999998
3 0.15814843750000002 0.5453055555555556 0.06324218749999999 0.25729166666666664
1 0.75771875 0.12518055555555554 0.04363281249999993 0.09163888888888891
6 0.354296875 0.8452638888888889 0.08724218749999997 0.03179166666666681
6 0.617203125 0.8422916666666668 0.03492187500000003 0.021875
7 0.5600390625 0.862638888888889 0.043367187499999994 0.05068055555555557
7 0.44210937499999997 0.865388888888889 0.04634374999999995 0.0601527777777777
8 0.500234375 0.8490555555555557 0.05098437499999999 0.031430555555555705
5 0.48479687499999996 0.8787638888888889 0.02234374999999993 0.03134722222222213
2 0.5116562499999999 0.8796527777777778 0.026968749999999986 0.02915277777777779