3 0.5715416666666666 0.6524537037037037 0.090234375 0.18638888888888885
3 0.386609375 0.43271296296296297 0.055781249999999956 0.23209259259259257
0 0.3573854166666666 0.525638888888889 0.020255208333333385 0.036462962962963065
3 0.351609375 0.4538611111111111 0.04620312500000002 0.22624074074074077
3 0.4258385416666667 0.5242222222222221 0.07174479166666667 0.22621296296296292
4 0.8872395833333333 0.6180555555555556 0.032052083333333314 0.2509166666666667
7 0.70784375 0.9271851851851852 0.02325520833333338 0.03956481481481483
7 0.7835989583333334 0.9268796296296296 0.02268229166666676 0.03894444444444439
8 0.8267604166666668 0.9260092592592593 0.03608854166666665 0.03350925925925931
5 0.8568541666666667 0.9273333333333333 0.019187500000000076 0.02874999999999996
2 0.8805 0.9264907407407408 0.02318749999999999 0.029361111111111143