3 0.4150714222929638 0.6216506397308638 0.11704884908408808 0.22945662905205408
3 0.6350301816535936 0.45584804591118355 0.08671955012376455 0.26372542288643885
0 0.6543223217342242 0.5638426685661297 0.025852921366432233 0.04571899226413425
3 0.6689673594879532 0.4905735434078498 0.07610581430086363 0.25472291422398025
3 0.5828301958695937 0.5379044275044829 0.10283066123487565 0.26389213935335365
4 0.08966836571187238 0.47433638579206566 0.06401934603578086 0.27534742780516497
7 0.23934681735626973 0.8615951947167675 0.029212112596363415 0.049706054496215096
7 0.1603611559657888 0.8347464207524011 0.028656557040807922 0.04970030565252845
8 0.11546781978925541 0.8189077292649379 0.04198342589999173 0.04885013560851938
5 0.08386579786408364 0.8093539904301795 0.023578983351013993 0.037790858549466684
2 0.0592049881462816 0.8002224621955822 0.02803635674375744 0.0398131338839406