7 0.4268897291236973 0.8544032311556745 0.046810270411921776 0.0636843426388292
7 0.5449506240850989 0.8616086166096945 0.04520291892782555 0.05524103412812413
6 0.6054185233491577 0.848343077311186 0.03564152798264624 0.02986208194029911
6 0.3416758788165287 0.8264935761269994 0.09253194766609317 0.03606837933691277
8 0.48656544125118006 0.8418481101574622 0.049097220698969955 0.0384279570902796
5 0.47066655321339096 0.8729104087476578 0.02301248821931432 0.03254033295578336
2 0.4971209554687492 0.8747434181596423 0.026957339854534784 0.03117669412018634
3 0.34523143446816273 0.3433270809380563 0.09069075527135373 0.19756071994164176
3 0.5285383631246271 0.4460621294899564 0.06526723982589508 0.15235542421980103
3 0.6000164620624497 0.44742938567269314 0.043352535648708716 0.2139243859688084
3 0.6661925461597513 0.5001137990096028 0.07019498944852474 0.2099887205384328
0 0.6555655392677651 0.6097705852280613 0.023806973076984855 0.03395299844709079
3 0.7581822316475721 0.6297757567513419 0.07250032150432772 0.19035031251797338
4 0.7215103434960091 0.3710346709592358 0.02744445672654201 0.18005309861456806
4 0.02304386635316128 0.3199755002679296 0.04399996635633933 0.1703932312353969
3 0.5520213575273052 0.5111259849754499 0.052583054756298216 0.1381797426510156
3 0.5406664996893853 0.6018302681458899 0.09229351131326108 0.2045995340703241
3 0.6104935904423188 0.6249835294685452 0.0971707110718145 0.2467833921867087
3 0.4457054063488844 0.5353991564776598 0.041814115797443714 0.22654849318844056
1 0.6711619180825711 0.3090576219534789 0.03419042153296743 0.06917158241835823