6 0.6204663212435233 0.919016160642365 0.10103626943005181 0.04055602808597367
7 0.5267702936096719 0.9486122963325258 0.04231433506044905 0.06395410249228498
8 0.4620034542314335 0.9365004440091697 0.055267702936096716 0.04268416526464814
5 0.479706390328152 0.9684058887724254 0.022452504317789293 0.034311595984917266
2 0.45164075993091535 0.971670239945125 0.025043177892918825 0.03282683930862067
7 0.3968048359240069 0.9566873331831451 0.045768566493955096 0.06248724743670979
6 0.3333333333333333 0.9392177179062565 0.037996545768566495 0.03155690208098419
4 0.27892918825561314 0.8242437619546374 0.047495682210708115 0.1332922814473841
1 0.6126943005181347 0.27577812297894705 0.037132987910189985 0.07000053892180097
3 0.7871329879101899 0.5140096349801088 0.05613126079447323 0.17962514380844682
4 0.9283246977547496 0.66539808842964 0.04922279792746114 0.23948193084267358
0 0.6070811744386874 0.2672002239827177 0.018134715025906734 0.029606703265924263
3 0.6541450777202072 0.47048355461974095 0.0690846286701209 0.21373982196542574
3 0.6079447322970639 0.4756796640649778 0.05958549222797927 0.29200444259902586
3 0.6476683937823834 0.6372723693874054 0.09412780656303972 0.2542589689663541
3 0.5708117443868739 0.5079868174508693 0.06735751295336788 0.21678094180090562
3 0.5164075993091537 0.5199359384223271 0.06390328151986183 0.18901702762571124
3 0.47797927461139894 0.6929854701463667 0.0768566493955095 0.2339009365519209
3 0.4231433506044905 0.35646410184592536 0.06563039723661486 0.17059129240561605
4 0.32124352331606215 0.3097363259853838 0.05267702936096719 0.20570738347940645
3 0.11139896373056994 0.7861554629192492 0.09067357512953368 0.27726428556039046
3 0.11830742659758203 0.48783713742348406 0.06476683937823834 0.21211185232335591