7 0.706421875 0.9275092592592593 0.01832291666666658 0.04021296296296302
7 0.7828593749999999 0.9273518518518519 0.012869791666666686 0.04012962962962956
5 0.8571822916666666 0.9266481481481481 0.017765625000000066 0.02736111111111107
2 0.8799843749999999 0.926962962962963 0.02170833333333325 0.03169444444444446
8 0.8269895833333333 0.9266574074074073 0.03655208333333325 0.031101851851851776
3 0.16254166666666667 0.764212962962963 0.07223437499999999 0.2691666666666667
0 0.28590625000000003 0.46214814814814814 0.01981249999999998 0.038499999999999986
1 0.3743697916666667 0.29185185185185186 0.03547916666666661 0.06517592592592591
4 0.35058333333333336 0.35448148148148145 0.029572916666666654 0.15711111111111106
3 0.34915625 0.548212962962963 0.07154166666666661 0.22236111111111115
3 0.3305885416666667 0.630537037037037 0.10624479166666667 0.2388518518518519
4 0.47599479166666664 0.8743055555555556 0.057479166666666616 0.24121296296296307
3 0.9645833333333333 0.7384259259259259 0.07083333333333333 0.25277777777777777
4 0.9259010416666666 0.38319444444444445 0.034364583333333344 0.20342592592592595
3 0.7402708333333333 0.37102777777777773 0.04019791666666658 0.19760185185185183
3 0.6119427083333334 0.3982777777777778 0.04395312499999993 0.20025925925925922
3 0.6408541666666667 0.5429259259259259 0.06844270833333325 0.23029629629629633
3 0.7508645833333334 0.6134444444444445 0.04888541666666673 0.2157685185185185
3 0.30200520833333333 0.5821574074074074 0.05741666666666667 0.2569166666666667
3 0.47140625 0.5148425925925926 0.05454687500000001 0.22598148148148142