4 0.2768617021276596 0.37329247085949097 0.04148936170212766 0.16626428371511215
3 0.586436170212766 0.5705777420135484 0.0925531914893617 0.19945621295238264
4 0.4109042553191489 0.7419765110540001 0.04627659574468085 0.1682536263249625
3 0.7218085106382979 0.3437711488113914 0.036702127659574466 0.1595490431846567
3 0.5364361702127659 0.6018573157622195 0.07021276595744681 0.21978824107553796
4 0.8696808510638298 0.25895562625524254 0.03723404255319149 0.16334075968131942
1 0.3151595744680851 0.2893247999239767 0.027127659574468086 0.05538132204813166
6 0.3598404255319149 0.9434104062648055 0.04893617021276596 0.042599732437765415
6 0.5002659574468085 0.9164048125825387 0.05372340425531915 0.046479434215857915
7 0.4308510638297872 0.9296548172873738 0.06914893617021277 0.05057909919752446
7 0.5723404255319149 0.9016820477006285 0.06648936170212766 0.04957892881251002
2 0.6367021276595745 0.8875913459333701 0.030851063829787233 0.038445076655204975
8 0.7018617021276595 0.8763196856782067 0.061170212765957445 0.04285269012187601
5 0.7651595744680851 0.863196159815427 0.021808510638297873 0.036367748763924866
3 0.4305851063829787 0.3351423579553648 0.059042553191489364 0.1770241984263407
3 0.46888297872340423 0.28945446017675036 0.0574468085106383 0.17321048560932054
3 0.5473404255319149 0.2717641786203326 0.04468085106382979 0.1559332972508536
3 0.5018617021276596 0.3676950695197719 0.06063829787234042 0.17611201332275583
3 0.5547872340425531 0.42709224596573225 0.07234042553191489 0.16028591991663094
3 0.613031914893617 0.48023577351311897 0.06808510638297872 0.20462137508888734
3 0.6409574468085106 0.46453549675780054 0.06223404255319149 0.21395219116813127