4 0.12016574585635359 0.3590070317981081 0.0569060773480663 0.19272938458478953
3 0.031215469613259668 0.599059492120822 0.056353591160221 0.21727591105485913
3 0.39502762430939226 0.47561907835913997 0.07237569060773481 0.22448361788256388
3 0.5207182320441989 0.23726229823711956 0.045303867403314914 0.1630197999847396
3 0.7234806629834254 0.4938728762104456 0.07955801104972375 0.2216852570722478
4 0.6337016574585635 0.7236281401482906 0.054696132596685085 0.19661293643756325
3 0.8941988950276243 0.566470577072973 0.08176795580110498 0.2295895244729122
0 0.6395027624309392 0.2411898507952205 0.01712707182320442 0.029823887679313963
3 0.6176795580110497 0.3978299530663687 0.08232044198895028 0.2030783614606028
3 0.6113259668508287 0.4303779045544772 0.06574585635359116 0.19978849740945107
3 0.6035911602209945 0.3652137638359774 0.06408839779005525 0.2164536170947091
3 0.6085635359116022 0.28554311110393243 0.03591160220994475 0.09799247885608109
3 0.6370165745856353 0.3055831339392391 0.054696132596685085 0.21233002877548074
4 0.6964088397790055 0.24394180216327974 0.049171270718232046 0.17979922274926183
1 0.6069060773480663 0.18292514269568813 0.034806629834254144 0.05180065949759565
6 0.3541436464088398 0.9769560802812542 0.05082872928176796 0.03248577300506442
6 0.5016574585635359 0.9527843452358262 0.05580110497237569 0.050270374656559376
7 0.42955801104972374 0.9665549788092207 0.07237569060773481 0.05061328389435169
7 0.5762430939226519 0.9350330021922835 0.06961325966850829 0.05350308716807932
2 0.6411602209944751 0.9194463260796928 0.032044198895027624 0.04093800697564525
8 0.7107734806629834 0.9037624923497274 0.05082872928176796 0.04722054707186229
5 0.7762430939226519 0.8876732267936503 0.03314917127071823 0.045872458947097405