6 0.31711409395973156 0.8549266572111326 0.09815436241610738 0.038329382220719244
8 0.46937919463087246 0.8727536182399559 0.0436241610738255 0.03627242858234281
5 0.45302013422818793 0.9035199580628122 0.022651006711409395 0.03307027075357606
2 0.4823825503355705 0.9054548475502996 0.028523489932885907 0.03313105405010813
7 0.5335570469798657 0.8952236720003469 0.044463087248322146 0.06016170892534414
6 0.5960570469798657 0.8774125849542034 0.03691275167785235 0.030232812704003093
4 0.9182046979865772 0.7240781869729991 0.08053691275167785 0.30083359949530114
1 0.5813758389261745 0.15368394618060888 0.04530201342281879 0.090021138522077
3 0.5906040268456376 0.4468720116613245 0.07214765100671142 0.2753736318861823
3 0.5843120805369127 0.5499222112487605 0.0738255033557047 0.3112118940647226
3 0.33598993288590606 0.45323874501598865 0.09312080536912752 0.2845459389686807
3 0.3695469798657718 0.6931899193556331 0.1325503355704698 0.2431630106121359
3 0.04907718120805369 0.40471590590456585 0.09815436241610738 0.2890756508774355
3 0.11493288590604027 0.4816462049491031 0.1040268456375839 0.3025692699948633