4 0.8123364165782775 0.4342496053726938 0.06935407945268639 0.2285404073163248
4 0.5007894944812175 0.7624156588376682 0.07259500781219218 0.1704720148381043
4 0.09811443418263802 0.10517099599707826 0.06758392839958134 0.2103419919941565
0 0.1736313242615752 0.2489720295001414 0.025021041933386487 0.0461295367958987
3 0.3037719893458959 0.18034158587435364 0.05982531550207908 0.19939056614213446
3 0.15391852661000532 0.3845021808771406 0.08504095037082342 0.3051531304609688
3 0.24928792208897443 0.43626704462482246 0.09517287956983667 0.25633021602324935
3 0.3081081266620952 0.4578289385972224 0.07732225397288174 0.30507306858283645
3 0.35571395288934593 0.32812588283359323 0.07027657669757707 0.24842697892154042
3 0.4980061763480385 0.3037134061537483 0.08568902168123493 0.2409418427389673
3 0.6373490749465383 0.29538711052029226 0.06395880373180483 0.15203443334252403
3 0.6292068375482135 0.4285035910984414 0.07974546589884354 0.2592281962425198
3 0.7486850427442925 0.640574280045204 0.09689313499849096 0.2578770595394908
3 0.6965194066019861 0.8184914001268152 0.1097526394326152 0.2564814440152772
1 0.6950896110577487 0.24891508680127164 0.045743940076359776 0.08915649079507741
6 0.5784903833924768 0.9191073947964051 0.09708216656395598 0.05299298894287135
6 0.29815389873733006 0.8241525346026388 0.03957585398393992 0.038635504849088474
8 0.423961778997846 0.8733080207382583 0.04302634396613872 0.04478729585710687
5 0.437377333740872 0.9106319100928917 0.02240323707206702 0.032341381613279575
2 0.40775656539286925 0.9009999760385765 0.03098455596555835 0.03395939124341661
7 0.48497596152817907 0.9101381951777417 0.05255011835430101 0.07240808504352933
7 0.35747027887001165 0.8663521825277829 0.05255011835430101 0.07240808504352933