3 0.7959241080587514 0.14367219917012447 0.09481921633854101 0.12655601659751037
3 0.7130145676895028 0.2733402489626556 0.08362529142845374 0.2676348547717842
3 0.834217294942146 0.6270746887966805 0.10282215722209628 0.2572614107883817
3 0.7645565630693189 0.6203319502074689 0.1198744895889334 0.3039419087136929
3 0.6664666896269975 0.7411825726141079 0.18232712191091371 0.33402489626556015
3 0.4223987133058512 0.5057053941908713 0.106840385114522 0.23858921161825727
3 0.42417617151149073 0.6929460580912863 0.13487682961709085 0.258298755186722
3 0.20207380618975485 0.7593360995850622 0.15747526928328184 0.21887966804979253
3 0.31076710193241286 0.049273858921161824 0.08423816656878838 0.09854771784232365
1 0.48595301306653654 0.7837136929460581 0.12955070612323125 0.23340248962655602
0 0.4628524139950392 0.49118257261410786 0.03517184593150827 0.06327800829875518