7 0.7072760416666667 0.9275277777777778 0.029598958333333297 0.04021296296296302
7 0.7840052083333333 0.9264722222222223 0.02893749999999997 0.04012962962962956
5 0.8566979166666666 0.9266481481481481 0.017765625000000066 0.02736111111111107
2 0.8799843749999999 0.926962962962963 0.02170833333333325 0.03169444444444446
8 0.8274635416666667 0.9266574074074073 0.03314583333333327 0.031101851851851776
4 0.38703125 0.8088333333333333 0.04763541666666669 0.19358333333333327
3 0.30381250000000004 0.7381481481481482 0.04265625000000005 0.22629629629629638
3 0.31859375 0.5622592592592592 0.05972395833333337 0.16340740740740742
0 0.34347916666666667 0.2379074074074074 0.01519270833333337 0.027101851851851835
1 0.33611979166666667 0.3110648148148148 0.029317708333333314 0.05944444444444449
3 0.43286979166666667 0.4214351851851852 0.03852083333333335 0.1562685185185185
3 0.41611458333333334 0.5021296296296296 0.06751562500000005 0.19228703703703706
3 0.4967916666666667 0.5013703703703704 0.07021354166666664 0.2107222222222222
3 0.5154427083333333 0.3565555555555555 0.036203124999999996 0.1632407407407408
3 0.65425 0.38707407407407407 0.057411458333333346 0.16874074074074075
3 0.7354895833333334 0.38811111111111113 0.04841145833333324 0.19645370370370366
3 0.6986458333333334 0.6239537037037037 0.05644791666666672 0.22370370370370363
4 0.8035625 0.36141666666666666 0.03196875000000006 0.1504351851851852