6 0.6555310027582436 0.8694690265486725 0.09715482343658188 0.04277286135693215
8 0.5050937912098498 0.8510324483775811 0.043238346389115855 0.03687315634218289
5 0.5186620175775467 0.8856932153392331 0.023328200734371418 0.03392330383480826
2 0.4896573429542783 0.8805309734513275 0.029132512508832448 0.03392330383480826
7 0.44039305393866 0.8584070796460177 0.04497873039142625 0.061946902654867256
6 0.3807952789311439 0.8266961651917404 0.03741473833004148 0.030973451327433628
4 0.07763859309033266 0.6002949852507374 0.08639041233949825 0.3008849557522124
1 0.4531675199341594 0.12168141592920353 0.04672876253604327 0.08997050147492626
3 0.42072735314020054 0.40634218289085544 0.07718251769887038 0.2743362831858407
3 0.41831911170416286 0.5088495575221239 0.07978585759560583 0.30973451327433627
3 0.6692664888437718 0.47271386430678464 0.09877998257323822 0.2861356932153392
3 0.617116375347933 0.6991150442477876 0.13596316548791837 0.24631268436578171
3 0.9502983032819623 0.4918879056047198 0.09713607999399539 0.29056047197640117
3 0.8837679366921251 0.551622418879056 0.1096124835084955 0.3023598820058997