7 0.7209424083769633 0.9087523277467412 0.022513089005235604 0.04283054003724395
7 0.7955497382198953 0.9017690875232774 0.022513089005235604 0.04189944134078212
5 0.8706806282722513 0.8943202979515829 0.018848167539267015 0.028864059590316574
2 0.893455497382199 0.8924581005586593 0.022513089005235604 0.0335195530726257
8 0.8403141361256544 0.8971135940409684 0.03769633507853403 0.03445065176908752
1 0.2518324607329843 0.319366852886406 0.030890052356020943 0.054003724394785846
3 0.3565445026178011 0.33519553072625696 0.041361256544502616 0.1266294227188082
4 0.14345549738219895 0.521415270018622 0.04659685863874346 0.19366852886405958
4 0.29528795811518327 0.8212290502793296 0.05392670157068063 0.2132216014897579
4 0.7945026178010471 0.33472998137802606 0.029842931937172777 0.15083798882681565
3 0.7358638743455498 0.41852886405959033 0.051832460732984295 0.17318435754189945
3 0.650261780104712 0.5102420856610801 0.06335078534031413 0.19273743016759776
3 0.6301047120418848 0.5293296089385475 0.041361256544502616 0.19273743016759776
3 0.5049738219895288 0.5242085661080075 0.05392670157068063 0.19925512104283055
3 0.6136125654450262 0.6848230912476723 0.07591623036649214 0.20763500931098697
3 0.6748691099476439 0.6843575418994413 0.08691099476439791 0.25139664804469275
0 0.7146596858638743 0.6028864059590316 0.016753926701570682 0.032588454376163874
3 0.10157068062827225 0.7597765363128491 0.060732984293193716 0.22160148975791433
3 0.24031413612565444 0.6708566108007449 0.05287958115183246 0.21880819366852886
3 0.33586387434554976 0.44320297951582865 0.032460732984293195 0.1787709497206704