7 0.7072760416666667 0.9275277777777778 0.029598958333333297 0.04021296296296302
7 0.7840052083333333 0.9264722222222223 0.02893749999999997 0.04012962962962956
5 0.8566979166666666 0.9266481481481481 0.017765625000000066 0.02736111111111107
2 0.8799843749999999 0.926962962962963 0.02170833333333325 0.03169444444444446
8 0.8274635416666667 0.9266574074074073 0.03314583333333327 0.031101851851851776
4 0.3121145833333333 0.9046296296296297 0.06513020833333331 0.19074074074074074
0 0.8618385416666666 0.5411481481481482 0.02067708333333324 0.033462962962963055
3 0.8936302083333333 0.700287037037037 0.06910416666666658 0.2658981481481482
4 0.8899010416666666 0.39914814814814814 0.03963020833333341 0.18046296296296294
3 0.7666666666666667 0.44363888888888886 0.06328645833333345 0.2357592592592593
3 0.694875 0.48004629629629636 0.06364583333333323 0.21598148148148147
3 0.538953125 0.3589907407407407 0.08134895833333336 0.17757407407407405
3 0.44522395833333334 0.39924074074074073 0.049192708333333356 0.2176666666666667
3 0.334375 0.6286481481481482 0.06707291666666665 0.2926481481481481
3 0.3738489583333333 0.5701851851851851 0.06079687500000001 0.24305555555555555
3 0.49238020833333335 0.6026111111111112 0.053536458333333314 0.26413888888888887
3 0.6317447916666666 0.7661574074074075 0.11351562499999991 0.2747407407407408
3 0.19524479166666667 0.6544259259259259 0.04639062499999997 0.253287037037037
1 0.28259895833333337 0.31963888888888886 0.039286458333333364 0.07362962962962961
4 0.2073125 0.41957407407407404 0.04684895833333336 0.21120370370370367