4 0.7598627787307033 0.3318042813455658 0.06946826758147513 0.21406727828746178
0 0.3653516295025729 0.27293577981651373 0.024013722126929673 0.04128440366972477
4 0.17152658662092624 0.4954128440366973 0.10034305317324185 0.2492354740061162
3 0.37993138936535165 0.45565749235474007 0.08061749571183534 0.2492354740061162
3 0.32332761578044594 0.6314984709480123 0.07461406518010291 0.28134556574923547
3 0.39236706689536877 0.6934250764525994 0.08319039451114923 0.27522935779816515
3 0.6492281303602059 0.7652905198776758 0.09348198970840481 0.2889908256880734
3 0.7684391080617495 0.48547400611620795 0.06518010291595197 0.2400611620795107
3 0.8404802744425386 0.7301223241590215 0.08319039451114923 0.27522935779816515
3 0.9644082332761578 0.8440366972477065 0.04716981132075472 0.29204892966360857
4 0.8919382504288165 0.9625382262996942 0.07032590051457976 0.07492354740061162
3 0.354631217838765 0.3065749235474006 0.12778730703259006 0.30428134556574926
1 0.38850771869639794 0.2117737003058104 0.048027444253859346 0.07951070336391437
6 0.660377358490566 0.963302752293578 0.10291595197255575 0.05657492354740061
6 0.3786449399656947 0.882262996941896 0.04202401372212693 0.04128440366972477
7 0.5673241852487135 0.9617737003058104 0.05317324185248713 0.07339449541284404
7 0.4403945111492281 0.9220183486238532 0.05574614065180103 0.0779816513761468
8 0.5060034305317325 0.9258409785932722 0.05574614065180103 0.05045871559633028
5 0.5184391080617495 0.9625382262996942 0.0274442538593482 0.0382262996941896
2 0.4888507718696398 0.9548929663608563 0.032590051457975985 0.0382262996941896