2 0.07108108108108108 0.8208989955575571 0.024324324324324326 0.03775173302066631
5 0.09378378378378378 0.8302794293536531 0.02054054054054054 0.033866420704631015
8 0.12486486486486487 0.836688539724682 0.03891891891891892 0.050402772833066274
7 0.16783783783783784 0.8492245806189408 0.0372972972972973 0.048462913708611555
7 0.2464864864864865 0.8729298746213503 0.03891891891891892 0.0523258497561432
3 0.5532432432432433 0.6077360107581607 0.10594594594594595 0.3135964371566801
0 0.5067567567567568 0.3861017159156052 0.01945945945945946 0.034816771031917756
1 0.6516216216216216 0.37017942900278206 0.046486486486486484 0.08798108977282897
4 0.7240540540540541 0.4708721317002167 0.06918918918918919 0.21898527136134838
4 0.36108108108108106 0.9130900862368094 0.07405405405405406 0.11326638719625066
3 0.45837837837837836 0.6712177695387596 0.0891891891891892 0.2980384056911611
3 0.43945945945945947 0.5319904849650897 0.06486486486486487 0.19682513420895634
3 0.4016216216216216 0.4977666850485194 0.09513513513513513 0.22309994042954642
3 0.3848648648648649 0.6743824088217306 0.08054054054054054 0.31333351600176185
3 0.18783783783783783 0.3139214462891279 0.08 0.2652509988577129
3 0.45513513513513515 0.3976936416338227 0.11513513513513514 0.24926845937474368
3 0.5167567567567568 0.3797482256737757 0.07297297297297298 0.16710135290815278