6 0.6480578896654898 0.9080547112462006 0.09740365307584979 0.041033434650455926
6 0.36495766181420064 0.8541033434650456 0.0384951848090606 0.030395136778115502
7 0.554615445489272 0.9118541033434651 0.0454253677664242 0.06231003039513678
7 0.42628190050375603 0.8875379939209727 0.05055474972855893 0.06534954407294832
8 0.49199396925335276 0.8837386018237082 0.051328567751617524 0.041033434650455926
5 0.5055291919491228 0.9194528875379939 0.0231517150901467 0.034954407294832825
2 0.4769629482668177 0.9141337386018237 0.029972689638089623 0.03343465045592705
0 0.44238103881160673 0.13829787234042554 0.02316164312736685 0.037993920972644375
1 0.44539965305543877 0.128419452887538 0.042870604822577034 0.06382978723404255
3 0.39318032840337386 0.31155015197568386 0.09826242829538491 0.303951367781155
3 0.43283127622841244 0.3191489361702128 0.07291335960131295 0.3799392097264438
3 0.3380416698796774 0.47416413373860183 0.0708147174894824 0.25987841945288753
4 0.9768775001414074 0.2872340425531915 0.045133059548538614 0.23404255319148937
4 0.22989582994518643 0.40805471124620063 0.05544642767751831 0.256838905775076
4 0.5486529617208112 0.7781155015197568 0.06868132724738141 0.12917933130699089
3 0.7915691786265899 0.7264437689969605 0.09915041874647426 0.31458966565349544
3 0.6978895993173027 0.2803951367781155 0.07242688577753006 0.23100303951367782
3 0.661906698853851 0.45592705167173253 0.06831455875034556 0.27811550151975684
3 0.6382734739585314 0.6382978723404256 0.07612280412157817 0.31762917933130697
3 0.5092780858087356 0.4247720364741641 0.07676259364216591 0.25227963525835867
3 0.466137226411965 0.44072948328267475 0.08195154382762104 0.2735562310030395