4 0.2516068198116112 0.2459016393442623 0.049509749948537914 0.18032786885245902
3 0.5488292701649942 0.6045081967213115 0.10500006642254557 0.2192622950819672
4 0.34058445826577427 0.6987704918032787 0.05470820113404264 0.1834016393442623
3 0.7229025296531757 0.43186475409836067 0.04370914443974402 0.17315573770491804
3 0.4919241530501997 0.6132172131147541 0.0815436343565971 0.23975409836065573
4 0.8899348582440993 0.4144467213114754 0.044886672756128704 0.17725409836065573
1 0.303510587570013 0.1762295081967213 0.030889831504416577 0.060450819672131145
6 0.25866811636982634 0.8862704918032787 0.05382445023765647 0.04815573770491803
6 0.40996489777678513 0.9262295081967213 0.05903629158825802 0.05327868852459016
7 0.33503237702340094 0.9057377049180327 0.07575561280076983 0.0584016393442623
7 0.4877675934130985 0.9456967213114754 0.07286535267019544 0.05635245901639344
2 0.5572072809018818 0.9620901639344263 0.033652885066571596 0.0430327868852459
8 0.6266503159319392 0.9789959016393442 0.067017881583563 0.042008196721311473
5 0.6949024324805153 0.9897540983606558 0.02487498335407481 0.020491803278688523
3 0.4181175366228591 0.2807377049180328 0.06857743271127029 0.19262295081967212
3 0.46481970720751453 0.2515368852459016 0.06682453040179034 0.1885245901639344
3 0.5498145777575218 0.27100409836065575 0.05231966908853171 0.17008196721311475
3 0.4884773948559795 0.34989754098360654 0.07030355469055695 0.19262295081967212
3 0.5356584653958767 0.4380122950819672 0.08227928722478857 0.1762295081967213
3 0.5894295565261788 0.5220286885245902 0.07855964307034541 0.22336065573770492
3 0.621058388440061 0.5194672131147541 0.07287285396487418 0.2336065573770492