7 0.7183469255198274 0.9127956653887971 0.02473958360716653 0.045885244991740744
7 0.7962634651084418 0.8990374525228371 0.02473958360716678 0.045885244991740744
5 0.8741815942680429 0.8847938027636731 0.020323490920088404 0.03224782495437414
2 0.8979663922102009 0.8806705751877281 0.024710971329408037 0.03714738091407084
8 0.8427417543888812 0.8902942637208284 0.040021055203414715 0.040218156870096916
1 0.3482518362466988 0.37060242928553977 0.037946532822750005 0.07417614588053971
4 0.31666257669479686 0.42173395820386017 0.041527239834794186 0.16644304586002098
4 0.4473086741537072 0.9074946622066791 0.06728659935144055 0.18501067558664186
4 0.9319648948798501 0.34411062563321 0.04977800655981417 0.1830326259058116
3 0.9679333226541801 0.45759303891712116 0.05645301186200264 0.2190227365443859
3 0.5685324087501489 0.3539466869688553 0.0645098509266575 0.1763890156193027
3 0.4726307694058866 0.35295539654961 0.06014462451115015 0.17828557616446036
3 0.4782061559173069 0.4860272374505037 0.07220145299635262 0.18908945214100506
3 0.4631136611024847 0.5057748196642888 0.061383761216780804 0.2229570670961321
3 0.5701141641249678 0.5384352999001599 0.0685034820632589 0.22788486494811494
3 0.4182904296282271 0.5931785544899268 0.06356637442453442 0.2220087868235533
3 0.3388281482995477 0.6617770153417827 0.0761505761453292 0.22699306846010855
3 0.3297608885853536 0.6772177976797624 0.07895593684787136 0.2493514074397733