8 0.18246443291270378 0.9843331154002387 0.039381234909183147 0.031333769199522674
7 0.22775793792922325 0.9789538170057156 0.027777963121254332 0.04105939244858046
2 0.12952975343446232 0.9876394108374313 0.022400764841589118 0.024721178325137424
5 0.15122903176963115 0.9869278827045224 0.021354877067482333 0.026144234590955284
7 0.3032378779936849 0.9678032874570759 0.025686187573040708 0.04478204384794379
0 0.8296926062798358 0.3717492411300712 0.017694269858108624 0.03614311653905818
3 0.8491615846207305 0.3886329831059244 0.06624949775527365 0.26122372742300215
4 0.6994112993105924 0.2664009141681141 0.049582645745130605 0.22039442642720025
3 0.4511240706859542 0.403934007391469 0.063044111370435 0.25644988907948574
3 0.09251322510180852 0.5401242407764961 0.08318071468649067 0.26157434297009324
3 0.4296081942078637 0.6596436571041897 0.07950779419302259 0.26620574374760403
3 0.05806954459635002 0.5069206988723294 0.05627046740692931 0.2723149844701655
3 0.0438276681788718 0.3380530476947367 0.07027913280052253 0.23023793498209133
4 0.3702987550948448 0.8641574135250246 0.07430913853272446 0.2716851729499507