1 0.3919091460474876 0.22483396512165385 0.04277929248950868 0.07313160402302905
4 0.28256045768626664 0.3237090527616093 0.06422055124294664 0.20989101220850676
4 0.7335707932577136 0.3745466272942816 0.05967209091563268 0.17055256167954055
4 0.6928229197961187 0.9231202745393146 0.06951719990782078 0.14020356456421365
0 0.7447108849495319 0.5709016972683405 0.018903458399450474 0.03654008468916743
3 0.7253352971275807 0.5593139016331572 0.10674591635396614 0.20541947281306827
3 0.6934050206604795 0.5100354391715951 0.09587619175143229 0.260314996785348
3 0.7236615830321129 0.46993722636255536 0.05421472872006922 0.1911240957678415
3 0.8015798140066765 0.4745341674201735 0.05697073111806823 0.18918803402820958
3 0.8102067649106999 0.8315297070051952 0.09867076539679659 0.27016675429915443
3 0.6715178991860405 0.6595792722829348 0.07315675836688525 0.23945199971044706
3 0.46146349424623007 0.45938767846992107 0.0974565078202371 0.23675650316003652
3 0.3572171753566122 0.5135129926489688 0.07756379078719242 0.23556844631014018
3 0.30593220382654945 0.45903180331450255 0.0659905092779652 0.2442892965792659
3 0.11936562712684433 0.5984908754078311 0.09812792202079261 0.2731079941519922