7 0.7277374988129602 0.9732025189199619 0.02287888369329707 0.038697078129998015
7 0.8110443573803735 0.980437020876131 0.016568823808783297 0.022437972737366144
8 0.8588093806175437 0.9850031163173047 0.041564171762077155 0.012575608882793342
4 0.6127566196111314 0.9111358291797985 0.07619357580158462 0.1657629264826489
4 0.3605355836743683 0.28826191210034197 0.06609366047283607 0.20816705508933186
3 0.8709230328290944 0.4115165566648785 0.07134879757309157 0.24971802722323722
3 0.5718945980260447 0.44801176877586746 0.07763569203742532 0.25889211237295434
0 0.2749598413162155 0.36606826278014293 0.02002812393242006 0.036643344173464924
3 0.25380729833899673 0.39867480094107943 0.07655429448724677 0.2760868131223249
3 0.47636436192500226 0.5259211680606195 0.07781108736164635 0.31253583706931065
3 0.6205437334884583 0.7040784173653886 0.07148448074843251 0.29121600293173927
3 0.7100303120370584 0.5609503906797463 0.09070550357369164 0.2549789646863672
3 0.8820125801933627 0.847115754786497 0.11413666875216794 0.2886212025631379
1 0.39921278249913 0.20183205024584858 0.045215413938634874 0.08548543376018772