3 0.7624427083333334 0.7976851851851852 0.10536979166666664 0.4046296296296296
3 0.719953125 0.8560185185185185 0.045390625000000046 0.287962962962963
3 0.6448125 0.7356481481481482 0.1971979166666666 0.5287037037037037
3 0.5967239583333334 0.7412037037037037 0.28018750000000003 0.5175925925925926
3 0.28001041666666665 0.7949074074074074 0.15926041666666665 0.4101851851851852
3 0.22330208333333335 0.8643518518518518 0.05626041666666666 0.2712962962962963
7 0.47166145833333334 0.8807592592592592 0.03421875000000003 0.059675925925925966
7 0.5276302083333333 0.8790370370370371 0.02949999999999999 0.05622222222222225
2 0.480234375 0.8217592592592593 0.08886979166666673 0.026842592592592602
8 0.5521927083333333 0.8231296296296297 0.03278645833333324 0.029601851851851876
1 0.864234375 0.12234259259259259 0.10895312500000003 0.1909907407407407
1 0.38196875 0.7685740740740741 0.017338541666666648 0.038999999999999896
0 0.6857916666666667 0.8473518518518518 0.06873958333333334 0.13359259259259257