7 0.42571794539237207 0.8953202551468935 0.049716277132124974 0.06818884649951644
7 0.5506715784601538 0.8837288700228542 0.048009140404888545 0.059198888130951824
6 0.6135080691423802 0.8596582789932741 0.03785417317619978 0.03212480956135652
6 0.33381160271762494 0.879985706109782 0.09827638065878687 0.039345400381914745
8 0.48771795026495524 0.8719785655300462 0.05214520252088587 0.041375276589676456
5 0.47315387972423634 0.9074955342827195 0.024441115843667725 0.034832008284483074
2 0.5012481451104595 0.9050922623293078 0.02863086598644382 0.03342630719096857
3 0.30361646286003074 0.3682011899635896 0.09632088605162224 0.2109350896947398
3 0.5047833181373359 0.44698751056932956 0.06931906511709997 0.1626181438574103
3 0.5802476280043765 0.43661026402040065 0.04604388433830976 0.2278035028169112
3 0.6537927690694874 0.4806672113018109 0.0745527320820741 0.22391637717205887
0 0.6504031789311194 0.5984995064650782 0.0252849227478715 0.036341912841899374
3 0.759892806162346 0.6037510064318178 0.07700118038966351 0.20307295651595023
4 0.703233005305588 0.3361781742591401 0.029148223335404518 0.19163526241484907
3 0.5339361425348788 0.5117657849643794 0.05584743902808183 0.14741489481934267
3 0.5283833471092224 0.6094054082863443 0.09802314204915144 0.2184325107498714
3 0.6039233082867242 0.6221624900956243 0.10320312098734662 0.2633128336167588
3 0.4233467497573907 0.5549956968182314 0.04440995855668099 0.24120160414983946
1 0.6460005577109434 0.2782807837578002 0.036312981259007546 0.0738811198495084