6 0.6379707707713215 0.8746546234835095 0.09649542483136221 0.037654964938243246
8 0.4876125277903776 0.8674137934842415 0.042948622665125884 0.03563420403250686
5 0.5021355106328377 0.9002557113409986 0.022345957377134296 0.032488389156738615
2 0.47329561305489537 0.8976217289999187 0.0281120199800997 0.03254810295245227
7 0.423807523514164 0.8783388401269822 0.04384902239904306 0.059103145131936326
6 0.3639965360624275 0.8510980669030734 0.03633966770693494 0.029700857055252307
4 0.05690057545819869 0.6489928362427734 0.08004067857660792 0.29554033968013455
1 0.41770702434565316 0.1459725354849723 0.04476859125919052 0.08843718887066214
3 0.3926918413952667 0.4314318634014607 0.07172197750017766 0.2705283480406776
3 0.3930249049635215 0.533338021759232 0.07348443871555084 0.3057360249609443
3 0.6412097286510146 0.47944641517858233 0.09234381191439991 0.27953926555574204
3 0.5950027043805068 0.7079385211891754 0.13092461979355424 0.23888448256617423
3 0.9307604243466714 0.48011361872909436 0.11213713081806935 0.2870753768687376
3 0.8560028863335414 0.5424734757859814 0.1031097212700271 0.29724547052281286