7 0.7420677328236083 0.9130756626732458 0.034880461806200934 0.048713034761993096
7 0.8271742120643029 0.9008789332676795 0.03372305439879352 0.048701063918760806
5 0.907647694875709 0.8897588938194052 0.020941070922425017 0.03313728587777208
2 0.9336977785415235 0.8869175333857703 0.025587534550350323 0.03832920217251242
8 0.875226820269665 0.8942093037673614 0.038322382831490885 0.039489688032431185
4 0.5441881009531918 0.9038058044380058 0.09955089007333813 0.1820934659441084
4 0.8706230203939755 0.6211180171245673 0.09835010010802663 0.34565575659284
3 0.8795083719722405 0.8236941547872414 0.1009372398575655 0.25206428452396623
3 0.6229647696060633 0.6154493249014077 0.09160429684347014 0.40628352001081175
3 0.49655167834339525 0.6064690736809281 0.07239933703215623 0.37316419039788834
3 0.27666149077194796 0.42665075388460494 0.09599488369730243 0.3332861358940295
3 0.30443123738824246 0.25198672301926034 0.06979834424631627 0.2856916890406416
3 0.35772714448569415 0.41140950267726567 0.0878896650457915 0.3321735334070405
3 0.4231797749170795 0.30425466126396067 0.05428781543472638 0.32050950652531685
3 0.5229588356919085 0.4060998417605704 0.09493174668035025 0.362080749412937
0 0.6000966445861188 0.26487467463099057 0.024453694740556756 0.04551887741981488
3 0.6277662989371402 0.4744579321816729 0.07631222417205821 0.33102501839035414
3 0.5890150349867764 0.468171712631605 0.07009798941597775 0.3772554750488721
1 0.5993398863381464 0.14245866193512838 0.05355048630937947 0.09520086455000812