4 0.042021664095954814 0.21350189985074547 0.07192227346979474 0.13369420133378185
3 0.3132738865355638 0.06132320419378517 0.08292591113939866 0.12264640838757034
3 0.36643104380046776 0.2199750346087474 0.061537183905652694 0.23563973089742404
3 0.21368812234916917 0.4799654064774217 0.08039268874668634 0.22179089370004046
3 0.2751170258702257 0.5022681348595548 0.09328148571810815 0.2612474741452306
3 0.34442174041343004 0.64807648665753 0.15022770303862096 0.27775339701000884
3 0.5882624877617474 0.5411590359340643 0.08500704607859054 0.20311332859545125
3 0.5614073965493155 0.7043473071519828 0.11034981907601066 0.21554708873676762
3 0.7459507720325849 0.8527079953464005 0.13428475465174272 0.17366283796083493
3 0.7530471053368656 0.12983704007097982 0.06918082696237242 0.19733192888166035
4 0.9242252838085057 0.10887187650491197 0.1141132759690407 0.14723860806119418
1 0.49552893703643525 0.7588644605335032 0.10704494261113807 0.1930424941872678
0 0.5550343486482086 0.5120105642046596 0.02876400999698346 0.052728616863100625