7 0.706421875 0.9275092592592593 0.01832291666666658 0.04021296296296302
7 0.7828593749999999 0.9273518518518519 0.012869791666666686 0.04012962962962956
5 0.8571822916666666 0.9266481481481481 0.017765625000000066 0.02736111111111107
2 0.8799843749999999 0.926962962962963 0.02170833333333325 0.03169444444444446
8 0.8269895833333333 0.9266574074074073 0.03655208333333325 0.031101851851851776
4 0.5989687499999999 0.9074074074074074 0.05967187500000008 0.18518518518518517
4 0.3324947916666667 0.35953703703703704 0.04963541666666664 0.18204629629629632
3 0.8045000000000001 0.3894722222222222 0.05198437499999997 0.21969444444444441
3 0.5341406249999999 0.4708333333333333 0.05709895833333339 0.2268611111111111
0 0.25886458333333334 0.4439166666666667 0.016468749999999973 0.030833333333333292
3 0.2415520833333333 0.47683333333333333 0.05525520833333332 0.24255555555555558
3 0.45145312499999996 0.5569907407407407 0.05422395833333328 0.2769351851851851
3 0.592953125 0.6955462962962964 0.04971875000000002 0.25775925925925935
3 0.6665156250000001 0.5510277777777778 0.06977083333333335 0.22056481481481485
3 0.8412916666666667 0.8122037037037036 0.08598958333333329 0.3058888888888888
1 0.3627916666666666 0.27466666666666667 0.03731770833333338 0.07155555555555553