6 0.782453125 0.8490740740740741 0.0453854166666666 0.03149074074074073
6 0.78309375 0.8878055555555556 0.040421875000000065 0.03857407407407415
7 0.8281510416666666 0.8490925925925926 0.028453125000000058 0.03521296296296294
7 0.8274739583333334 0.8886203703703704 0.027104166666666648 0.03650000000000007
8 0.8785989583333333 0.8472870370370371 0.043932291666666616 0.03531481481481491
2 0.8646197916666666 0.8911296296296296 0.024307291666666706 0.03040740740740733
5 0.8948020833333333 0.8888333333333334 0.01975520833333325 0.0323518518518519
0 0.8602604166666666 0.5805462962962963 0.017666666666666705 0.03887037037037039
3 0.8723854166666667 0.5924907407407407 0.05651041666666667 0.2220185185185185
4 0.8784479166666667 0.5426666666666667 0.031130208333333322 0.20385185185185187
3 0.6685052083333333 0.5850555555555556 0.029994791666666742 0.24048148148148152
3 0.540109375 0.4960925925925926 0.10028645833333337 0.21070370370370364
3 0.5191927083333333 0.3937407407407407 0.043864583333333346 0.1837777777777778
3 0.25906770833333337 0.4310833333333333 0.052791666666666674 0.19550925925925924
3 0.25026041666666665 0.3263888888888889 0.034375 0.19350925925925927
3 0.215703125 0.4479074074074074 0.04730729166666669 0.19581481481481483
3 0.4270729166666667 0.6195648148148148 0.09296354166666668 0.23912037037037037
3 0.3995416666666667 0.5871111111111111 0.06915104166666666 0.25200000000000006
3 0.42525520833333336 0.6183148148148148 0.05391145833333333 0.2736666666666666
4 0.236578125 0.31012962962962964 0.028640625000000006 0.1572962962962963
4 0.3350208333333333 0.7085462962962963 0.04636458333333333 0.24302777777777781
1 0.57859375 0.2414537037037037 0.03292187500000002 0.06110185185185186