8 0.11910782642338887 0.8594921964353355 0.0419381745809453 0.04193313956108855
7 0.16654318168189397 0.8698651454954508 0.029735345781171596 0.04477109187745116
2 0.06449226802463326 0.8426215875061072 0.024677165513826146 0.035826071651859755
5 0.08665630997951006 0.8517448218859868 0.02359191229931298 0.039767143134446924
7 0.24614257889527583 0.8894648081218066 0.029761203677769573 0.04872366104741164
3 0.8451350939812071 0.8373587919373248 0.08146743563193468 0.22513613388614367
3 0.6808501968173273 0.5564896900465386 0.09097006034372447 0.234127144861229
1 0.6890489438574233 0.32236895285062095 0.037132108805430004 0.07152566874261176
4 0.6853956190536902 0.3712475032667616 0.04169976748001545 0.17532085135988112
3 0.6284893776221917 0.492208372030688 0.07825046283329205 0.24288820208884565
3 0.5723006928212866 0.5034854463282111 0.0587413736473526 0.23280556963490956
3 0.5260473632788867 0.5247474227369965 0.06142864878703752 0.2190003217584814
3 0.4743380936982972 0.6581146841720732 0.08428400025460936 0.23109373185951812
3 0.4271478046255217 0.7376713069940887 0.08045329163306582 0.23994677058612215
4 0.6276189327958331 0.8375784753652012 0.07087309323148222 0.21909805210115563
3 0.2965196591131003 0.36524702810108095 0.05352804600041951 0.20014513438955508
3 0.2508026863144578 0.3469861872321049 0.07421935551311436 0.22110882974825613
4 0.09645559820355643 0.2455798883020095 0.08567915900699732 0.18960900210599332
4 0.08670311818375934 0.5048838818472082 0.08051147190041125 0.24884005121853323