6 0.34967585089141007 0.8436749186792899 0.09238249594813615 0.031215032562606607
6 0.6195299837925445 0.8709621482571691 0.03646677471636953 0.02631383622693511
7 0.43719611021069693 0.8733987308112542 0.041329011345218804 0.05662350046161208
7 0.5595623987034035 0.8854714862888541 0.04294975688816856 0.058081188731960484
8 0.49756888168557534 0.863936811965312 0.04051863857374392 0.035001284568512814
5 0.48176661264181525 0.8933122475830159 0.02106969205834684 0.031918247226347035
2 0.5105348460291734 0.8964916898860258 0.02025931928687196 0.02758709761566851
0 0.5251215559157212 0.37430829065922055 0.02106969205834684 0.03624101379695222
3 0.4866288492706645 0.3998466956793641 0.0640194489465154 0.23120981059807713
4 0.21150729335494328 0.19022831928048897 0.07860615883306321 0.21262871684677614
4 0.9590761750405187 0.8060308380133512 0.07293354943273905 0.2500340125115071
3 0.5879254457050244 0.24023175148104914 0.04862236628849271 0.20655485560325265
3 0.4351701782820097 0.5606976579372954 0.10453808752025932 0.2734157061175984
3 0.489870340356564 0.6361914670327413 0.10696920583468396 0.2705590108574153
3 0.34683954619124796 0.40416431002750564 0.11912479740680713 0.24907092360549052
3 0.25121555915721233 0.385884045016421 0.06807131280388978 0.2442200255102597
3 0.136547811993517 0.510778536488683 0.06969205834683954 0.26585062444343244
3 0.706645056726094 0.4273388293878286 0.07455429497568881 0.22411417916802298