7 0.2413706232119875 0.8572778827977315 0.023027069941780734 0.04725897920604915
7 0.16494490367787065 0.8279773156899811 0.017701731824960574 0.045368620037807186
5 0.09064839101338444 0.7991493383742911 0.021388000996379972 0.034026465028355386
2 0.06774974657009022 0.7911153119092628 0.025661887687266016 0.03969754253308128
8 0.12073871758664587 0.8104914933837429 0.040570977660167484 0.0444234404536862
4 0.3525748764715197 0.8676748582230623 0.08040305751722353 0.1880907372400756
4 0.6811983672307422 0.43100189035916825 0.07193264889357569 0.2003780718336484
3 0.2057125165497211 0.2826086956521739 0.0789744207139211 0.2391304347826087
3 0.46668520749829845 0.4659735349716446 0.08485333585663309 0.24763705103969755
0 0.7451289059714862 0.5430056710775047 0.020333454980120822 0.036862003780718335
3 0.7585552038103982 0.5822306238185255 0.08490284930183291 0.2627599243856333
3 0.5394093622305104 0.5831758034026465 0.08820574391523398 0.29678638941398866
3 0.38170915195550287 0.668241965973535 0.08122276931106322 0.27599243856332706
3 0.32502891523976146 0.4962192816635161 0.09708428381949963 0.24669187145557656
3 0.11981533701691935 0.6909262759924386 0.12344519427793141 0.33742911153119093
1 0.6609374578021189 0.33506616257088845 0.04602319398031167 0.08506616257088846