7 0.6873040997793943 0.9961326292468713 0.038531863876835486 0.007734741506257414
0 0.4681265739136434 0.5116005951125516 0.02431647500641872 0.04346873667249973
4 0.17149465142986323 0.27550097129116285 0.07048986715276492 0.2182400183501697
4 0.7138680574050648 0.3907148060052762 0.05681433900243984 0.23651062251352206
4 0.4609366834584492 0.9123963660934351 0.058290073722334385 0.17520726781312979
3 0.7101682651386412 0.8549623230873501 0.08493860853757744 0.2683401525202831
3 0.5967049452053184 0.7681488201433742 0.12247386282867165 0.3218472341959644
3 0.5356392155814377 0.7434499901286589 0.07900653383613959 0.30239484335215816
3 0.6551795064607981 0.5887063159909587 0.09702652062548953 0.26859014585653296
3 0.5104992472212797 0.280559023039625 0.05844670760186021 0.23166190001391973
3 0.5225921373907625 0.3662525534591419 0.08264171143640162 0.23802126168641957
3 0.5288184833594255 0.5060203059605339 0.08323271791307346 0.2507279375198854
3 0.4631655359196573 0.5066155126113585 0.08639836020854096 0.21075705502068098
3 0.25509799291124907 0.5555314654777812 0.09212302160765563 0.28118318835533973
3 0.091708378169901 0.5741235300216752 0.09769744234681711 0.3057108841899989