2 0.08278898624075445 0.88940329218107 0.024467167409292848 0.024691358024691357
5 0.10743776426607428 0.897633744855967 0.0209680098781144 0.0205761316872428
8 0.1410261474762258 0.9012345679012346 0.040152771854444325 0.033950617283950615
7 0.1873998827857712 0.9130658436213992 0.03841666074333321 0.033950617283950615
7 0.27231128500952534 0.9331275720164609 0.03958753580521873 0.0360082304526749
1 0.7269643790372884 0.32664609053497945 0.043295441980807974 0.0720164609053498
4 0.8163042069512103 0.492798353909465 0.06044188149797894 0.21604938271604937
4 0.3596318990322213 0.2602880658436214 0.05727227606265933 0.17386831275720166
4 0.2927942566070004 0.8353909465020576 0.06816663902444388 0.15843621399176955
0 0.3110822032439715 0.44650205761316875 0.018754202471885466 0.0360082304526749
3 0.3325009741082476 0.44753086419753085 0.10666410569464578 0.20473251028806586
3 0.37340038990851704 0.41872427983539096 0.09260054273639631 0.2664609053497942
3 0.35131517286700215 0.360082304526749 0.05048270964471316 0.19753086419753085
3 0.2731933370611942 0.31635802469135804 0.05335602668151447 0.19444444444444445
3 0.19617686251972832 0.6625514403292181 0.09497596199636267 0.2757201646090535
3 0.3666451007850484 0.5802469135802469 0.06874574816700242 0.24691358024691357
3 0.6130312654713787 0.51440329218107 0.09531898174669956 0.2397119341563786
3 0.7058195444927589 0.6327160493827161 0.07392714619137966 0.24279835390946503
3 0.7670240936269508 0.6116255144032922 0.06126300298228881 0.25308641975308643
3 0.9252098662387511 0.8631687242798354 0.09438379063818066 0.2736625514403292