6 0.35040983606557374 0.8695147554579933 0.09344262295081968 0.03449450816100435
7 0.44016393442622953 0.8791897589044942 0.04344262295081967 0.057300794431458565
8 0.5012295081967213 0.8564979634539347 0.047540983606557376 0.03693503517352114
2 0.5151639344262295 0.8872543819769467 0.027868852459016394 0.02506968835797733
5 0.48770491803278687 0.8906145899963825 0.020491803278688523 0.027908813039757938
7 0.5643442622950819 0.8644396149050185 0.04918032786885246 0.06319106383186193
6 0.6233606557377049 0.8366245766344483 0.036885245901639344 0.029536155016753596
1 0.30450819672131146 0.16568706089616603 0.04262295081967213 0.08353138068537855
4 0.6323770491803279 0.6975050374623207 0.07950819672131147 0.22239698176627207
4 0.8 0.15113440509547 0.05491803278688524 0.2236002836695831
3 0.6782786885245902 0.4363181547646728 0.06721311475409836 0.27183245195991007
3 0.5454918032786885 0.42984222410960754 0.06885245901639345 0.2587298800351607
3 0.5073770491803279 0.3594770213600311 0.07459016393442623 0.23109245264256115
3 0.5344262295081967 0.3371621356220742 0.06475409836065574 0.23244840897239866
3 0.4954918032786885 0.4162053616920153 0.10245901639344263 0.2313807998926669
3 0.40942622950819674 0.364294469374012 0.08852459016393442 0.2079130111072641
3 0.40081967213114755 0.24977393407807166 0.07704918032786885 0.23403334694202593
3 0.4155737704918033 0.5633376672217993 0.07377049180327869 0.2821043800043527
3 0.1901639344262295 0.7031337266999149 0.06393442622950819 0.24993263954118736