4 0.3738953413371582 0.8796286509831005 0.07611080785765617 0.19088830434746562
1 0.5079358881736911 0.3345530326619284 0.05353231287677167 0.09085167790046071
3 0.6589537537247824 0.7493128938115009 0.11091409821734867 0.27964528258691534
3 0.5070984014950258 0.5850200224483195 0.06393616703825657 0.29151603446584673
3 0.4929082363833957 0.6697618044446878 0.09732147932614768 0.3270300130288499
3 0.3361776377184191 0.55589616839842 0.08486022938486615 0.3021879882326028
3 0.31053501510330117 0.348000541407406 0.05281162816693742 0.22581607572419368
3 0.32684187696110595 0.38917891334263455 0.08563729114259507 0.2575222426619011
3 0.05930003846456179 0.4984023896503025 0.08873421715109657 0.32218867721423466
0 0.5167065264333236 0.34254163133884774 0.02380320125809611 0.04206842634190311
6 0.16415823007248886 0.7762914989209436 0.04784870491563236 0.03946557685663026
6 0.15988619036890514 0.8162569302171243 0.04092172321182293 0.04319596489128565
7 0.11824670636573142 0.7648849717001661 0.029132127375525407 0.03927201788003013
7 0.11503796289023911 0.8057899128256035 0.02915079484098381 0.04212372890664588
8 0.06889035927252768 0.7487615394354451 0.04251355630971692 0.04131141497629792
2 0.07712916209235478 0.7971521427843279 0.025345254448101005 0.03257931368927258
5 0.04778273351557691 0.787475318297258 0.02374719886172084 0.033513293262055203