4 0.8897569444444444 0.06727296340831003 0.06655092592592593 0.13454592681662006
3 0.6385995370370371 0.31806544752763893 0.08391203703703703 0.23939015200927705
3 0.4704861111111111 0.15899165486587877 0.05381944444444445 0.17395283227636307
3 0.31626157407407407 0.5387252024476803 0.09085648148148148 0.23850500040601466
4 0.44675925925925924 0.71092280526941 0.06481481481481481 0.20915970986475063
3 0.1597222222222222 0.715317334611659 0.0931712962962963 0.24678333807461197
0 0.3532986111111111 0.23600431003819322 0.019097222222222224 0.03331686189761295
3 0.40335648148148145 0.37745850898358846 0.0931712962962963 0.21900556029683396
3 0.41608796296296297 0.4065161291725598 0.07581018518518519 0.21453119650663593
3 0.4114583333333333 0.33716745471551524 0.07465277777777778 0.2309681593595802
3 0.39207175925925924 0.2609224010027728 0.041087962962962965 0.10578823024311211
3 0.36747685185185186 0.2984682160978716 0.06481481481481481 0.22562061521454474
4 0.2974537037037037 0.27368216925606015 0.05844907407407408 0.1915383141979193
1 0.375 0.15839489439509583 0.03819444444444445 0.05737446453596665
6 0.7717013888888888 0.7973079451635552 0.05439814814814815 0.05462323973877971
6 0.6197916666666666 0.8570347600150312 0.05960648148148148 0.05884620731205323
7 0.6941550925925926 0.827718676814643 0.0763888888888889 0.06639501960691273
7 0.5422453703703703 0.8853878784973946 0.07349537037037036 0.06427755019606345
2 0.47511574074074076 0.909924691462841 0.034722222222222224 0.04598576461743329
8 0.40306712962962965 0.9376496797929861 0.05439814814814815 0.05565204632314184
5 0.3353587962962963 0.9616840607146764 0.03587962962962963 0.05115374003609385