3 0.08595571095571096 0.7969048940733298 0.08682983682983683 0.3078151161482298
0 0.23076923076923078 0.470547590429209 0.022727272727272728 0.0450765623291435
1 0.3333333333333333 0.28802471222439463 0.041375291375291376 0.07658315331566919
4 0.30536130536130535 0.3559100539603738 0.03671328671328671 0.17918368399227425
3 0.29953379953379955 0.5725943272646364 0.08508158508158509 0.2559116844465626
3 0.2768065268065268 0.6628912089188954 0.12412587412587413 0.27746730227065874
4 0.4347319347319347 0.9053422130497903 0.06818181818181818 0.18931557390041942
3 0.9688228438228438 0.8416441274816943 0.05536130536130536 0.28745376045597826
4 0.9481351981351981 0.4413193558031128 0.04312354312354312 0.23118368045302107
3 0.7406759906759907 0.4105699418663969 0.049533799533799536 0.22509239060671393
3 0.5967365967365967 0.42937273729496134 0.053613053613053616 0.22828891796592926
3 0.6258741258741258 0.5938766819769677 0.08158508158508158 0.26413801606397497
3 0.7473776223776224 0.6830116582718891 0.05944055944055944 0.24604447868656285
3 0.24592074592074592 0.60623486987962 0.06993006993006994 0.292942247319803
3 0.4370629370629371 0.5469160167031261 0.06585081585081586 0.2586253880103802