7 0.3050876890141967 0.9915506958250497 0.02860213011674545 0.016898608349900597
0 0.762016771852951 0.5134194831013916 0.01697429595780994 0.032803180914512925
4 0.9287084879075573 0.5457256461232605 0.06969706406266672 0.2355864811133201
4 0.44102980893212484 0.8921471172962226 0.09973465005742536 0.21570576540755468
1 0.6824099094125659 0.25745526838966204 0.0339680936812105 0.06858846918489066
3 0.6582940873016054 0.4140159045725646 0.07671261153092049 0.1978131212723658
3 0.6096354803437912 0.40556660039761433 0.08857446687694372 0.21769383697813122
3 0.7158948834354395 0.5084493041749503 0.0797724317500448 0.23856858846918488
3 0.5547930098538694 0.47664015904572565 0.06920341073009162 0.24552683896620278
3 0.500274981696876 0.4691848906560636 0.06677375620267677 0.21570576540755468
3 0.44011244315792175 0.581013916500994 0.05230712183464416 0.22465208747514911
3 0.23064045601668925 0.4140159045725646 0.08162353389827055 0.17992047713717693
3 0.06403688930296225 0.48061630218687873 0.06158980911705773 0.1918489065606362
3 0.7104522826936369 0.7440357852882704 0.10489259478892371 0.2355864811133201