2 0.07215104166666667 0.9454074074074074 0.09145312499999998 0.027842592592592637
5 0.22393229166666667 0.9454074074074074 0.028354166666666635 0.03897222222222225
7 0.17538020833333334 0.8503333333333334 0.035416666666666666 0.056212962962963
7 0.12305729166666667 0.848675925925926 0.039104166666666655 0.0529074074074075
4 0.5657083333333334 0.7560462962962963 0.05356770833333328 0.2120833333333333
4 0.7551770833333333 0.3539629629629629 0.04084375000000004 0.18570370370370365
0 0.7831354166666666 0.12503703703703703 0.01758854166666666 0.03525
1 0.6961614583333334 0.25099074074074074 0.03739583333333343 0.06493518518518518
3 0.18478645833333335 0.4066851851851852 0.06047395833333334 0.20966666666666672
3 0.46738541666666666 0.6753611111111111 0.09026041666666665 0.28775
3 0.5652291666666667 0.5445833333333333 0.03802604166666678 0.2632407407407407
3 0.59009375 0.4564722222222222 0.03775520833333322 0.2388703703703704
3 0.6338281250000001 0.5463888888888889 0.04605729166666658 0.2742592592592593
3 0.650765625 0.4969166666666666 0.029932291666666562 0.24568518518518512
3 0.6823854166666667 0.4276203703703704 0.04942708333333338 0.2367222222222222
3 0.7711354166666666 0.43854629629629627 0.03941666666666658 0.23264814814814813