2 0.9051155866077901 0.9066140863027621 0.022568782910900306 0.03373451924496334
5 0.8821038229372232 0.9113666050297863 0.01881613398606975 0.030805382007051414
8 0.8510846690175382 0.9116756439069661 0.03703839697406041 0.043538866624873385
7 0.8080209849806106 0.9155380941880864 0.034896248401969025 0.042544052733356146
7 0.7291113126741853 0.9238876019003583 0.03651297103258056 0.04637951676416148
1 0.32980443243442514 0.29533925767170044 0.037638490250012355 0.06351190469851326
4 0.24190305094429215 0.4365916390954691 0.048234477508586476 0.19680190946649107
4 0.6705083664430985 0.28337363605554733 0.047037402095619005 0.15780640366141674
4 0.7128651088639536 0.8223089729483225 0.0576796998994767 0.14186792559048678
0 0.7089655721865514 0.4614624496517861 0.01614544833356245 0.03170064791261652
3 0.6894515223174157 0.4596328717510051 0.09150020730699557 0.182488715864776
3 0.6523884145012454 0.42749531878893154 0.07618507653067422 0.24110331134899327
3 0.6747489293727917 0.37662354713395724 0.03909067905575955 0.18045417856442397
3 0.7481151846127205 0.3462947822340186 0.042289901788683255 0.1776688328617763
3 0.8077354732759906 0.675972246177689 0.07781735485596754 0.24969162709082512
3 0.6535026881936382 0.577243330348254 0.05474492397614202 0.22545175038058693
3 0.4283925101654694 0.48370283934329283 0.07984750242635077 0.21646590866295104
3 0.3390315185610098 0.5807205171925298 0.059542202506059176 0.22079844665551265
3 0.28350521275866347 0.5524789301575633 0.0472769597937172 0.23100032001122653
3 0.12931993725230098 0.7660344935172332 0.07782668827277658 0.25254333811744106