0 0.32353241240926944 0.7050441236252829 0.023790412194554397 0.041353713682296435
3 0.3976602756210813 0.6857351948622923 0.09773444825374364 0.2945002001586729
3 0.5803852391166561 0.5016853669134737 0.10881520384657481 0.2305634644283002
3 0.9060937006500869 0.7215867800307991 0.10579583651728641 0.2936276068959237
3 0.9675063193228491 0.4913607714292574 0.06498736135430179 0.26550247903130736
4 0.8077210377262339 0.884951958235978 0.07282184925963853 0.23009608352804398
7 0.715190233162922 0.9528735330636809 0.021646130291125252 0.04324351165625052
7 0.7928862248696571 0.9560672963597451 0.025947205559942454 0.043288007486544815
8 0.8372598307722732 0.9622622972769571 0.030754636582464284 0.03377783585011913
5 0.8692522059495909 0.9635492579593203 0.02107096149664612 0.031765674342856
2 0.892375177317718 0.9652224574639772 0.022674481125983144 0.028914291445564327