7 0.4095576619273302 0.8518726035445511 0.04976303317535545 0.07406330248392187
7 0.5256714060031595 0.8886851033478593 0.04818325434439179 0.06560365064833439
6 0.5868878357030016 0.8899516681566432 0.03712480252764613 0.03728496420371761
6 0.32661927330173773 0.8038082979065542 0.0924170616113744 0.05668738519084706
8 0.46919431279620855 0.8545109771919048 0.05055292259083728 0.04879874637924339
5 0.4514218009478673 0.8815309052775028 0.02527646129541864 0.03703982262782426
2 0.47788309636650866 0.8898031072314554 0.02843601895734597 0.03710519371472894
3 0.3617693522906793 0.3249007197876977 0.1018957345971564 0.2141868692380785
3 0.5367298578199052 0.47177907069135255 0.07424960505529225 0.16445756885687357
3 0.6074249605055292 0.49150017572714344 0.05687203791469194 0.22027780315979495
3 0.669826224328594 0.559504737839584 0.08293838862559241 0.22222160900878343
0 0.6524486571879937 0.6658867698953145 0.026066350710900472 0.038460659781572745
3 0.7527646129541864 0.711501627747244 0.08372827804107424 0.20257503043219516
4 0.7330173775671406 0.4456436202518407 0.038704581358609796 0.1833850654775072
4 0.04186413902053712 0.22066953768800768 0.05845181674565561 0.17958015162459592
3 0.5556872037914692 0.542396016313906 0.060821484992101105 0.14732580915325774
3 0.5387045813586098 0.6298255455981963 0.10426540284360189 0.22125836946336963
3 0.6066350710900474 0.6698546194722711 0.11137440758293839 0.2635402858695801
3 0.4490521327014218 0.5401897421308632 0.05529225908372828 0.23148107267252238
1 0.6872037914691943 0.37166203162655004 0.037914691943127965 0.07662714967207315