3 0.440734729220373 0.5260935757860896 0.12097972959906217 0.23349011544238418
3 0.6814403656881683 0.437585442724327 0.06921916213521277 0.2094195985232284
3 0.08921910775207383 0.4848152243411772 0.08611885293147871 0.22376868012730097
3 0.4159304612772118 0.4135874074601845 0.07205429844896985 0.21747777879057367
3 0.5666620308201485 0.38271168781663367 0.07829617416043509 0.2366057753787336
3 0.6456736195879517 0.6663290992488364 0.09618872271375821 0.21097812908974448
4 0.6296366106491857 0.8299858356714985 0.1379938159253189 0.28283919704645677
3 0.16852354547313017 0.25647336196052173 0.05915582924036126 0.2242101495607849
3 0.6355007938286805 0.6476196502863929 0.10631742448288993 0.21618757805218775
3 0.6937637760861106 0.3408472539273814 0.04477750416130644 0.12191924822405759
3 0.5067225242204274 0.26247826614891073 0.06586471783692902 0.21434978220241385
4 0.3381341717220205 0.24398745010818532 0.06306553440402603 0.21729160193506847
0 0.618677911459694 0.6567705686823203 0.02540509973753722 0.03852362240610864
1 0.7210549038044846 0.26891742054736656 0.03507005706528055 0.07372143531508323
8 0.783608603526418 0.9311682962952932 0.05183901011298582 0.04807051691915558
2 0.8451793867802837 0.9489424441501579 0.05353094025884101 0.05010542507956302
7 0.8517969462358599 0.9881281336473262 0.031032882596769066 0.02374373270534761
7 0.7182784635197326 0.9663126960661448 0.03329968427028919 0.047686527154676014
5 0.7186801075305547 0.917324332119614 0.03442001133219318 0.04670979926161408