4 0.608659217877095 0.8855253733390018 0.07877094972067039 0.22149136580849377
3 0.6980446927374302 0.813389044084283 0.09832402234636871 0.3171212107820361
4 0.6181564245810056 0.30361573428014127 0.04581005586592179 0.19629926644582338
1 0.582122905027933 0.243600575211745 0.043016759776536316 0.06803973448851255
0 0.5662011173184358 0.3015868494169018 0.021229050279329607 0.036005047249320334
3 0.5905027932960893 0.45243483708765386 0.053631284916201116 0.2510521984710255
3 0.5754189944134078 0.47315344404103776 0.06927374301675977 0.29495170069240395
3 0.5287709497206704 0.7092510694990749 0.1011173184357542 0.3151620548665833
3 0.5011173184357542 0.5335174884099672 0.05251396648044693 0.26793924055887647
3 0.47793296089385473 0.47810850238893865 0.08268156424581005 0.27819188748709883
3 0.42877094972067037 0.5417148950098492 0.09608938547486033 0.21868853551439787
3 0.3516759776536313 0.3202408785944298 0.06927374301675977 0.243261839857414
3 0.36033519553072624 0.5917022865090121 0.08379888268156424 0.2722392390374187