6 0.6163825090965539 0.884180790960452 0.09062394488408765 0.04519774011299435
6 0.35463216301316103 0.8100282485875706 0.036609517663365905 0.031073446327683617
7 0.5294638952160517 0.8799435028248588 0.0430556878427549 0.06073446327683616
7 0.41070459442195856 0.8467514124293786 0.045445874874200765 0.0635593220338983
8 0.4722171482551418 0.8481638418079096 0.04061009290834742 0.04096045197740113
5 0.48423503462845 0.882768361581921 0.0223330380281451 0.03389830508474576
2 0.4564318615618149 0.875 0.021530152584000824 0.031073446327683617
3 0.843331476992533 0.6306497175141242 0.08978003266151936 0.2725988700564972
4 0.6454890182478131 0.8050847457627118 0.055034326951465394 0.08333333333333333
3 0.6948241234122754 0.6016949152542372 0.07936560851387639 0.24293785310734464
3 0.4868671020865554 0.7168079096045198 0.06644556420361776 0.1751412429378531
3 0.42906654067042926 0.6370056497175142 0.0739578073662182 0.288135593220339
3 0.38826456418994154 0.4159604519774011 0.09058291810566373 0.2754237288135593
3 0.338156057046642 0.3827683615819209 0.07227815927398078 0.2598870056497175
3 0.5157263197627128 0.4406779661016949 0.08335694910836443 0.25
3 0.5307638643404582 0.3064971751412429 0.05364095302452893 0.1426553672316384
4 0.6257803279667075 0.2387005649717514 0.06579043316737083 0.2175141242937853
3 0.7260850714329956 0.3319209039548023 0.09121034519042993 0.2245762711864407
3 0.6189609481655242 0.4590395480225989 0.07465911165493325 0.2598870056497175
1 0.25872811464193385 0.12076271186440678 0.04471686663400508 0.08333333333333333