7 0.7446557119635258 0.9934456928838952 0.02903310776240376 0.013108614232209739
7 0.6695699726221745 0.9803370786516854 0.02867827065563257 0.03932584269662921
3 0.13774151864382558 0.6203183520599251 0.08088225910415232 0.2153558052434457
3 0.33218996842774196 0.45552434456928836 0.08989086991188432 0.2247191011235955
1 0.3634190967201522 0.24110486891385768 0.03624266734563805 0.06928838951310862
4 0.3587161222955474 0.28651685393258425 0.04266906185131431 0.16666666666666666
3 0.390148825407876 0.4250936329588015 0.07835479221413894 0.23127340823970038
3 0.43909331607757923 0.4648876404494382 0.05934005716773898 0.2209737827715356
3 0.4772758921370776 0.5088951310861424 0.06188589677375627 0.20786516853932585
3 0.5019216081342598 0.6558988764044944 0.08355058348352845 0.2209737827715356
3 0.5314997731381104 0.7523408239700374 0.08044780689469773 0.22940074906367042
4 0.3340211157894558 0.7354868913857678 0.07031307364400306 0.20880149812734083
3 0.7108192451740308 0.48735955056179775 0.054401115186433584 0.1900749063670412
3 0.7550818275184978 0.4953183520599251 0.07348321685818111 0.21067415730337077
4 0.9110732167107658 0.4859550561797753 0.08381968124894851 0.18164794007490637
4 0.8771055196622827 0.724250936329588 0.07997660925323544 0.23782771535580524