4 0.5944195475415516 0.885814889336016 0.07188655240097946 0.21428571428571427
1 0.4831220810351198 0.2811871227364185 0.05226664916574245 0.08853118712273642
3 0.30113966750534726 0.6946680080482898 0.10375176723541776 0.2837022132796781
3 0.4698589575382104 0.5447686116700201 0.052408362956338744 0.30482897384305835
3 0.48032755782792613 0.636317907444668 0.08641513605450898 0.3380281690140845
3 0.6517667138550218 0.5407444668008048 0.07446855653740493 0.31287726358148893
3 0.6903288519456746 0.3254527162977867 0.04427196168122222 0.23541247484909456
3 0.6709704463566033 0.36619718309859156 0.07769732848049163 0.2635814889336016
3 0.9466228037213509 0.522635814889336 0.07735915348442171 0.3329979879275654
0 0.4732564402971374 0.28772635814889336 0.023298605097315912 0.04124748490945674
6 0.8206889021863835 0.7987927565392354 0.04926429729580351 0.03420523138832998
6 0.8230884828456859 0.8415492957746479 0.041936099074930594 0.039235412474849095
7 0.869826653466525 0.7942655935613682 0.028935174973449353 0.03722334004024145
7 0.8708154482020454 0.8375251509054326 0.029510007453354824 0.04024144869215292
8 0.9226186431286101 0.78420523138833 0.043624440510172516 0.03722334004024145
2 0.9114819101204983 0.8340040241448692 0.02552562300798844 0.03118712273641851
5 0.9428197643216506 0.8284708249496981 0.02383399466324883 0.03219315895372234