7 0.7381145904094837 0.9082686755838332 0.02642787034443624 0.048689167985291486
7 0.8163024730744534 0.8868460609626323 0.026427870344435986 0.048689167985291486
5 0.8947616690430514 0.8644381784707846 0.021337367706343383 0.03480343629724926
2 0.9188863166277464 0.8582653282699709 0.02636969007709063 0.03979588735288019
8 0.8631531826437303 0.8730037750130529 0.04195110352924429 0.043909424146068785
1 0.3408738716740835 0.39184096675382596 0.040510693457809895 0.07847715785216275
4 0.31068032667089945 0.44686074873050324 0.04722946513897316 0.17142577062678777
4 0.4623652952400938 0.9157134867425362 0.07279794964282764 0.1685730265149276
4 0.9319619679043707 0.3095247501023115 0.05623471456255275 0.1893043133905974
3 0.9704238122780924 0.42208706820169667 0.05915237544381524 0.22592881549328564
3 0.5636708482636594 0.3546234357944371 0.07119592771765586 0.18353067841519802
3 0.4662257962939301 0.36201372321358466 0.06620239219180538 0.18446708111450758
3 0.4773827425560387 0.496507428600445 0.07906420813352662 0.19744515432167373
3 0.4628027387651053 0.5180942146775297 0.06872198022490428 0.2299446219437999
3 0.572670411655691 0.5414628128866835 0.07653854484757908 0.23595395951035464
3 0.420916863809307 0.6115279459220573 0.07149975800268206 0.2299733661622336
3 0.34309422393378347 0.6887806000689499 0.08430985815120721 0.23504630102947857
3 0.33431523110543593 0.7054870375422946 0.08779833886412841 0.2587962091113618