3 0.179031508964186 0.37969473464847786 0.1301241276991556 0.2962239956049778
3 0.2404574481088523 0.37266942722211727 0.09100524856852626 0.28400447736594386
4 0.15223413284784013 0.1576966347253397 0.11166556645136604 0.23568383205981017
4 0.6862166271390179 0.9021141267686122 0.13248184542382632 0.19577174646277545
2 0.5903782977599287 0.9944494854348969 0.036279716303216705 0.011101029130206287
8 0.5352405585205984 0.9833819822456101 0.060308108534791044 0.033236035508779745
5 0.47928633120113245 0.9813672830424721 0.03701842797558779 0.03726543391505583
3 0.17047835853514462 0.7648388373290664 0.11524384922524147 0.33740393607157926
3 0.5576885888310551 0.6795108223743734 0.11142864263255678 0.28857632578027775
0 0.5170922863556834 0.6195493206219181 0.029530822320050623 0.060769504847981486
3 0.5673440465369424 0.5521347320864517 0.16395756608338957 0.3021108121000057
3 0.6526398429132758 0.7203727089809359 0.20238519996022786 0.29772074937071064
3 0.10578842856908494 0.4953816861105383 0.12629576754668245 0.33452124417937246