4 0.13635515504912646 0.3650371053309047 0.06211797909959102 0.21938632513557332
4 0.38470538322575726 0.7170307519806152 0.06117670898464712 0.17534397026368254
0 0.524552351916369 0.32005597339615366 0.017673763345061287 0.03995453445431965
3 0.2922745633071022 0.2501795693123639 0.04535764936320114 0.2149514182804169
1 0.23590600624653563 0.20414241448044293 0.0337433515229598 0.07705163189213084
3 0.34022610599808206 0.40479059328076145 0.04857063911523847 0.22208674685888818
3 0.2913688863459133 0.5832555003144556 0.055019815707873496 0.24345967674310354
3 0.44671585819705606 0.5372817457876606 0.07267502138208627 0.27773239301560504
3 0.5452723518161371 0.4381644317202721 0.061399401034827245 0.24352578844550088
3 0.595789951328623 0.5239123341039229 0.08539707669429711 0.26650098005676315
3 0.6190200691970476 0.433957257370149 0.06452424185033488 0.22367248066033582
3 0.6687396888630547 0.27538697793561806 0.07409825925847753 0.2251921027593862
3 0.738504804832331 0.27255893831695127 0.07894326068395005 0.24370759562709327
3 0.8300494959679777 0.46810330280338436 0.055803345620606605 0.23920657706953963
4 0.7975922536585979 0.17445301263643448 0.05325326092078788 0.19088633063568616
6 0.360865713608803 0.8645059738424986 0.09503551426979956 0.043597047936795
6 0.6259035630263721 0.8324526051097465 0.03677076456651366 0.027368778652420257
7 0.4474097169853175 0.8717946592608062 0.022509485935109368 0.05562911823111769
7 0.5681790396462394 0.8595523314431355 0.04407306233756289 0.06579542704488972
8 0.5071603367041079 0.8546587746525983 0.051161946893856426 0.03888116634645042
5 0.49250729311633723 0.8850456640680775 0.024039430418878564 0.03575928252035319
2 0.520007656294545 0.8817796344210292 0.024039430418878745 0.03575928252035319