8 0.8113423910544177 0.9570532208784835 0.03906372501727171 0.036386767749730625
7 0.7663178949288979 0.9504941221627595 0.02697070992213699 0.03988149693532165
2 0.863987749072391 0.9601771859094683 0.022206309675663855 0.03135647401282948
5 0.8424088017039699 0.9606238883366521 0.02116898817516645 0.036016331590602614
7 0.6902300501695158 0.9413006855768821 0.026456642195423083 0.043615920106230686
3 0.14121019801594525 0.6890712377192525 0.06909775809906377 0.20834521250091842
3 0.3252917687635534 0.48487249730010573 0.07806962264563624 0.2160210672846025
1 0.34431209919736205 0.2653628044114441 0.032839796014286785 0.06434591321637007
4 0.3420937169135394 0.31129198253935686 0.03264111590364061 0.16452228395282217
3 0.3812112026599868 0.44298182342889086 0.0654686638551675 0.22512287881713242
3 0.4318370339593847 0.47236659764889827 0.047026177113758706 0.21818724036074855
3 0.4724842993686125 0.5085126874268763 0.050138141615251174 0.20420766762742873
3 0.5050519268956937 0.6492338491669378 0.07174770914057202 0.21401766593476254
3 0.5398210956203027 0.7388760200450042 0.06756474096599241 0.2223574707776907
4 0.3427816657997425 0.7630873515283116 0.05908244802061386 0.20345655611897775
3 0.7033225898492615 0.43818663174061384 0.043240920069673804 0.18721209768819838
3 0.7477962740597879 0.4372659889333689 0.06224340477314591 0.20445825679389784
4 0.9024091045296071 0.3961414573604186 0.07477087518705526 0.17288453514900837
4 0.8818879081274716 0.6395602402869147 0.06706598331772846 0.23077354188867485