4 0.10906274110151151 0.4672457090126125 0.07740509146939349 0.2385306417206393
0 0.3722103796993481 0.513050672353259 0.025685762142115744 0.04404922099907828
3 0.4589915991608884 0.4817586505657164 0.07690271744088403 0.25109192213314496
3 0.2777501788732374 0.8984429191327057 0.1663869186427006 0.19492165987240895
3 0.8202094632976589 0.8664189526315969 0.11561578617183717 0.12424259510197863
3 0.8722823778681977 0.8131198780607096 0.14034739008137698 0.2088882647403818
3 0.9008132741073968 0.14816402835737244 0.06319244822206468 0.21309298467015933
3 0.8115658503557635 0.1857929575342872 0.05549838224114321 0.18682325087077128
3 0.5559557654694778 0.16159060081978463 0.04787387726883075 0.18183011281606418
4 0.9311976480675963 0.08396121324985908 0.05437664521509957 0.16792242649971817
3 0.6347198652914312 0.5047139084987445 0.09281535647943058 0.2978399352381773
3 0.40308429905599946 0.5443241200827195 0.1063011333522836 0.2671734955251474