6 0.634782588659133 0.8316023738872403 0.09509211563867363 0.028189910979228485
6 0.35681016779011127 0.8486646884272997 0.03758241925565528 0.025222551928783383
7 0.5442762304495473 0.8590504451038575 0.041850897944013546 0.05637982195845697
7 0.4184186561586684 0.8664688427299704 0.04435574613552262 0.057863501483679525
8 0.48223410674404166 0.8464391691394659 0.040944841738043275 0.03412462908011869
5 0.49838229472234996 0.8775964391691394 0.020939993546534197 0.032640949554896145
2 0.4683750224350862 0.8798219584569733 0.020925448972006773 0.028189910979228485
3 0.8421525208977417 0.48887240356083084 0.07673024876252232 0.2744807121661721
4 0.656333176532699 0.7396142433234422 0.05358543929180807 0.0771513353115727
3 0.6854107072626836 0.5118694362017804 0.06829510340749721 0.2433234421364985
3 0.4831137756998301 0.7047477744807121 0.058900571739901576 0.17359050445103857
3 0.4149816423141257 0.6431750741839762 0.05845994191880758 0.29376854599406527
3 0.3494273577956858 0.43026706231454004 0.07756843028736474 0.27596439169139464
3 0.2944806879022862 0.413946587537092 0.05836782628013414 0.2655786350148368
3 0.4836618991434803 0.4094955489614243 0.07082419255655206 0.2522255192878338
3 0.48496308295744467 0.2663204747774481 0.04713209305154313 0.142433234421365
4 0.5761382137921716 0.16172106824925817 0.05488904720152694 0.22106824925816024
3 0.6892727712736306 0.22255192878338279 0.08156056205970269 0.22255192878338279
3 0.5920534107749231 0.3916913946587537 0.060862978088625064 0.26409495548961426
1 0.18485670054736222 0.17136498516320475 0.04192846900815965 0.08011869436201781