7 0.466796875 0.8798279907111748 0.0484375 0.06855653534483205
7 0.58203125 0.8532420600127246 0.04609375 0.06019896105395332
6 0.63984375 0.8232844480766283 0.0359375 0.03370502801569981
6 0.38046875 0.8775462265526879 0.09140625 0.04677873067761343
8 0.5234375 0.85055270274075 0.04921875 0.04356461566401385
5 0.5109375 0.8858400843005066 0.02421875 0.03497271211686047
2 0.537109375 0.8798607749930998 0.02734375 0.0336161445046994
3 0.335546875 0.4055538304219518 0.09609375 0.20377165703714928
3 0.525 0.45334664115689166 0.06953125 0.157663592851632
3 0.59453125 0.43462134511963474 0.05 0.2144060293165293
3 0.664453125 0.46659453368641324 0.0765625 0.2146807601687134
0 0.665234375 0.5763248362278173 0.025 0.03636968132493131
3 0.7671875 0.5669626512143863 0.078125 0.1952524763626327
4 0.70546875 0.3253520837767954 0.03359375 0.1795141203914876
4 0.022265625 0.47453584465223914 0.04453125 0.1740716893044783
3 0.554296875 0.5098996531262123 0.05703125 0.1408676410780553
3 0.55234375 0.6015461189949242 0.09765625 0.21212115100884654
3 0.62265625 0.604356681054627 0.1046875 0.25386054054815
3 0.453125 0.5637143629032696 0.04921875 0.2268979489973475
1 0.65 0.2789450477815484 0.0359375 0.07259391690458886