6 0.3391622960210998 0.8456736782316927 0.09372875541317424 0.044698589793657414
6 0.6100880668676928 0.909201544357618 0.037914748505180215 0.032460087713270934
7 0.42591430057077484 0.8870530061543518 0.04467241827800867 0.06314017902301963
7 0.5486555769009803 0.9163973712319936 0.04960952656238432 0.06610651572690567
8 0.4877947775980416 0.885683842669327 0.050276594713609374 0.04279138136802942
5 0.47076764894447376 0.9142875954769509 0.02236005351086734 0.03521440438031448
2 0.4982695852072695 0.9205632553914305 0.02972756494245001 0.03383300564605607
0 0.6293042836451617 0.21289146117318983 0.0231988011395051 0.03813833707683199
1 0.627593406267278 0.2019754781697232 0.04221340188456605 0.06311473661859873
3 0.6530279480961179 0.39341625662537455 0.10029681873297071 0.2969360635237823
3 0.6152610346964874 0.38433115483427244 0.07780381100060665 0.3666694465635684
3 0.684080972983676 0.5665760951266867 0.07296150594274728 0.2529244186494944
4 0.10661994667695929 0.13374562675566581 0.05557671171123617 0.22650725476315314
4 0.7933975183813036 0.5486800597334468 0.05817879433585613 0.2483985863804022
4 0.44847855428825956 0.7650911866942758 0.06804289889492647 0.12751758315524536
3 0.016194872682109073 0.3453368759376294 0.02952842074067273 0.2539326621189103
3 0.22742373670313942 0.6186802352427327 0.1011832551053343 0.30714862595790904
3 0.37209414506787397 0.24106463691756294 0.07441963297888446 0.22524458724952628
3 0.38350842092849924 0.4195300554705703 0.07061694253424643 0.2703916876153356
3 0.38222254763071023 0.5988557894201809 0.07987177969549814 0.30692812511959294
3 0.5304538694994202 0.45226855177354264 0.07947119424820179 0.24570363532367456
3 0.568373386878973 0.48467726872499456 0.08452275551751912 0.26616268339782284