2 0.9787815391799924 0.8454106827358414 0.04243692164001519 0.051713043344204124
5 0.8487177103693013 0.8846813518707577 0.033126863456344996 0.04950992500795426
7 0.8901051453923393 0.7722637152141663 0.042534651602515156 0.07021091417687453
7 0.9444448091166845 0.7562988414772907 0.045821765069859834 0.06734940667766987
4 0.47477487237408994 0.7802745976139436 0.07604830484299527 0.2378849016848288
4 0.23897034891822438 0.412141204224003 0.06056139794522012 0.20631672834778336
0 0.1876664984592214 0.18062702754513998 0.021566025649379705 0.042435357505170246
1 0.2904858580935558 0.2887033204865309 0.04531067383784425 0.07905679334420412
3 0.8377785629686312 0.3122282318685703 0.08319116198585216 0.23803262501988542
3 0.5694590106938313 0.6689592043035448 0.1219467885477248 0.32867180836249865
3 0.45482166933163065 0.5591737559426371 0.06521912434329606 0.2864857600155106
3 0.4204792285191869 0.47399657301775106 0.06238875974160122 0.26103831834818114
3 0.3837397468979749 0.5796748605088026 0.07460453622096279 0.3003508116844311
3 0.36133516068038135 0.5328279267534335 0.05471243509822456 0.26576204417965843
3 0.3218432650634546 0.4690271671606214 0.07447986843929952 0.2622648741844311
3 0.2304828180567083 0.5047328283885486 0.06346848118178483 0.25520167001511296