7 0.30714285714285716 0.9899881182965585 0.02857142857142857 0.013967311670087579
0 0.4478021978021978 0.8122641295938198 0.025824175824175823 0.04518890429796363
1 0.6835164835164835 0.19068615206559722 0.04065934065934066 0.08049855410743234
3 0.5395604395604395 0.27908876086488466 0.05989010989010989 0.2125333432122989
3 0.5983516483516483 0.40982849935143517 0.06593406593406594 0.24286927693097127
3 0.5208791208791209 0.6293795872453265 0.10054945054945055 0.2744772098197312
3 0.4467032967032967 0.6696973675426692 0.09340659340659341 0.31541897565220944
3 0.40494505494505495 0.6808713470989511 0.06868131868131869 0.24192112180309522
3 0.38324175824175827 0.7855879528387292 0.1467032967032967 0.26714195367141125
3 0.2510989010989011 0.5271887224378842 0.06373626373626373 0.23503405103327224
3 0.2337912087912088 0.43117628263226415 0.07967032967032966 0.23226912629159036
3 0.3870879120879121 0.4505872450177558 0.06813186813186813 0.2233607528286703
3 0.16456043956043956 0.49146246090978407 0.06923076923076923 0.23020805327751992
4 0.3752747252747253 0.9067640842178881 0.08021978021978023 0.17954043276601528
4 0.33489010989010987 0.3173379225881081 0.054945054945054944 0.20759939744247613