8 0.2007936507936508 0.9927421220214148 0.03968253968253968 0.010768679129775529
7 0.24576719576719577 0.9847435198237394 0.028042328042328042 0.025714072485857414
7 0.319047619047619 0.973156166312612 0.02328042328042328 0.04543878014282681
4 0.6335978835978836 0.8361894056510178 0.08465608465608465 0.26923809112029434
3 0.7137566137566138 0.7308396869915454 0.10105820105820106 0.3061310786194846
3 0.02671957671957672 0.8198740109176522 0.026455026455026454 0.18200648916247447
4 0.006349206349206349 0.4528532825256766 0.012698412698412698 0.19975482854563364
4 0.6243386243386243 0.2571892286469611 0.04867724867724868 0.18882790992712614
1 0.5886243386243386 0.20435749937411693 0.042328042328042326 0.06729324518349945
0 0.5748677248677249 0.2609971072602609 0.020634920634920634 0.035995193373472
3 0.6021164021164022 0.40101629912912695 0.05714285714285714 0.23976301847418377
3 0.5886243386243386 0.42234243346074596 0.07354497354497354 0.28230572348749794
3 0.551058201058201 0.6506033241543221 0.1037037037037037 0.30427523036059045
3 0.5198412698412699 0.4875555388048365 0.05714285714285714 0.2557705514308693
3 0.49656084656084654 0.43741993100039395 0.08518518518518518 0.26830194971710336
3 0.45185185185185184 0.5028545888337516 0.0962962962962963 0.21380305557965526
3 0.3727513227513228 0.30169617598698867 0.07142857142857142 0.2342612118874567
3 0.38862433862433865 0.557652357819071 0.08624338624338625 0.2626631885679715