6 0.1852244752757919 0.7351462423484766 0.0480712027710202 0.0477178151320444
6 0.18039927845670006 0.7726974177032951 0.04444355015584609 0.05323566253141781
7 0.1406386831213142 0.7189401538751773 0.031919309198300404 0.04569897001710017
7 0.13659928148176217 0.7578721377997029 0.030877642531633734 0.04568819625819111
8 0.09135175542821707 0.6986158806503024 0.04704165658312632 0.05141074507683883
2 0.10010307165226377 0.7466751452874498 0.027210598360448004 0.03916900662052748
5 0.07063205158337896 0.7335535780507082 0.02304393169378131 0.03912591158489081
0 0.13974025263227866 0.4444031168381401 0.022020445745273894 0.04467069338153709
3 0.1264817285299777 0.4514849267086766 0.0820287407611539 0.23880331615787875
4 0.1260546552801847 0.40056169422247795 0.054857533956717636 0.2116713465743883
3 0.32696485899409494 0.5174692271139429 0.058097678505059494 0.2468888530363011
3 0.4627735789071338 0.4767113997244436 0.12371358814597973 0.24478982206980146
3 0.4950226502711465 0.3837821271659392 0.06522571870829298 0.19696426934866518
3 0.7454574724471215 0.5140667953981072 0.07517003395671745 0.21188143487311714
3 0.7659665829732819 0.41477724614584954 0.05691056609311905 0.20243363483294738
3 0.7859281099697171 0.546056719647784 0.06995564038399778 0.20997571422671954
3 0.5593991149132914 0.638217520465072 0.11962873471102971 0.2697467270341648
3 0.5900570737671677 0.6161404353179921 0.09776585518980264 0.2732241818007756
3 0.5614809331867782 0.6377330099842907 0.08583820055792041 0.2888410243140609
4 0.7812948048702968 0.40350722209082807 0.046893527972057335 0.1652942470862732
4 0.6394820455332547 0.7582266612418533 0.07479161624896496 0.2553945665121811
1 0.4540990098544167 0.21336627699033645 0.039819682669403396 0.07263162506077095