6 0.2950986306488934 0.8013119506938408 0.09853210918520763 0.06286803309992882
8 0.4440352860219949 0.8615152675250449 0.04514544574527387 0.04544265116814649
5 0.4253701293734046 0.887091215294994 0.025121204787728193 0.03760991335915813
2 0.454151642618214 0.897330746221824 0.0309593863125707 0.03921444210438598
7 0.5054113390012323 0.9013598519908873 0.048561198334262486 0.07073425979407547
6 0.5679064908097231 0.9011709855371504 0.038454538121061435 0.037886140147741866
4 0.8964334740003032 0.8397324441329277 0.10268478688358376 0.313678929559686
1 0.6076481476441469 0.1854256156561249 0.051153313972935925 0.09897596329616346
3 0.5948508172756908 0.47668378348662954 0.09175933791157717 0.28526458431473317
3 0.5810089794401359 0.5757968207136703 0.09687569450779619 0.3209764779657933
3 0.34382355628199235 0.41214008601749824 0.11347448649333501 0.3005502480984071
3 0.359206841214332 0.6572493307292325 0.14837267447164332 0.27011807338876564
3 0.06300933791157706 0.2846689703018499 0.12349872745088068 0.30817581581595765
3 0.124145683214231 0.3786592253511721 0.12603751298295368 0.32009704454059745