7 0.6826086956521739 0.9859767891682786 0.0391304347826087 0.02804642166344294
1 0.37282608695652175 0.21083172147001933 0.041304347826086954 0.06963249516441006
4 0.2668478260869565 0.31382978723404253 0.05923913043478261 0.20406189555125726
4 0.7114130434782608 0.3409090909090909 0.05543478260869565 0.1653771760154739
4 0.6804347826086956 0.8911992263056093 0.06521739130434782 0.15087040618955513
0 0.7255434782608695 0.5333655705996132 0.017934782608695653 0.03481624758220503
3 0.70625 0.52321083172147 0.10163043478260869 0.19729206963249515
3 0.6741847826086956 0.4758220502901354 0.08967391304347826 0.25338491295938104
3 0.7032608695652174 0.4347195357833656 0.049456521739130434 0.18665377176015474
3 0.7796195652173913 0.43568665377176014 0.05217391304347826 0.18471953578336556
3 0.7940217391304348 0.7862669245647969 0.09184782608695652 0.2620889748549323
3 0.654891304347826 0.624274661508704 0.06684782608695652 0.2330754352030948
3 0.4451086956521739 0.4381044487427466 0.09184782608695652 0.22920696324951645
3 0.34347826086956523 0.49661508704061896 0.07173913043478261 0.23017408123791103
3 0.29239130434782606 0.4458413926499033 0.059782608695652176 0.23887814313346228
3 0.11114130434782608 0.5918762088974855 0.09184782608695652 0.26499032882011603