6 0.3121113335710754 0.8114285714285714 0.09182897104726084 0.05142857142857143
6 0.5743640852817076 0.9014285714285715 0.037142267482550506 0.03428571428571429
7 0.39525624220295064 0.8607142857142858 0.04536406292625101 0.06428571428571428
7 0.5137655154368163 0.9021428571428571 0.05019814968944377 0.06714285714285714
8 0.45541617303188975 0.8657142857142858 0.04925550057063473 0.045714285714285714
5 0.4375915751487088 0.8914285714285715 0.022705378279877265 0.03571428571428571
2 0.4644169087381557 0.9007142857142857 0.029116585299565133 0.03428571428571429
4 0.44767093378890677 0.7614285714285715 0.05849465494675008 0.10857142857142857
4 0.2433822164369716 0.2757142857142857 0.06262012303661382 0.24857142857142858
4 0.9649558534963154 0.38857142857142857 0.06653957686109956 0.2342857142857143
3 0.6850965582850627 0.5978571428571429 0.1333581909672951 0.26571428571428574
3 0.7104521669750727 0.5864285714285714 0.1164295485694199 0.2542857142857143
3 0.5479606812276799 0.4592857142857143 0.09058860722995393 0.23
3 0.5042863655562949 0.38785714285714284 0.13656846384048932 0.26571428571428574
3 0.5138106322357632 0.22 0.06557825028888882 0.21
3 0.49682567633870234 0.30142857142857143 0.07371599719228293 0.22714285714285715
3 0.3549103391834249 0.4642857142857143 0.08211522844329687 0.2842857142857143
3 0.42226041729461733 0.5357142857142857 0.09168067597597458 0.2742857142857143
3 0.48283012754246274 0.7235714285714285 0.07674883425816363 0.2
1 0.40974291756792125 0.1792857142857143 0.04956367855175807 0.09285714285714286
0 0.5399303296813441 0.46 0.023507946498175822 0.03571428571428571