2 0.1256544502617801 0.9513103791130536 0.021465968586387434 0.032101562562600106
5 0.1481675392670157 0.9517756022981836 0.01780104712041885 0.029232426273695475
8 0.17853403141361257 0.9464917185912869 0.0356020942408377 0.04077397731461627
7 0.22146596858638742 0.9428100087361053 0.020418848167539267 0.042321979595246015
7 0.2986910994764398 0.9370220032550161 0.025130890052356022 0.043350587119660944
0 0.4445026178010471 0.7789767137846808 0.022513089005235604 0.03864092206626683
1 0.7081151832460733 0.23627768871793575 0.03455497382198953 0.07054746697296051
3 0.5659685863874345 0.2918262813779511 0.04450261780104712 0.19645164296543038
3 0.6130890052356021 0.4272571521300762 0.048167539267015703 0.22539154275526613
3 0.5256544502617801 0.6199417153789936 0.08010471204188482 0.24839880463758857
3 0.45287958115183247 0.6437940537702438 0.07068062827225131 0.29103432701892584
3 0.41256544502617803 0.6460249440096474 0.05130890052356021 0.22359435124764473
3 0.38534031413612563 0.7406292966915771 0.1261780104712042 0.2325924477523739
3 0.27722513089005235 0.4700546645140779 0.04659685863874346 0.21791025024092037
3 0.2672774869109948 0.37575399879332616 0.06282722513089005 0.21172842310641546
3 0.4109947643979058 0.4244559571943841 0.051832460732984295 0.20498321163262512
3 0.19790575916230366 0.41955453611609494 0.05235602094240838 0.2124428355185368
4 0.3680628272251309 0.8834449296193981 0.06387434554973823 0.2191988813065439
4 0.3701570680628272 0.28796397597519285 0.039790575916230364 0.19262973935162978