6 0.37896598738452325 0.8946520022113053 0.09790487255994489 0.04331270656800561
6 0.6635229917084607 0.8462776440335317 0.03869327323860979 0.0313816856362521
7 0.4733180839321453 0.9004317665562583 0.04565911751479345 0.06363411442486482
7 0.6023120073652711 0.8786446504203214 0.04738436250589295 0.06672780266177317
8 0.5358329811435496 0.8734431303226852 0.05159269417229499 0.042351931510925325
5 0.5222281089313346 0.9090911779442367 0.02327084913006169 0.035648583247194755
2 0.5513701651883344 0.904344428430397 0.03012692303245372 0.034261868304920624
0 0.7865547522757413 0.3114046253481369 0.018982684464538532 0.035559622593761255
4 0.742670489472774 0.13466514415518774 0.05988519025141991 0.21835303928037741
3 0.4902397932031447 0.17300334331933845 0.05902755731831528 0.21833524714969077
4 0.0231550239312224 0.6571637359480009 0.04281735415089356 0.243991080458693
4 0.6553053390660117 0.6932123160805933 0.07785556534705661 0.20649425812265676
3 0.8466165001865136 0.3210598604289258 0.10627221207574608 0.2422495941539716
3 0.4443417484984357 0.29895388324696753 0.06075280230941478 0.2214289353865993
3 0.41366155584202685 0.3579463940651831 0.07197687387645108 0.24459601290203975
3 0.4574681945233715 0.37949599456506583 0.09602552294049628 0.2557975564756397
3 0.565804370029034 0.46583566235880386 0.07631493416642503 0.259975493433149
3 0.631857074565426 0.47179281238498044 0.08917443860054947 0.25871332340568154
3 0.6430933341348508 0.3672929449871711 0.06769868833581816 0.24756515622414152
3 0.18503587778780609 0.7270313140503288 0.06426815660339948 0.24749398770139497
3 0.2777522555646161 0.625750751055521 0.09772582011937028 0.2512459847737103
1 0.3213285166623155 0.18249523547008817 0.041445796285946385 0.08648093358794508