6 0.373703462706738 0.8860208364892324 0.09513574936225562 0.043511142574889715
6 0.649338020188197 0.8309044176439312 0.03843514535502512 0.031951422046851655
7 0.4649583108982471 0.8893949430988239 0.04520362404338338 0.06324680547081711
7 0.5902852860219949 0.8645451301123216 0.04687513890155932 0.06476501334461213
8 0.5252780137347312 0.8609730052301425 0.04263090117074664 0.04093982006961913
5 0.5124777036642837 0.8963137191340435 0.02261635659621902 0.03607444131107621
2 0.5420416442315804 0.8909918792203231 0.02176847868835845 0.03160613856112199
0 0.5023772045258726 0.3553398904475585 0.022630901170746447 0.0405254798867437
3 0.4658390149341978 0.39389777419735117 0.0757951034074972 0.24487721782228133
4 0.166272372468028 0.26529637479764584 0.08907025844272103 0.22734929030819437
4 0.971664798177149 0.6603204781772755 0.05667040364570198 0.263819768164445
3 0.5518657203216594 0.1998475509937678 0.058207835960333035 0.21780843870825942
3 0.43058988867771464 0.5719387974923502 0.11845509372729851 0.2947191150432358
3 0.4941171496714132 0.6325980557470244 0.12094054915277108 0.29031986899042767
3 0.3251680960164203 0.44068339283789226 0.13254418932981915 0.2712737336025451
3 0.2264617297400025 0.4519907039119479 0.08083873713107939 0.2583339185950032
3 0.12407836413934012 0.6130633261620488 0.08257812667038299 0.2806236398219143
3 0.6915244784265028 0.3533241399096983 0.08577571064146071 0.23914966981282884