2 0.9573512559908417 0.9363362890721119 0.08529748801831664 0.036699022972297046
5 0.8011079913948744 0.9451399303031308 0.03142792430820227 0.04406142989007327
7 0.8510444265652345 0.840789636747451 0.03931090685926839 0.06302907364489753
7 0.9068924723395584 0.8359007530308461 0.04321177083165212 0.060087448206206165
4 0.4304063511095738 0.7608911109693756 0.06276521593080533 0.2312582297306323
4 0.21730617996409207 0.34021023870461203 0.04814582092269492 0.20228083055062748
0 0.1818713882218633 0.09581589929280365 0.019679829811523608 0.03896980521211079
1 0.278105593132662 0.22652937624367725 0.04157804557329599 0.07299256402187944
3 0.8299361407749873 0.36494110390114537 0.07002128539470377 0.22934533886337824
3 0.5337337437982194 0.6690215358500239 0.10382360449724737 0.31617344004494624
3 0.4254753649660554 0.5342075784409639 0.04730151796410287 0.28576827025279244
3 0.3966798526267681 0.44097029283424544 0.04609644455354659 0.25891773778795957
3 0.35203280401285497 0.5399083293155755 0.056279067661159525 0.29778922977264877
3 0.3328677559318074 0.48752482413309794 0.03829796679303079 0.26579502445063025
3 0.2971572572383469 0.4150900008796231 0.05894235638046788 0.2580567140162419
3 0.20224369351577554 0.4319995127405949 0.04775292110166625 0.2529708724693044