4 0.23370312499999998 0.2946944444444445 0.04424999999999999 0.1804305555555555
4 0.8724999999999999 0.28305555555555556 0.06313281249999995 0.20301388888888883
3 0.914859375 0.6303194444444445 0.10725000000000015 0.25109722222222225
3 0.7863749999999999 0.5464027777777778 0.06950781249999993 0.26180555555555557
3 0.4441171875 0.4738611111111111 0.05127343750000009 0.19429166666666664
4 0.2941953125 0.7690694444444445 0.052414062500000025 0.17373611111111106
0 0.44517968750000003 0.4515694444444444 0.016710937500000078 0.03436111111111113
6 0.356546875 0.8442500000000001 0.08764843750000004 0.01756944444444457
6 0.6164296874999999 0.8439027777777778 0.03410156250000007 0.02326388888888889
8 0.49928906250000005 0.8497500000000001 0.03660156249999993 0.028569444444444356
5 0.48390625 0.8795277777777778 0.01785937499999992 0.023999999999999962
2 0.5113359375 0.8797638888888888 0.025843749999999943 0.02234722222222211
7 0.4413125 0.8646111111111111 0.04324218749999993 0.051861111111111
7 0.55965625 0.8635 0.04315625000000001 0.05179166666666662
1 0.31375000000000003 0.21645833333333334 0.03823437500000004 0.08143055555555555
3 0.2932578125 0.5346527777777778 0.06783593750000003 0.23994444444444443
3 0.3814609375 0.4221944444444445 0.08352343750000002 0.24120833333333327
3 0.39935937499999996 0.5368888888888889 0.06129687499999999 0.24043055555555556
3 0.42201562499999995 0.4520972222222222 0.03517968749999998 0.17801388888888883
3 0.4786015625 0.41277777777777774 0.07021874999999991 0.19459722222222225
3 0.4964140625 0.526125 0.09692968749999994 0.23874999999999996