6 0.8401895740276542 0.8439363817097415 0.04984742757688668 0.03876739562624255
6 0.8422797639366791 0.8851888667992047 0.04484224590575635 0.04572564612326044
7 0.8893369593717049 0.8394632206759444 0.031976832973323426 0.040755467196819085
7 0.890033751420289 0.8817097415506958 0.030304105503944294 0.041749502982107355
8 0.9432248226070811 0.8325049701789264 0.04818445066026297 0.042743538767395624
2 0.9296953057053108 0.8807157057654076 0.026929398906918197 0.03479125248508946
5 0.9620796643287968 0.8752485089463221 0.022466625532405228 0.036779324055666
0 0.9140829794082357 0.5482107355864811 0.020254739950660374 0.0437375745526839
3 0.9275281777561831 0.5596421471172962 0.06839406050485144 0.24353876739562624
4 0.9323789756753469 0.5054671968190855 0.040389595557454215 0.2216699801192843
3 0.7091330508693882 0.5720675944333996 0.04051635274327944 0.26043737574552683
3 0.5683604922803885 0.48956262425447317 0.1147367741146349 0.2355864811133201
3 0.5423095232667077 0.3817097415506958 0.05317375388358871 0.20178926441351888
3 0.26515135884348345 0.44781312127236583 0.06327187220065159 0.2147117296222664
3 0.2522175058050326 0.3364811133200795 0.04370579883794554 0.21073558648111332
3 0.2194144321232301 0.4701789264413519 0.057685280021880635 0.2147117296222664
3 0.4517910377595411 0.6332007952286283 0.10813036902766766 0.2654075546719682
3 0.42096077488023914 0.6013916500994035 0.08302970643422165 0.2773359840954274
3 0.44983248031271933 0.6322067594433399 0.06745875238720535 0.2992047713717694
4 0.23680237436538162 0.3205765407554672 0.036316471819718026 0.17196819085487078
4 0.356322251240072 0.7375745526838966 0.05840969863660621 0.2654075546719682
1 0.6006955394299132 0.21272365805168986 0.037654430311148485 0.06858846918489066