6 0.20934103404309864 0.850662738233336 0.04575687215599421 0.03212863239623208
6 0.20856160250084654 0.8897743004584858 0.04109356766790657 0.0395286692041476
7 0.16352951571849134 0.8511367234367424 0.029027314152788055 0.03567968402197634
7 0.1637941585077918 0.8907030010626169 0.02746272569910698 0.036594531797178476
8 0.11275635975353751 0.8497999724978809 0.044210560226086486 0.03583677626081947
2 0.1266031071149084 0.8938809022884807 0.02480837160443968 0.03098085474964151
5 0.09625184540478944 0.8918673400250128 0.020108514068805223 0.032794299378786085
4 0.3141891211986992 0.3887152820897319 0.05092619394056102 0.1820788583166115
4 0.8956991081413597 0.6080093663592862 0.04922794445128888 0.24257860569161716
3 0.7792772049550062 0.5584724725490842 0.06126373709345199 0.24177209739147928
0 0.6868634694278928 0.4002215252690613 0.019597138208563313 0.03465107979795657
3 0.7050751881250925 0.45729179253322433 0.06980482235278379 0.1869293628540365
3 0.6333716247296505 0.49434405861254965 0.05478606499344629 0.21191193541966233
3 0.630717087232276 0.5399922711210685 0.046683249499262336 0.25372470518039303
3 0.5657013759602341 0.5150614702006439 0.0621646453221124 0.21943656262390202
3 0.5818708207064693 0.5242045309789125 0.06965288479341944 0.24372096636445456
3 0.4552672750274207 0.3905142531008562 0.04555656400531502 0.1615405172569192
3 0.4188002753973477 0.4830640867526722 0.0564054830184476 0.21937697591261662
1 0.6495480786640124 0.302383343389447 0.03655819884623279 0.06648177863776156