8 0.12881668756112413 0.9543966407439324 0.04178113785507668 0.03541037422467997
7 0.1788863417303014 0.9502780787288627 0.028491153467846222 0.04144554903367981
2 0.07094968399041288 0.9539663763211911 0.023252518937580784 0.03213242097987476
5 0.09466811884311693 0.9562929904958318 0.022111945528468954 0.03726448305845294
7 0.25991832744745635 0.9453248933651449 0.022717583629445644 0.0455009211549662
4 0.6117451212206971 0.8609274328608697 0.07434717068412713 0.26104821438887993
3 0.7069269228003227 0.776098087090297 0.09131475207278618 0.31780615375566773
4 0.646758045726597 0.24124470004273763 0.04058371468942436 0.20000147145777356
1 0.612252982082388 0.17524580064835218 0.042457478748894925 0.06525175059279806
0 0.593256570931107 0.23305349557515878 0.020947804521743184 0.0351948990464963
3 0.6115459541539733 0.3912951833644015 0.04655255890805368 0.25561688122949117
3 0.5952765978569168 0.41152450356471715 0.061740260790033016 0.2989823787347226
3 0.5369161652173124 0.6502887772953654 0.09420153699198626 0.31577846769502443
3 0.5158191168672353 0.46584244871296904 0.04487368339114776 0.27308863689879886
3 0.4943146857584047 0.4058817168383917 0.07556518048539868 0.279578703750631
3 0.4408769872376056 0.46661756081226813 0.09213884631394074 0.2159662727470483
3 0.3707635142551581 0.22969645397259944 0.06330129831887 0.24550239261273987
3 0.3678172315854264 0.5110960037713014 0.07785979450225887 0.273429805930923