6 0.318225003358565 0.8567599163206681 0.09866666077402406 0.034866511689921165
7 0.41285492768868903 0.8665490665294378 0.028035787684597035 0.06182487777530836
5 0.461716285524858 0.8768125936304855 0.022663520831477497 0.03254040550013052
2 0.4914889348280201 0.8734268780482118 0.023486885068198925 0.026395509853686095
8 0.4757288526608481 0.840511064104515 0.05291819109089651 0.03746905787456643
7 0.5427199013202169 0.8498173997809013 0.042716271276997723 0.06197703640113384
6 0.605111805336119 0.8160915649173714 0.03905102332980367 0.02963354206383533
1 0.21780308081823777 0.15852265341146188 0.044594113074956525 0.08507186049285959
4 0.14205647771734245 0.2631609271626458 0.061052559418382016 0.22523296962608602
3 0.2662084462224889 0.3634194661426971 0.09582598707795796 0.2609756053067603
3 0.2846537543054161 0.2124488489569333 0.05581092183564067 0.215948497350908
3 0.32415223417973177 0.3758967052237217 0.06214723060127403 0.26062653551810294
4 0.4740463497612536 0.7151353992273012 0.0631408127228257 0.14833674422521356
3 0.30397508868094625 0.5922743140626047 0.07496996920654336 0.240760793129125
3 0.3033580192588074 0.6961338936698607 0.06368342661516639 0.23141366730213647
3 0.5184973651316053 0.2484892751663742 0.123148337978181 0.21356971385129958
3 0.6135094313710522 0.38289828524422936 0.061946262492999594 0.2298573047488721
4 0.7957490746903308 0.12099182716771631 0.05928525007997405 0.21906122245743692
3 0.8106822809360825 0.4900928140411642 0.08040252649214542 0.2792760346350722
3 0.678387105712443 0.465308395519743 0.063061030486719 0.268327793717812
0 0.7415964422515552 0.22617556900309427 0.018355779945008515 0.03403411450158466
3 0.7565030149657646 0.2606387949926539 0.07239939244224128 0.24381086468384358