4 0.6374554649616295 0.7847139335675296 0.06777295803291054 0.2853360153426885
4 0.7212540227960812 0.2677734667608902 0.05960876381008754 0.20285730050451964
0 0.5100268563228053 0.3189598433955409 0.014840950638722341 0.03198773336583028
4 0.12068925635588175 0.3537891644206332 0.057004743003928916 0.21125702976570437
3 0.1505769664193942 0.6298569013531621 0.0756309506867363 0.2741817713793592
3 0.24843360351997587 0.5620471704823121 0.08190080992507086 0.2602021964334148
3 0.3427298662750847 0.5368050277259084 0.06241793966747465 0.25719165364033886
3 0.396617700844784 0.4750947455542956 0.062393443541954856 0.2497010169362188
3 0.4880410117768196 0.28221419840297524 0.051389804214047076 0.2645678948144679
3 0.5027135515525932 0.3020296471246107 0.03992686253264286 0.13898533449046968
3 0.47724082103769416 0.285379680134132 0.08050558349804844 0.31636562949574365
3 0.456108050687004 0.5510875579920703 0.08616339050758992 0.27616337867918994
3 0.5786356965555143 0.503664941354474 0.13401832114572554 0.2644868079982881
3 0.8890881730592263 0.6904049576637199 0.105187309320892 0.2997677250024055
1 0.6757171654062938 0.1900523514111214 0.03919232967625057 0.07530947509926098
6 0.201892229529275 0.8719692282738405 0.045397886585095824 0.041666978805001996
6 0.20463998961826135 0.9169430092326047 0.04433913097476845 0.03978342481659187
7 0.14818199186959444 0.8793723943405845 0.025918078343189505 0.03959276559994101
7 0.15013262323514534 0.926678828160101 0.02486850877993214 0.040518200375575616
8 0.09288055877873286 0.8905045365408183 0.0364229600228334 0.03314740660763651
2 0.10932477745679495 0.9318746317084634 0.024305448802178733 0.029276797913205862
5 0.08088841474676611 0.9362621197142766 0.01746946757040082 0.0310786408087655