7 0.8109267734553776 0.9220977596741344 0.05263157894736842 0.06415478615071284
7 0.8772883295194508 0.9282077393075356 0.05320366132723112 0.06619144602851323
3 0.1244279176201373 0.17769857433808553 0.059496567505720827 0.2209775967413442
3 0.3492562929061785 0.6766802443991853 0.09267734553775744 0.2606924643584521
3 0.28832951945080093 0.560081466395112 0.055491990846681924 0.2545824847250509
3 0.2660183066361556 0.3024439918533605 0.03832951945080092 0.164969450101833
4 0.5512013729977117 0.24643584521384929 0.03775743707093822 0.1710794297352342
3 0.5609267734553776 0.3543788187372709 0.057208237986270026 0.17209775967413443
0 0.709096109839817 0.3742362525458248 0.016018306636155607 0.026476578411405296
3 0.7482837528604119 0.3645621181262729 0.07494279176201372 0.1690427698574338
3 0.7688787185354691 0.3625254582484725 0.08752860411899313 0.18126272912423624
3 0.8363844393592678 0.4103869653767821 0.06693363844393593 0.19144602851323828