6 0.355515625 0.8448611111111111 0.08834375000000003 0.020541666666666618
6 0.616171875 0.8441111111111111 0.034375 0.021569444444444405
7 0.44044531249999996 0.86475 0.03872656249999995 0.05019444444444458
7 0.5587109375 0.8644166666666666 0.04019531250000004 0.052055555555555584
8 0.4986171875 0.8495 0.03789843749999999 0.02979166666666673
5 0.48404687500000004 0.8798888888888888 0.019367187499999973 0.028847222222222198
2 0.5119374999999999 0.8800416666666666 0.01908593750000005 0.025236111111111213
0 0.5110390625 0.37581944444444443 0.019015624999999935 0.03340277777777771
3 0.47466406250000004 0.40447222222222223 0.055648437500000016 0.21769444444444447
4 0.20392968749999998 0.2298888888888889 0.06999218750000002 0.19787499999999997
4 0.9505078125 0.7487083333333334 0.08099999999999988 0.23552777777777775
3 0.5677890624999999 0.24063888888888887 0.041000000000000016 0.19555555555555557
3 0.42974218750000004 0.563875 0.09303124999999998 0.25473611111111105
3 0.4846328125 0.6315972222222223 0.09567187500000003 0.2512777777777778
3 0.3402578125 0.42215277777777777 0.10826562500000003 0.22923611111111117
3 0.24769531250000001 0.4144861111111111 0.059304687499999974 0.22977777777777775
3 0.14115625 0.5455277777777777 0.06004687500000001 0.2497916666666667
3 0.687421875 0.40831944444444446 0.06599218750000002 0.20950000000000005