6 0.6576612903225807 0.8388097444183933 0.09193548387096774 0.03771706317403391
6 0.3895161290322581 0.8740977275437934 0.036290322580645164 0.027970805739410663
7 0.5713709677419355 0.871409948256227 0.042741935483870966 0.058190130134471864
7 0.45 0.8875256702517897 0.04758064516129032 0.061155483029621795
8 0.510483870967742 0.8637043292921642 0.04838709677419355 0.03824951749017931
5 0.5266129032258065 0.8926910356952898 0.021774193548387097 0.03340139461843176
2 0.49959677419354837 0.8964305660803696 0.028225806451612902 0.030669429615212157
4 0.5254032258064516 0.7608608722566027 0.0532258064516129 0.10138679015610255
4 0.7612903225806451 0.32017827288655576 0.04758064516129032 0.2474019013677306
4 0.02943548387096774 0.28212710021722287 0.05887096774193548 0.22901064742584978
3 0.29879032258064514 0.5491563865477018 0.12016129032258065 0.2517675816144608
3 0.27419354838709675 0.5328886220336515 0.1032258064516129 0.24282151123788367
3 0.44516129032258067 0.4397179104798492 0.07822580645161291 0.22224741717263782
3 0.4935483870967742 0.3776808950187389 0.12338709677419354 0.25183426386929786
3 0.494758064516129 0.20865145960355794 0.0532258064516129 0.20740398213317993
3 0.5064516129032258 0.29342040340771514 0.06129032258064516 0.22189733533474273
3 0.6375 0.48524111786147767 0.06532258064516129 0.2807199431676159
3 0.5653225806451613 0.5417720250455994 0.07661290322580645 0.26805934825152294
3 0.49274193548387096 0.7164894393547432 0.06532258064516129 0.1947600577807964
1 0.6016129032258064 0.19008667032655752 0.04516129032258064 0.08689343695453974
0 0.4528225806451613 0.44202527796975793 0.02258064516129032 0.03341806518214081