7 0.24264778753469246 0.9911475500825924 0.022992148517782744 0.01285859111850513
7 0.3229994999519505 0.98303568505132 0.02741142034683435 0.02746688494227951
0 0.6030453359986913 0.6490842266838514 0.022531537263627593 0.03906653497305744
4 0.7106318442172918 0.7508812932977702 0.07999796675116347 0.23382872361416362
4 0.709770346665382 0.26304263333092487 0.04150816498295494 0.16061780314157437
1 0.7112779387017687 0.2198246288896361 0.03740644301926464 0.07611224507489807
4 0.11670708468242164 0.4036343191852754 0.06125659553785279 0.18412211563982142
3 0.22785504289524763 0.5024820499799988 0.07127387220409562 0.23956359227729448
3 0.35737754575543856 0.49677445224679834 0.06956140767641697 0.21721655005454407
3 0.5654421505090468 0.6184060036323523 0.09788451310564224 0.18935492592849523
3 0.6558063708795879 0.5563089726432187 0.0673183907711727 0.19971822838537534
3 0.6765634503470592 0.558521518727863 0.049463635836425844 0.2539007639351214
3 0.6003678696389946 0.2986383284398482 0.047576318500221315 0.17815566345994382
3 0.5817123352589602 0.32213134418118067 0.08141795021730786 0.16685537748739945
3 0.5403537721147249 0.35362575791975076 0.08368957940031098 0.1930915632342381
3 0.5793246673939352 0.3838044231319029 0.06236856656455529 0.1899586551151825