7 0.6608715653284071 0.979050279329609 0.0332584410503189 0.04189944134078212
7 0.7369825618791086 0.9892923649906891 0.03260085299988965 0.021415270018621976
4 0.35487590863193036 0.7751396648044693 0.06574427634380511 0.20577281191806332
3 0.27904838160242407 0.6815642458100558 0.06385107726761652 0.23649906890130354
3 0.31052974169920033 0.5111731843575419 0.07499168705029546 0.1787709497206704
0 0.365995084159559 0.19599627560521415 0.01747852867250251 0.030726256983240222
1 0.3516607794281894 0.26629422718808193 0.03499361039255184 0.0670391061452514
3 0.4371526643182651 0.4031657355679702 0.052916867810207956 0.16573556797020483
3 0.4128372086475866 0.478584729981378 0.08566393300028488 0.20949720670391062
3 0.49279875458657957 0.500465549348231 0.08998035034209143 0.22905027932960895
3 0.5251201011661051 0.361731843575419 0.051388832404073694 0.17225325884543763
3 0.659747814277774 0.430633147113594 0.07292790708555465 0.18342644320297952
3 0.7402207360770088 0.4543761638733706 0.06680967328642658 0.2085661080074488
3 0.6814257251559015 0.6783054003724395 0.07747582706182493 0.2383612662942272
4 0.8101647614318531 0.44692737430167595 0.04606184769096569 0.15828677839851024