7 0.707921875 0.9275092592592593 0.021307291666666592 0.04021296296296302
7 0.7824739583333333 0.9273518518518519 0.021437499999999925 0.04012962962962956
5 0.8571822916666666 0.9266481481481481 0.017765625000000066 0.02736111111111107
2 0.8799843749999999 0.926962962962963 0.02170833333333325 0.03169444444444446
8 0.8269895833333333 0.9266574074074073 0.03655208333333325 0.031101851851851776
3 0.7825989583333333 0.6903888888888889 0.05401562500000002 0.2363240740740741
0 0.2888541666666667 0.6176574074074075 0.014729166666666653 0.02465740740740751
3 0.254890625 0.43172222222222223 0.049666666666666644 0.15510185185185185
4 0.23517187499999997 0.385 0.020645833333333325 0.1635277777777778
4 0.5835520833333334 0.8125185185185185 0.04683333333333337 0.19910185185185184
4 0.7035416666666666 0.4112777777777778 0.027697916666666583 0.15126851851851852
3 0.487734375 0.33346296296296296 0.054416666666666676 0.15535185185185182
3 0.506375 0.43961111111111106 0.04221874999999997 0.16858333333333328
3 0.3678489583333333 0.5399259259259259 0.06725520833333339 0.1701203703703704
3 0.28525520833333334 0.6145277777777778 0.05570833333333335 0.20136111111111113
3 0.37862500000000004 0.7951759259259259 0.08359895833333333 0.23156481481481475
3 0.43871875 0.5945277777777778 0.05794791666666666 0.16822222222222227
3 0.5132760416666666 0.6553888888888889 0.05472395833333336 0.21123148148148138
3 0.6315781250000001 0.5364351851851852 0.05695312499999995 0.20017592592592598
1 0.6523802083333333 0.3205092592592592 0.02918749999999998 0.05106481481481479