3 0.7633101851851852 0.7777777777777778 0.0775462962962963 0.2736625514403292
0 0.22424768518518517 0.5787037037037037 0.017939814814814815 0.030864197530864196
3 0.20109953703703703 0.36574074074074076 0.06655092592592593 0.1831275720164609
4 0.18287037037037038 0.30915637860082307 0.03530092592592592 0.18518518518518517
4 0.5344328703703703 0.8647119341563786 0.06655092592592593 0.23045267489711935
4 0.6973379629629629 0.45113168724279834 0.04224537037037037 0.17386831275720166
3 0.4652777777777778 0.3132716049382716 0.07175925925925926 0.18415637860082304
3 0.4777199074074074 0.4346707818930041 0.05960648148148148 0.19650205761316872
3 0.31741898148148145 0.5123456790123457 0.08738425925925926 0.2037037037037037
3 0.22077546296296297 0.5745884773662552 0.07696759259259259 0.23559670781893005
3 0.3098958333333333 0.7962962962962963 0.1099537037037037 0.2757201646090535
3 0.3914930555555556 0.5895061728395061 0.07696759259259259 0.19958847736625515
3 0.46903935185185186 0.6743827160493827 0.0763888888888889 0.24588477366255143
3 0.6085069444444444 0.5715020576131687 0.078125 0.2345679012345679
1 0.6478587962962963 0.338477366255144 0.03587962962962963 0.06378600823045268