8 0.8203859137811937 0.9417303237105202 0.038326504734755795 0.03298389346014881
7 0.7753445058497513 0.9375406899709877 0.026302895823166982 0.038445895242595805
7 0.7004616889732335 0.9341253730836196 0.027882714404022027 0.04125544225324076
2 0.8727434577156991 0.9416541756834294 0.02156344008060232 0.030017254210660513
5 0.8512835810977002 0.943738469000235 0.020528503598531134 0.033730815049001064
4 0.4678212429214814 0.8815956863388004 0.06932960757794408 0.22789770549835692
3 0.260716453747935 0.7924877187180623 0.0931121738482057 0.2961116741589649
0 0.3529699612935338 0.264047960383736 0.019493567116459706 0.03744437588734205
1 0.36840432652686456 0.2606293142203998 0.036360195233216555 0.0720683708165325
4 0.29699792916825507 0.3596023521013131 0.04248487564018754 0.18385980110323688
3 0.8148798694058114 0.4589962768982131 0.04473750765598307 0.23229860121426474
3 0.7540910580129965 0.6826309091168232 0.06577738752716131 0.2623104384511719
3 0.3865802042391628 0.45504747316018834 0.06862668337304244 0.3331010242510366
3 0.35931395256248855 0.442759323393121 0.06131207036207631 0.33768068010080066
3 0.35137883145585536 0.6579325023427307 0.0711591968627247 0.3070573456188715