4 0.2572707459834786 0.705026329397459 0.06792179266129428 0.12977929408707334
4 0.9137653018515711 0.7508950981051254 0.07175933791157718 0.2841164918901057
1 0.6921070186846421 0.24059714319316114 0.05196240634872348 0.09103962232682372
0 0.6994664211308772 0.2835461632698695 0.02430726422043146 0.04327702828563456
3 0.6852122092139278 0.4379912585100486 0.10188054269930527 0.3215192246396522
3 0.6080343361461664 0.46772145028677475 0.07587267447164323 0.26783917608751623
3 0.381280679835454 0.3691834067014414 0.09168176684743097 0.2605847825658667
3 0.5729621688797664 0.23515493201061904 0.07993268092510902 0.23524138550747886
3 0.31190339464125866 0.3068477817596236 0.11838721904617065 0.2727304362067429
4 0.2849488161860357 0.140218684406154 0.06907510663423011 0.2277107745467334
3 0.33331767754633207 0.5113668136735845 0.08683206078421392 0.3065270570779354
3 0.6319149595137945 0.5550082202207247 0.07173509695403141 0.27669809426399294
3 0.46199737876944974 0.5315465544661772 0.10851812021691709 0.312686201848091
3 0.7060643797070607 0.687024992078172 0.07422055237950398 0.2722729510732404
3 0.7236465211595975 0.7892132957266356 0.13267993869207467 0.31145284437704907
7 0.3592180521514378 0.8731040844913055 0.03773271319243823 0.07160504798441093
7 0.48199896945584886 0.9133739214392047 0.030203624043383382 0.06262528467833006
6 0.27313046656699363 0.8242942111759255 0.10104180556822588 0.06484266677615055
6 0.5461607879310063 0.9141929527516031 0.039292719645904035 0.03898136201945809
8 0.4221129019563134 0.8791289418344403 0.05517453489432862 0.053982161376147045
5 0.40285654374672786 0.9067755443354076 0.028473930887098126 0.04332018726049325
2 0.4315750305019185 0.9161216643228292 0.02511635659621921 0.03586726245449354