7 0.7 0.9292608757283993 0.030810810810810812 0.041983899084363195
7 0.7797297297297298 0.9266490316065822 0.03027027027027027 0.04197271057141209
5 0.8551351351351352 0.9255690032806808 0.018378378378378378 0.029226563286489145
2 0.8791891891891892 0.9250711144543594 0.022702702702702703 0.033162225236251376
8 0.8245945945945946 0.9262011542624147 0.034594594594594595 0.03340837252117432
4 0.3675675675675676 0.8130648881163678 0.049189189189189186 0.20197969314008332
3 0.28135135135135136 0.7412917636243667 0.04432432432432432 0.2355328426773702
3 0.2964864864864865 0.5582861775694299 0.062162162162162166 0.17051744822013926
0 0.3224324324324324 0.22121066740931825 0.015675675675675675 0.028209082260195608
1 0.31486486486486487 0.2973288450521714 0.03027027027027027 0.06216501826372
3 0.4151351351351351 0.40967645282282983 0.04 0.1633279499583772
3 0.3978378378378378 0.4941691006218785 0.07027027027027027 0.20145450668363568
3 0.48162162162162164 0.49147334265292847 0.07297297297297298 0.22074121847915998
3 0.5008108108108108 0.3405953812123972 0.03783783783783784 0.17001396513734227
3 0.6448648648648648 0.36934441174171345 0.05945945945945946 0.17623073642461473
3 0.7291891891891892 0.36856054218288925 0.05027027027027027 0.2048866855506008
3 0.6910810810810811 0.6145416400382454 0.05837837837837838 0.23390066709102042
4 0.8 0.33969100083245646 0.032972972972972976 0.15645173005924431