4 0.27633711507293357 0.2629915274271819 0.09157212317666126 0.2588723555744063
3 0.16450567260940033 0.5235143811936255 0.11912479740680713 0.27068475645851664
0 0.2106969205834684 0.5547368360938784 0.02674230145867099 0.04638615040887832
3 0.7293354943273906 0.548651229351787 0.1426256077795786 0.33576936317972345
3 0.8893841166936791 0.43532410919665204 0.08427876823338736 0.309229184870806
6 0.3581847649918963 0.8673321602644923 0.0940032414910859 0.04996378711537575
6 0.6272285251215559 0.8133962532079547 0.03808752025931929 0.0320942910678887
7 0.5684764991896273 0.8471452339879175 0.04862236628849271 0.06534448096348312
7 0.44692058346839547 0.8714574450421588 0.04943273905996758 0.06535286400355646
8 0.5068881685575365 0.8420186562726909 0.051053484602917344 0.04807856380128238
5 0.49432739059967584 0.8760102648635696 0.024311183144246355 0.03771546814744761
2 0.5214748784440842 0.8735680497358073 0.03241491085899514 0.037799298548181946