7 0.2907608695652174 0.9417072423655322 0.02282608695652174 0.04399295381595883
7 0.21304347826086956 0.9352624109863454 0.023369565217391305 0.044004207252582986
5 0.13505434782608697 0.9278448349004522 0.019021739130434784 0.03037452792206778
2 0.11114130434782608 0.9263825657006072 0.023369565217391305 0.03530014535703173
8 0.16657608695652174 0.930431770201426 0.03858695652173913 0.03561524158250009
1 0.7714673913043478 0.32400133259126274 0.03206521739130435 0.05578967809929982
3 0.6627717391304347 0.3415765640285771 0.04184782608695652 0.13142744305330709
4 0.8858695652173914 0.5328498715228318 0.04673913043478261 0.2001941011589373
4 0.7315217391304348 0.8459014777266808 0.05380434782608696 0.2216169915797286
4 0.20815217391304347 0.34618627512442884 0.029347826086956522 0.15631368170921714
3 0.27010869565217394 0.4325755498782738 0.05217391304347826 0.17999715776888991
3 0.35978260869565215 0.5267921348128956 0.0641304347826087 0.1995870931425068
3 0.3809782608695652 0.5465733786091184 0.041304347826086954 0.20008156679269862
3 0.5108695652173914 0.5395917700782782 0.05380434782608696 0.20711022175380983
3 0.3997282608695652 0.7075032082461429 0.0766304347826087 0.21531980999916928
3 0.3361413043478261 0.708120792137939 0.0875 0.2609994241861921
0 0.2940217391304348 0.6235929448034573 0.017391304347826087 0.033242121577379734
3 0.9320652173913043 0.7804215006764799 0.06086956521739131 0.22950023016299553
3 0.7869565217391304 0.6889255371598013 0.05271739130434783 0.22739719263684824
3 0.6853260869565218 0.45374570930804237 0.03152173913043478 0.18633935309594474