0 0.32503125 0.7153703703703704 0.022218750000000044 0.03814814814814819
3 0.3966041666666667 0.6911574074074075 0.08827604166666667 0.2786018518518517
3 0.5705260416666668 0.5005555555555555 0.10069791666666668 0.21592592592592597
3 0.8891666666666667 0.6906111111111112 0.09631250000000004 0.2775092592592593
3 0.9570104166666666 0.4637222222222222 0.080609375 0.2533611111111111
4 0.7974374999999999 0.8731481481481481 0.06493749999999991 0.2537037037037037
7 0.7082083333333333 0.9276666666666666 0.019822916666666638 0.04051851851851851
7 0.7832447916666666 0.9254444444444445 0.024062499999999907 0.039777777777777815
8 0.8264479166666666 0.9281296296296296 0.029208333333333295 0.030333333333333323
5 0.8572604166666667 0.9274907407407408 0.020005208333333257 0.029055555555555657
2 0.879765625 0.9272685185185185 0.02126562499999996 0.026907407407407356