2 0.879453125 0.926212962962963 0.020640625000000058 0.030203703703703604
5 0.856984375 0.9284722222222223 0.01736979166666662 0.027305555555555566
8 0.8267291666666666 0.925675925925926 0.03455729166666662 0.03762037037037047
7 0.7847916666666667 0.9251018518518519 0.03260416666666662 0.03653703703703707
7 0.7078385416666666 0.9251851851851852 0.033984375 0.04014814814814806
3 0.44145833333333334 0.5853148148148148 0.07589583333333334 0.28174999999999994
0 0.506421875 0.38834259259259263 0.016244791666666696 0.028537037037037083
1 0.37032291666666667 0.3314722222222222 0.03830208333333331 0.07334259259259263
4 0.292109375 0.4065462962962963 0.048036458333333344 0.198287037037037
4 0.5956979166666667 0.9425925925925925 0.06354166666666666 0.11481481481481481
3 0.5254322916666667 0.6728703703703705 0.06052083333333336 0.2716574074074073
3 0.556515625 0.5461481481481482 0.045598958333333425 0.17748148148148155
3 0.5956927083333333 0.524712962962963 0.07395312499999988 0.19387037037037042
3 0.5951927083333334 0.6968425925925926 0.05003124999999997 0.28998148148148156
3 0.8160416666666667 0.41161111111111115 0.05423437500000006 0.24175000000000002
3 0.5543229166666667 0.4144537037037037 0.09121354166666672 0.21410185185185188
3 0.49756770833333336 0.3797685185185185 0.0568697916666667 0.14472222222222217