4 0.3436446815404391 0.7847696762253483 0.06583391716528439 0.1282697191769355
4 0.9688546204116378 0.4403317352515933 0.0585090417992717 0.28248607185036334
1 0.6673639541268851 0.09148811660753815 0.05057210596223001 0.0880549996864352
0 0.6821263847018914 0.12799363728498206 0.023614537958836383 0.043268396490662824
3 0.6982109567791283 0.28098958017982567 0.09707509620198683 0.31849144302440485
3 0.6310594545512497 0.35448301284321376 0.07173571130913842 0.26630370579246326
3 0.3974400682368014 0.3958346562451907 0.08834419770845973 0.25757426454056287
3 0.5535991171440732 0.15633793136378454 0.0765223836622052 0.2337145470073976
3 0.3204682470825468 0.3779739006702451 0.11508843806492033 0.26971991818143903
4 0.2634679196265705 0.23716627578617774 0.06564056677275071 0.22618393604665218
3 0.3792997933800262 0.5573787726975281 0.08282115913430194 0.30499158678288224
3 0.6697800725016014 0.42313796536712306 0.0676369216210414 0.27664630349416236
3 0.5046779651177714 0.5008100404596102 0.10451691593464128 0.30966705202781525
3 0.7646779651177714 0.5035031604907944 0.07009813477614443 0.27073748077818743
3 0.8007919192446565 0.5884526924072365 0.12865449246763527 0.30546633550632823
7 0.4721810619775304 0.8825467735854344 0.03711271538298168 0.06862905713899417
7 0.5957471163802454 0.8482159706359114 0.029564231826860427 0.06113297335813586
6 0.3813137901549122 0.8867987862717934 0.10121150507107861 0.05890794867526034
6 0.6564158975387422 0.8102661081155766 0.03856605440271513 0.03600537117404134
8 0.532806207935518 0.8512734689286012 0.055329688181623926 0.05101480232570194
5 0.5200637901549121 0.8882359801345888 0.028604841247611906 0.041836507735271034
2 0.5488719704222575 0.8796316999097786 0.024389691024824176 0.03437495113429933