4 0.41789052704640023 0.9003115834664109 0.07127885082609667 0.19937683306717813
1 0.5249743639178588 0.3056261967732153 0.05226664916574245 0.08960816591464367
3 0.7096602605095017 0.7234087916934548 0.10375176723541776 0.2858327582810597
3 0.5399614714463196 0.5700033610958785 0.052408362956338744 0.3058942463437492
3 0.530091088685188 0.6613419436286313 0.08641513605450898 0.33979581898775835
3 0.3580257763987776 0.5617067723463358 0.0744685565374052 0.3143990814396188
3 0.318339326918809 0.34560728774938737 0.044271961681222355 0.23631385927275605
3 0.33768148630148914 0.3867497684515492 0.07769732848049163 0.2651735445390297
3 0.06305135779053062 0.5374874364199151 0.07735915348442159 0.33457833724177705
0 0.5348843779340602 0.3128733103906288 0.023298605097315912 0.04172744284932848
6 0.19079141609449263 0.8167754585565444 0.049264297295803644 0.03522367872415546
6 0.188953708618202 0.8594910257726996 0.041936099074930656 0.040101678024861476
7 0.1419049250498289 0.8107326832798083 0.028935174973449353 0.03782036089227696
7 0.14091631865540577 0.8539688280414399 0.02951000745335492 0.04085017583540487
8 0.08876635477683224 0.8000749478410819 0.043624440510172516 0.038124724463902936
2 0.10022849182521772 0.8501078664219488 0.025525623007988472 0.031713905841155805
5 0.0688528381648416 0.8434219499556166 0.02383399466324891 0.032684823184810294