3 0.4392849850687379 0.6249613478125029 0.09713854922936702 0.322716780305768
0 0.520230858697351 0.41728879377421213 0.019097806895144738 0.03400818481942782
1 0.37291354999192566 0.33430490714868955 0.045735729403981656 0.08653648417527195
4 0.28320857410771005 0.40509930004253836 0.06230145141450526 0.226047651423947
4 0.5940230002684566 0.987027767364494 0.07145014541089732 0.025944465271011994
3 0.5278271133512145 0.7339765677979461 0.07925843887980284 0.3092123205474281
3 0.5679714530807608 0.5986296725694173 0.05877221661263418 0.20244631230625662
3 0.6120478172560181 0.5806430577953784 0.09049142964821577 0.22531514492880025
3 0.6033716334643425 0.770621080728418 0.06896196070753441 0.32754764745665244
3 0.8600542846568282 0.4889469263749033 0.07109273785347296 0.2753173926607956
3 0.5716113448144522 0.4531706541923274 0.11070985767782628 0.2501139400552176
3 0.5107723358049545 0.40643224234810477 0.06959385735845607 0.16874809382921577