6 0.27022142442117764 0.8177845033219452 0.09678273224015538 0.05387195256563256
7 0.3590442384306216 0.8678009264792719 0.048522020772611925 0.06696618776317917
8 0.42344115736314547 0.8714899824696533 0.05100029891876242 0.04735509031519228
2 0.43306612615096884 0.9086001109331366 0.029759624234083917 0.030519069551938928
5 0.4047034126458504 0.8999975470378694 0.02298489358138138 0.03195933746963102
7 0.48561096421444805 0.9083896962024407 0.05362648799231007 0.07306121341101239
6 0.5491801469768396 0.9060276678577603 0.039101379589375276 0.036658036512543596
1 0.32556149650081745 0.09099238000349295 0.04860583696480354 0.09264594607133605
4 0.5780137102675056 0.7703704130219099 0.09485172452537453 0.24115676602570404
4 0.8249082232381466 0.29632851231235047 0.07026559261044063 0.23788075837537512
3 0.6614321523731482 0.52878013871159 0.08568746228295984 0.28939846371766703
3 0.5290145742095598 0.4632053798514472 0.08649054663185922 0.2758120858170792
3 0.5013319684588224 0.37605736114485877 0.09064401857526064 0.25017626882169375
3 0.5314536919533835 0.36504003932958523 0.08132198467695555 0.2500795979335963
3 0.48125154701927414 0.4264550665820832 0.11862491136291564 0.2549980035403668
3 0.40230515037422865 0.3365094969637685 0.10328685788258833 0.229160056506232
3 0.4103193026116524 0.2180085309037966 0.0931962521851098 0.25322378164561044
3 0.3796105832601032 0.5386979205663593 0.0933540238410001 0.3015621502256708
3 0.13370735601466913 0.5792006839422248 0.0813762186836679 0.26669591213299204