4 0.29683724875851364 0.19939577039274925 0.06170720014706247 0.21148036253776434
3 0.07749448179711971 0.6344410876132931 0.08820518334308279 0.2809667673716012
6 0.37744574317794577 0.879154078549849 0.09931524439301827 0.04984894259818731
7 0.4698235548981246 0.8806646525679759 0.03412510184008802 0.06948640483383686
8 0.5324368120199727 0.850453172205438 0.05608504468147418 0.04682779456193353
5 0.5177246322873142 0.8867069486404834 0.024694599928358325 0.03625377643504532
2 0.5473634625973572 0.8799093655589124 0.030626803318188834 0.03625377643504532
7 0.5981246388501609 0.8534743202416919 0.03241046512886445 0.0634441087613293
6 0.6573283440065482 0.8172205438066465 0.03824899159801011 0.03474320241691843
1 0.692681029121343 0.09441087613293052 0.0443340362794843 0.08157099697885196
4 0.605615889965802 0.68202416918429 0.07521228817424856 0.19486404833836857
0 0.17391919760610686 0.31797583081570996 0.023029266859600547 0.045317220543806644
3 0.870502815117568 0.5694864048338368 0.10425264425162453 0.26435045317220546
3 0.6447857296313376 0.479607250755287 0.0761928656360246 0.23564954682779457
3 0.5916960863186121 0.3119335347432024 0.06259903105240028 0.22507552870090636
3 0.561318266394875 0.35196374622356497 0.055873604042163426 0.24169184290030213
3 0.33282982860146904 0.3217522658610272 0.07354202474124408 0.20241691842900303
3 0.35154073882705383 0.47205438066465255 0.09068839185347989 0.2628398791540785
3 0.39269913293114367 0.48942598187311176 0.10509024115025023 0.26132930513595165
3 0.23670008711233856 0.3391238670694864 0.0889096604070508 0.23716012084592145
3 0.30724889315531123 0.5332326283987915 0.0653238274108794 0.2809667673716012