7 0.44116406250000006 0.8647361111111111 0.04445312500000007 0.05884722222222207
7 0.557734375 0.8627083333333333 0.04321874999999995 0.050819444444444334
6 0.6170625000000001 0.8444166666666667 0.03464062499999994 0.026138888888888802
6 0.3559453125 0.8447638888888889 0.09053906250000003 0.026819444444444368
8 0.4994609375 0.8478194444444443 0.047218750000000045 0.032944444444444484
5 0.48471093749999994 0.8798472222222222 0.022164062499999915 0.02954166666666664
2 0.5110703125 0.879263888888889 0.02578125 0.028375000000000088
3 0.34367187499999996 0.3671111111111111 0.08385156250000003 0.18659722222222225
3 0.52825 0.4535277777777778 0.060148437500000006 0.14515277777777777
3 0.5988203125 0.4493472222222222 0.03610937500000002 0.20822222222222217
3 0.6659453125 0.4953888888888889 0.06320312500000007 0.2010833333333333
0 0.6591328125 0.6046388888888888 0.022804687500000042 0.03070833333333335
3 0.7611328125 0.616375 0.06609374999999992 0.1811666666666666
4 0.7164453125 0.364 0.021351562499999942 0.1764305555555555
4 0.022218750000000002 0.3705416666666667 0.044437500000000005 0.16568055555555555
3 0.5535 0.516 0.048140624999999916 0.13120833333333337
3 0.5453515624999999 0.6066388888888888 0.08542187499999994 0.19343055555555552
3 0.6151718749999999 0.6235277777777778 0.08889062499999997 0.23515277777777785
3 0.44936718750000004 0.5485416666666667 0.03407812499999992 0.22011111111111115
1 0.66465625 0.30662500000000004 0.03161718750000002 0.065625