4 0.1654696132596685 0.278725383132005 0.08232044198895028 0.2444664603554345
0 0.4149171270718232 0.4625434088291036 0.026519337016574586 0.04546095857654801
3 0.5041436464088398 0.47820114902013433 0.08176795580110498 0.25723088291947094
3 0.2580110497237569 0.8229046429486406 0.17292817679558012 0.2748732620145668
3 0.7964088397790056 0.9890771046010877 0.11878453038674033 0.02184579079782469
3 0.855524861878453 0.9549331359735381 0.1453038674033149 0.09013372805292369
3 0.9759668508287292 0.3848498981935684 0.04806629834254143 0.21758953948286164
3 0.8930939226519337 0.37515178967525475 0.05911602209944752 0.19118124537305725
3 0.6480662983425415 0.2164285995758847 0.05138121546961326 0.1852073262990362
3 0.6718232044198895 0.5929022407172119 0.09834254143646409 0.3045536087488704
3 0.44005524861878453 0.5094635574110273 0.11160220994475138 0.2742389013966728