4 0.6941731259177557 0.7813432835820896 0.05910552913192493 0.11641791044776119
4 0.03688694969147183 0.6492537313432836 0.0487266076718437 0.27761194029850744
1 0.30554427445109905 0.20298507462686566 0.046399618271795784 0.0791044776119403
0 0.2945040141156953 0.24402985074626865 0.021100053334802717 0.03880597014925373
3 0.29357207440919336 0.4007462686567164 0.0773525929285803 0.30895522388059704
3 0.36765109604210233 0.45149253731343286 0.05454052213683412 0.25970149253731345
3 0.6026724431438422 0.4141791044776119 0.07211404523389894 0.2462686567164179
3 0.42458637845974695 0.2291044776119403 0.061978600924038785 0.2253731343283582
3 0.6770565103834497 0.3716417910447761 0.09897920573662045 0.25223880597014925
4 0.7199396395444911 0.21343283582089553 0.051053037736753806 0.21940298507462686
3 0.6365632607735118 0.5686567164179105 0.06305180212448006 0.29701492537313434
3 0.33593024545914424 0.5313432835820896 0.04870220402330778 0.2701492537313433
3 0.5069955337459984 0.5544776119402985 0.0848638826613928 0.29701492537313434
3 0.24957669821005346 0.6425373134328358 0.05204326653217289 0.2656716417910448
3 0.2219967904727996 0.7388059701492538 0.11083642896283852 0.2865671641791045
7 0.5766865763478528 0.9208955223880597 0.03292311145307052 0.0626865671641791
7 0.4508256868896739 0.9276119402985075 0.026192179138268667 0.056716417910447764
6 0.6669541125112641 0.8955223880597015 0.10078827845256948 0.03582089552238806
6 0.38712342601956146 0.9104477611940298 0.03784441171678534 0.028358208955223882
8 0.51338425564616 0.9097014925373135 0.0529792479656752 0.03880597014925373
5 0.5300578434473885 0.9417910447761194 0.026123848922368142 0.03582089552238806
2 0.5002710835230505 0.9432835820895522 0.022748621305552868 0.029850746268656716