7 0.27640337375196283 0.9307798533799908 0.02188773804408423 0.04567960656908902
7 0.1970065387725771 0.9149680514917902 0.015906315310491227 0.04465059677419512
5 0.12005535596710437 0.8991815689789757 0.0202130371650878 0.03212307514797423
2 0.09639982323115366 0.8945847840691337 0.024576672572182746 0.037003677312855865
8 0.15132432715127053 0.9053078022614999 0.039803549468613676 0.040062574058220335
3 0.8506322412810994 0.8624695922635252 0.09223077398620094 0.27506081547294964
0 0.7400352714223694 0.5337558237893452 0.022968370837767916 0.04375662364802713
1 0.658151317684817 0.33900750120062373 0.04100433309534992 0.07489007469615243
4 0.679302884938289 0.4088566176877822 0.04077071750919399 0.16966201103095813
3 0.6693643075011066 0.6103910009747129 0.08884342985987592 0.24559234857773196
3 0.6840573729046978 0.6995149588953999 0.12587899819969883 0.27015290218232085
4 0.5197662265845172 0.8951368286039094 0.07352802077066965 0.20972634279218128
3 0.032935635878654085 0.6821360806424748 0.06231101286212572 0.2752973063526478
4 0.08012266394968816 0.32093471396276013 0.04908098462362225 0.21810230836864122
3 0.273676809555918 0.34614858960366934 0.054499957912179424 0.2133229837053042
3 0.4053724512078759 0.40070169870836103 0.058860431455246706 0.21723646788179138
3 0.36671471509740733 0.5448807279671726 0.08615133346774961 0.25330115984557056
3 0.24840719488533755 0.5958785162662169 0.06489560587731041 0.2347064834793934
3 0.7165206228115979 0.6553651231010647 0.07645093323681759 0.2783449500422852
3 0.544444753857866 0.5505890745321459 0.0714552873760775 0.24637941767449148