7 0.28288027707236696 0.9447069943289225 0.021941578022271903 0.04064272211720227
7 0.2065504898383244 0.9447069943289225 0.021941578022271903 0.04064272211720227
5 0.13021915530911937 0.944234404536862 0.018177944092728004 0.02835538752362949
2 0.10708085743677893 0.944234404536862 0.02244564160296407 0.03213610586011342
8 0.1610702191389066 0.944234404536862 0.037339258624240666 0.03213610586011342
1 0.739023731092772 0.30293005671077505 0.03048935140404381 0.05198487712665406
3 0.6332577684969216 0.32892249527410206 0.03870635826332246 0.12476370510396975
4 0.8556171162130652 0.497164461247637 0.04212065812842295 0.19281663516068054
4 0.7114472271951353 0.8156899810964083 0.04963245303588555 0.21266540642722118
4 0.18897748955903673 0.3700378071833648 0.026555869648905293 0.1502835538752363
3 0.2512039729575552 0.44896030245746693 0.0484355558646776 0.1720226843100189
3 0.3411101456612712 0.5340264650283554 0.05966456584680958 0.1899810964083176
3 0.3624439913269641 0.5515122873345936 0.037333424085869635 0.19281663516068054
3 0.48898403338196555 0.5344990548204159 0.04958603418101091 0.19848771266540643
3 0.38396523702845753 0.7074669187145558 0.07194502725487571 0.20415879017013233
3 0.32201571946402435 0.7131379962192816 0.08166494108525602 0.2485822306238185
0 0.27893817223571865 0.6342155009451795 0.01659148318285189 0.031190926275992438
3 0.9058650380813422 0.7353497164461248 0.056040188481889595 0.22022684310018903
3 0.7619942603980984 0.6578449905482041 0.04805527589698439 0.21833648393194707
3 0.6575451747115724 0.43620037807183365 0.0282475466298307 0.17958412098298676