4 0.40054347826086956 0.9043285990393766 0.07065217391304347 0.18714960053286353
1 0.5165760869565217 0.3443520975071228 0.051630434782608696 0.08907681342317507
3 0.685054347826087 0.7564480129572353 0.10380434782608695 0.27874515107601083
3 0.525 0.5988785567225685 0.05489130434782609 0.29610758355935946
3 0.5135869565217391 0.686166412503177 0.08804347826086957 0.3296760547988315
3 0.3502717391304348 0.5802702480278773 0.07608695652173914 0.3042834114948471
3 0.3168478260869565 0.37019711718808157 0.04565217391304348 0.22821801594913257
3 0.3347826086956522 0.41070387711504464 0.0782608695652174 0.25790676179840255
3 0.0671195652173913 0.5391074009704371 0.07934782608695652 0.3246604098708765
0 0.5258152173913043 0.351796790842688 0.02282608695652174 0.04205871783916977
6 0.18369565217391304 0.8147320948477279 0.04782608695652174 0.03677366799350043
6 0.18097826086956523 0.8557783421713783 0.04076086956521739 0.0404958452709683
7 0.13668478260869565 0.8065052876668035 0.02826086956521739 0.03733566226343563
7 0.13505434782608697 0.8475740418637018 0.028804347826086957 0.04121538765363768
8 0.08614130434782609 0.7924026252174563 0.042391304347826085 0.039562487592445295
2 0.09592391304347826 0.8414446454906125 0.025 0.03146543371332497
5 0.06603260869565217 0.8330887625691429 0.023369565217391305 0.032398791391847974