7 0.216993097523271 0.9399054775768281 0.02438910568616822 0.029426727044135993
7 0.1365339265894655 0.9239808892991005 0.02438910568616822 0.029426727044135993
5 0.05578076559671183 0.9115745013081885 0.020408008150299466 0.021337466673233867
2 0.031222572412508583 0.9057866988969444 0.024937642890092048 0.024402398905112747
8 0.08853433608589302 0.9164411352408198 0.04076999956763093 0.028590426304214215
1 0.6021161530781101 0.3960899821308856 0.0392328559692839 0.07686260589230977
4 0.6347103084566521 0.4497493726027523 0.042934942880041446 0.1724711642211485
4 0.49754430192301247 0.9269704039655287 0.06602975958849899 0.1460591920689428
4 0.012419235290934404 0.3582835111525674 0.024838470581868808 0.18537404662122028
3 0.37449663199410643 0.37411353805260095 0.06669662553434066 0.18277735018901575
3 0.473931660242694 0.3751436568118848 0.062183425342036594 0.1847425990436561
3 0.46698417850026414 0.5129033096863053 0.07464895987758491 0.19593776227890866
3 0.48245352001940284 0.5336880081971718 0.06346456668175642 0.23103197093462383
3 0.37161223218389094 0.5652370075503436 0.07082563399760654 0.23613824033858993
3 0.5282012524499725 0.6252113010840861 0.06572116677790846 0.23004934650730371
3 0.6098871423756882 0.6979915680082195 0.07873195160788274 0.23521414538622917
3 0.6191565857220299 0.7141847211187635 0.0816324092833923 0.25838224312169666