4 0.329171875 0.7412777777777778 0.052617187500000016 0.10556944444444444
4 0.938875 0.5804166666666666 0.03987499999999997 0.2560555555555556
1 0.6818515625 0.1805138888888889 0.04146093749999995 0.07134722222222223
0 0.6929765625 0.21790277777777775 0.019062500000000072 0.03499999999999998
3 0.6959531250000001 0.3637361111111111 0.06519531250000003 0.28302777777777777
3 0.628078125 0.4151111111111111 0.04551562499999999 0.2389583333333333
3 0.4086953125 0.39458333333333334 0.062109375 0.22566666666666668
3 0.5716640625 0.21205555555555555 0.05321874999999991 0.20586111111111116
3 0.33865625 0.35877777777777775 0.0872109375 0.22945833333333338
4 0.2963671875 0.21416666666666664 0.04281249999999996 0.20213888888888884
3 0.37926562500000005 0.5396944444444445 0.05235937500000003 0.2738194444444444
3 0.658796875 0.4879583333333333 0.03999218750000004 0.2497361111111112
3 0.4999921875 0.518888888888889 0.07282031250000003 0.27190277777777777
3 0.7407812500000001 0.5863194444444444 0.04324218749999993 0.24405555555555558
3 0.7677578125 0.6743888888888889 0.09718750000000007 0.2614722222222223
7 0.44056249999999997 0.8638472222222222 0.029570312499999928 0.05705555555555546
7 0.5577734375000001 0.8631666666666666 0.02321093750000003 0.05173611111111111
6 0.3562578125 0.8454444444444444 0.09338281249999998 0.02819444444444438
6 0.6169765625 0.8436388888888888 0.034476562500000085 0.024597222222222274
8 0.49919531250000004 0.8501111111111112 0.048914062499999925 0.03355555555555567
5 0.48442187499999995 0.8811249999999999 0.023828125 0.03209722222222208
2 0.5118984375 0.8805694444444444 0.020742187499999964 0.027013888888888952