0 0.3875868055555556 0.673460399675013 0.030381944444444444 0.054326580313863185
4 0.16536458333333334 0.852456332439835 0.10503472222222222 0.29275302069000847
4 0.3016493055555556 0.13731219774798303 0.059895833333333336 0.18117504669283319
3 0.3875868055555556 0.17654681942809944 0.11024305555555555 0.2866340499783817
3 0.5368923611111112 0.17500258065111746 0.07118055555555555 0.26616830562422583
3 0.65234375 0.3481912050880664 0.10503472222222222 0.31435795896161356
3 0.6393229166666666 0.3791900746052953 0.12413194444444445 0.3160986877514917
3 0.59375 0.4375317969279422 0.11197916666666667 0.33140509266298335
3 0.7421875 0.37658295603647096 0.09895833333333333 0.34824572931859393
3 0.4461805555555556 0.586434622649952 0.1423611111111111 0.25764525322376025
3 0.3893229166666667 0.6248313322990533 0.1440972222222222 0.29932987615527573
3 0.23741319444444445 0.5322667030041724 0.11197916666666667 0.28819521611977345
3 0.14453125 0.625048350827895 0.09722222222222222 0.30347468663399224
6 0.3914930555555556 0.8832965412889803 0.09895833333333333 0.06583832191118635
6 0.6788194444444444 0.7869605819256681 0.04079861111111111 0.0359157993844367
7 0.6184895833333334 0.8292512287958245 0.05295138888888889 0.07153532039887066
7 0.4900173611111111 0.8745614738761044 0.057291666666666664 0.08238268019679493
8 0.5516493055555556 0.8361153844986695 0.059027777777777776 0.05307964880732237
5 0.5381944444444444 0.874063187526555 0.027777777777777776 0.041953966904244494
2 0.5677083333333334 0.8652702767031407 0.03298611111111111 0.04200783569879051