4 0.71822086431316 0.6498115543818482 0.061026848593443615 0.18812589357597362
3 0.8689725815498086 0.47100166341805794 0.07853577805605047 0.26412439244311364
3 0.986358726616374 0.5548236447742666 0.024524266120400633 0.28610505227689464
3 0.42839046814289744 0.2522130112305608 0.06326809086237488 0.16970711418995305
3 0.40727717855793366 0.28675435425115486 0.06979470303662483 0.23022350366528133
3 0.39651038675595324 0.4123739453747176 0.14285715787584652 0.22790676635584617
3 0.2706825696644032 0.35886380677697094 0.06859709105886118 0.21586731958779998
3 0.11087382908286823 0.49217480970487526 0.09746286612475162 0.24587847890188572
0 0.4083343903698067 0.22731918340615856 0.0248749788218861 0.04123992487896626
3 0.49522700389863983 0.4871683442195083 0.04270229755924849 0.39079803662539836
3 0.5127794499248498 0.3978501732212207 0.09000978363826574 0.2539977086277645
3 0.5552362343893615 0.6105178604796001 0.06901551955504603 0.3439410900796033
1 0.1616248594983425 0.01616360675054924 0.036934400681105616 0.03232721350109848