2 0.879453125 0.926212962962963 0.020640625000000058 0.030203703703703604
5 0.856984375 0.9284722222222223 0.01736979166666662 0.027305555555555566
8 0.8267291666666666 0.925675925925926 0.03455729166666662 0.03762037037037047
7 0.7847916666666667 0.9251018518518519 0.03260416666666662 0.03653703703703707
7 0.7078385416666666 0.9251851851851852 0.033984375 0.04014814814814806
1 0.34158333333333335 0.27399074074074076 0.03448437500000002 0.0566296296296296
4 0.2511979166666667 0.4025277777777778 0.03913541666666666 0.18654629629629632
4 0.6731979166666666 0.2965277777777778 0.0393802083333334 0.1486111111111111
4 0.6955052083333333 0.8248611111111112 0.050661458333333326 0.13120370370370374
0 0.704453125 0.4737962962962963 0.014442708333333342 0.029212962962962972
3 0.6853697916666667 0.46997222222222224 0.08247916666666673 0.1658611111111111
3 0.6506510416666667 0.4351666666666667 0.06473958333333343 0.22587962962962968
3 0.6741875 0.3877685185185185 0.030947916666666703 0.17184259259259263
3 0.7464999999999999 0.36580555555555555 0.0338958333333333 0.16864814814814813
3 0.7928385416666667 0.6923518518518519 0.06616145833333344 0.2341574074074073
3 0.6463854166666666 0.5806759259259259 0.04408854166666672 0.2132037037037037
3 0.4308802083333333 0.4671388888888889 0.06933333333333327 0.20094444444444443
3 0.34056770833333333 0.5521481481481482 0.04911458333333331 0.20799074074074067
3 0.28741145833333337 0.5195277777777778 0.03655729166666669 0.2205370370370371
3 0.13005729166666666 0.7111666666666666 0.06559895833333333 0.23714814814814805