2 0.05392381657588251 0.8540713653531667 0.02498365962306006 0.03874445307106612
5 0.07796305474164135 0.862125155823553 0.021015709725182175 0.03463836416333594
8 0.11159695195291833 0.8669618306913494 0.0329195594188158 0.046956630886526025
7 0.1565483621946813 0.8770975789299889 0.02445155696662479 0.04879310895288813
7 0.239103263000348 0.8965152209757773 0.029542876548332077 0.0509105380084431
3 0.7514718337057137 0.8672859448223972 0.11150031318980363 0.23670087171020168
3 0.6891961865566438 0.5697633208801394 0.08806074766628055 0.3247403946018501
3 0.6643308556755014 0.5682663252590525 0.10172525080410566 0.3572145045447658
3 0.7367803596909499 0.6075123867841603 0.11462756762065546 0.3293147351582354
3 0.6105533581873939 0.5371852639708865 0.1084030176266257 0.3261678573029437
3 0.48292763996658933 0.7304864552560799 0.11378029833463432 0.41581043726393124
3 0.29830804658819243 0.5999968711825605 0.12030358041076171 0.3374800878088297
3 0.19356621784469996 0.4477301225558463 0.08744318536290473 0.3086321088337726
3 0.08150370640481626 0.7352826484047567 0.14916644337526128 0.3531676519204226
4 0.6960097951000273 0.320611322166022 0.06125069640907474 0.245719373964982
4 0.6106067021037463 0.8993817147826957 0.09266560464232595 0.1779644634964393
1 0.6672502814436083 0.25128297276983363 0.049497667870141385 0.10665225015272678
0 0.6643744755893315 0.2357479428577063 0.02160697675257643 0.042698360192983086