4 0.32920641133637957 0.7374301675977654 0.07031010603843448 0.18342644320297952
3 0.1807837343473644 0.6163873370577281 0.09277482445235512 0.25605214152700184
3 0.055433159204312896 0.7299813780260708 0.09657986593392001 0.2774674115456238
3 0.5616234704410178 0.30400372439478585 0.07073009927980915 0.16759776536312848
3 0.5829188581388531 0.330074487895717 0.08209039415318334 0.22346368715083798
3 0.6018334893905014 0.4399441340782123 0.1476389872992432 0.239292364990689
3 0.7112640321401402 0.35893854748603354 0.07938730266178694 0.21042830540037244
3 0.8644202570277484 0.4366852886405959 0.10787887225596861 0.24394785847299813
0 0.5780305099963075 0.2770018621973929 0.02541113008354846 0.04283054003724395
3 0.5182399787376697 0.5330540037243948 0.07095015117591874 0.3612662942271881
3 0.4962234019616123 0.45716945996275604 0.1021562629998505 0.24953445065176907
3 0.47290882519222693 0.659683426443203 0.09060784432497936 0.3249534450651769
1 0.7833738255621362 0.020484171322160148 0.03848795096996844 0.040968342644320296