7 0.2386286413351721 0.8763392147398134 0.02746922155321255 0.05117260178797174
7 0.15861727027726466 0.8468504844640983 0.028038049767092024 0.05118437917002554
5 0.0783181757666775 0.8163437197483687 0.02230343678793766 0.03689656486365812
2 0.05383208780394278 0.8077401263281555 0.026873918573413032 0.04306365841401512
8 0.110777786760944 0.8281486337642976 0.04281434594499657 0.04744200810747087
0 0.6004895660109703 0.2143423262987346 0.015454332801204637 0.029670216036098436
3 0.5885592552020348 0.30568830286798027 0.05523628422302714 0.19343832098485036
3 0.6092405956647047 0.3683592521846675 0.07636235243432542 0.21816558209654688
3 0.8039750962101236 0.4321037160373264 0.05460788778582748 0.17520792012101521
1 0.794053506297932 0.35498042361933607 0.04006948524780006 0.077747493666838
3 0.7271573814505894 0.6835325406339559 0.06224754615102103 0.2502598115128148
3 0.7248146062608053 0.8368137346953471 0.10173827514772173 0.32495909055063565
4 0.6282726584968269 0.8764812524320911 0.08560259637747689 0.24703749513581794
3 0.38572330490143547 0.7215007085406508 0.09140008692569178 0.2943827252040329
3 0.4611935990321236 0.5798543655630424 0.06515456478947844 0.26954946765385274
3 0.4647418722373368 0.44734571412000956 0.08956453780019284 0.2548737088473452
3 0.3056633794501917 0.4162199277388262 0.07760590792576506 0.2505778008282657
3 0.3255096789936126 0.4844400126018661 0.07248976334659037 0.2514839501387699
3 0.12822372485008643 0.42317291490243514 0.07476507620210807 0.2515310596669848
4 0.04492953478552727 0.1724773402536322 0.057581093339085086 0.21474049124181013