7 0.22504519988286778 0.8691063406368574 0.035808603390688386 0.05266948606423954
7 0.14137805162795627 0.845482243074244 0.03523652101082569 0.05265763672262126
5 0.06230087597426797 0.8239896001223767 0.02196546099424993 0.035073492904099085
2 0.03680326938341299 0.8173523247869651 0.026582060720116357 0.04127826727044581
8 0.09410470230593425 0.8327938780933892 0.03918118663941736 0.04357561266384713
4 0.4197063150028843 0.8952892911230789 0.1066344548138624 0.20942141775384226
4 0.10864833151498868 0.5637833154904043 0.11040684573220597 0.3515266946086119
3 0.0917096638879274 0.7726709390026133 0.11108503581067515 0.28026729756883423
3 0.353070628511319 0.5907370780477355 0.10678170559933288 0.409488555734596
3 0.47839328199763476 0.5989328985260751 0.08653249174467101 0.3744506108553518
3 0.7019370989196241 0.4508342742761929 0.10803197805766472 0.33824100803643653
3 0.68048320807484 0.27526087315791137 0.0802524983285364 0.28879240257155264
3 0.6222612137614298 0.4252564622271066 0.10000951117726524 0.33603845737598115
3 0.5614536611669971 0.3109776581392717 0.0667355382089774 0.3210945764175219
3 0.4593473423332127 0.39795457097257037 0.10821836793016718 0.3667542463256422
0 0.388298689141135 0.2483360205143597 0.026056575808379254 0.04839472750112908
3 0.353592183832526 0.4517646647419032 0.08855455001768968 0.33376481066581654
3 0.3919083897210053 0.45052191075252296 0.08484287172972614 0.378488382586098
1 0.39351672556213807 0.1277883408416768 0.056137698619279794 0.09992739021028635