6 0.8041576019790515 0.7863623932761049 0.04878387388209228 0.04184961988748648
6 0.8070000668778868 0.8262354720607585 0.04448156296786348 0.04853563658124839
7 0.851214504348351 0.7767410940515346 0.031489721357665985 0.04263214820099567
7 0.8529711710067992 0.8180676686627477 0.03041178504945566 0.0435824985282822
8 0.9034144037849627 0.7646628050354219 0.04771537189249471 0.0456845855993886
2 0.8913652732495314 0.8128627975891153 0.027146528396116892 0.03681816489475759
5 0.9224730849000143 0.8043680618062979 0.022284808304122782 0.03772935675216266
0 0.8688973967155544 0.4933946010475543 0.020682055319726174 0.04348180532001563
3 0.8821091922300899 0.5028729310183538 0.07267808510958865 0.24112862631236262
4 0.885523825594791 0.45043552046175217 0.045031898220251505 0.21680486735047916
3 0.671194603914543 0.5367853864282314 0.04623562544329321 0.2543160554847311
3 0.533575327791225 0.47138495046841744 0.11698983034242971 0.23774118597053406
3 0.5060708358776905 0.3697499680023254 0.057404579968138886 0.19866430012514447
3 0.23956372817092653 0.46144735375414797 0.06718148129093035 0.21318807025648798
3 0.22423554989747277 0.3553595817007997 0.04770315319424618 0.20721745307072406
3 0.19569660790606688 0.48738124242211667 0.06123239057211358 0.2121649970565644
3 0.4238986988070638 0.6215534135663145 0.11167562335027714 0.2655698606838902
3 0.39344935667977615 0.5939848629743136 0.08738274675466061 0.2749335122786085
3 0.4220099516880427 0.6206114543397169 0.07339158815802237 0.29401883576410387
4 0.2094178566256697 0.34109034162368546 0.039469254171306575 0.16867200360229695
4 0.3338104649700644 0.7320974133246018 0.06355179137781503 0.26026429640199134
1 0.5585146354084054 0.20046293755823721 0.03806426148453455 0.06962235392958357