6 0.39275511101005167 0.894774011299435 0.0907901792205943 0.0480225988700565
6 0.6529291513847013 0.8121468926553672 0.03672034065856253 0.03248587570621469
7 0.4796136980994601 0.8877118644067796 0.04405713202590454 0.062146892655367235
7 0.5976229398320547 0.8502824858757062 0.045662903539347634 0.06497175141242938
8 0.5361427082133303 0.8545197740112994 0.04075323936831157 0.0423728813559322
5 0.5248564108190906 0.8884180790960452 0.015254829377708452 0.026836158192090395
2 0.5525833962999795 0.8806497175141242 0.021631740616126875 0.031073446327683617
1 0.3297673562890845 0.182909604519774 0.04181470409101271 0.08333333333333333
4 0.07755919683144366 0.634180790960452 0.0731278046335806 0.2598870056497175
4 0.6416374024632819 0.663135593220339 0.07442882236569039 0.21610169491525424
4 0.6859916126216216 0.10310734463276836 0.062459415719433586 0.2062146892655367
3 0.2911528449172849 0.6497175141242938 0.08126748175764403 0.2909604519774011
3 0.31503135293462414 0.5995762711864406 0.12322015426428762 0.2740112994350282
3 0.40121578771987126 0.4894067796610169 0.09688191866468031 0.2514124293785311
3 0.4189067012417415 0.4639830508474576 0.07410615468864538 0.288135593220339
3 0.5565806364564035 0.15677966101694915 0.06715667573984363 0.1963276836158192
3 0.5793067201964086 0.355225988700565 0.12529635286390683 0.2274011299435028
3 0.6191837501338626 0.5063559322033898 0.09771250931061375 0.2570621468926554
3 0.7070524536186538 0.4110169491525424 0.08246691489597623 0.23163841807909605
3 0.740450431693482 0.4209039548022599 0.12322938922735836 0.2754237288135593
3 0.8847275347417944 0.15254237288135594 0.0760900036575578 0.2274011299435028