6 0.3564765625 0.8445277777777777 0.08885937499999996 0.019874999999999924
7 0.4413046875 0.8648611111111112 0.02271093749999995 0.05295833333333348
5 0.485171875 0.8804861111111112 0.019539062499999992 0.026124999999999923
2 0.5118828125 0.88075 0.020398437499999922 0.021583333333333284
8 0.499328125 0.8494583333333333 0.04642968750000005 0.02720833333333322
7 0.5590234374999999 0.8655416666666668 0.03656249999999996 0.05179166666666662
6 0.61690625 0.8430416666666667 0.03442968749999995 0.021958333333333257
1 0.2947734375 0.20441666666666666 0.03739062500000001 0.07154166666666666
4 0.2220859375 0.28923611111111114 0.04602343749999997 0.19751388888888893
3 0.32992187500000003 0.394375 0.07642968750000004 0.22526388888888885
3 0.352890625 0.2611805555555556 0.04201562499999998 0.18902777777777782
3 0.3817031249999999 0.4126527777777778 0.046062499999999985 0.23008333333333328
4 0.5027109375000001 0.7360694444444444 0.05147656250000008 0.12688888888888883
3 0.3545390625 0.6050277777777778 0.0586953125 0.21004166666666668
3 0.34946875 0.6982916666666666 0.04857031249999997 0.20213888888888884
3 0.562328125 0.3219444444444445 0.10374999999999997 0.17959722222222227
3 0.6422890625 0.4540138888888889 0.04715624999999992 0.2016805555555556
4 0.8174609374999999 0.24104166666666668 0.04512500000000008 0.19241666666666662
3 0.8157109374999999 0.5748472222222222 0.06139843750000003 0.2449166666666667
3 0.6976484375 0.5366666666666666 0.04625781250000003 0.23602777777777786
0 0.76425 0.32919444444444446 0.015617187500000008 0.028777777777777735
3 0.7765000000000001 0.3617361111111111 0.05574218750000002 0.21236111111111108