6 0.6634685839130007 0.8510324483775811 0.09462866867830029 0.030973451327433628
6 0.38726717171831887 0.8761061946902655 0.037400266116581454 0.02654867256637168
7 0.574234457382139 0.8805309734513275 0.0424766959889114 0.05752212389380531
7 0.4485739742656484 0.8923303834808259 0.04413989485276786 0.058997050147492625
8 0.5116645774556685 0.8702064896755162 0.04903783409242357 0.035398230088495575
5 0.5277324261903037 0.9011799410029498 0.021665001870514955 0.032448377581120944
2 0.4999450002702192 0.9041297935103245 0.028288852899020934 0.029498525073746312
0 0.22382187889804483 0.39823008849557523 0.01751906488875708 0.032448377581120944
4 0.25094200022642876 0.21902654867256638 0.052080164464115106 0.20501474926253688
3 0.49605370912907987 0.19247787610619468 0.05125580113891694 0.20648967551622419
4 0.982489477569496 0.5368731563421829 0.03227132430359107 0.23303834808259588
4 0.38194526705919407 0.7286135693215339 0.06945450721827122 0.19321533923303835
3 0.16735995080768387 0.4218289085545723 0.0969189967920939 0.22418879056047197
3 0.5504279200940884 0.3001474926253687 0.0529190000027734 0.2079646017699115
3 0.5850945963927936 0.34882005899705015 0.06294160982629274 0.23008849557522124
3 0.544775290139945 0.3805309734513274 0.0861878013510571 0.23893805309734514
3 0.44823257089781327 0.4896755162241888 0.0671357875195843 0.2448377581120944
3 0.3855565614059689 0.5117994100294986 0.07956395032255112 0.24188790560471976
3 0.36638663425225215 0.41519174041297935 0.058810145057994985 0.2345132743362832
3 0.8353735632566485 0.6438053097345132 0.055488571401435184 0.23303834808259588
3 0.7377706540448307 0.5700589970501475 0.08783170393030013 0.2345132743362832
1 0.6586829804149393 0.1592920353982301 0.03757393267810238 0.07964601769911504