3 0.2122058233887492 0.5432509505703422 0.11852751114251354 0.26901140684410646
3 0.26529926739783727 0.5080798479087453 0.08266441160886621 0.2585551330798479
4 0.1581294377451586 0.3597908745247148 0.10176952497725399 0.21387832699619772
4 0.7374349377740224 0.8174904942965779 0.12336834561753973 0.27756653992395436
7 0.7112319074872533 0.8992395437262357 0.04241399080737536 0.051330798479087454
7 0.8851451883718354 0.8531368821292775 0.041350694368670435 0.053231939163498096
2 0.6620791580392635 0.9130228136882129 0.03331063716072055 0.04752851711026616
8 0.6110500841288582 0.9253802281368821 0.05527932679566891 0.060836501901140684
5 0.5602992788838748 0.94106463878327 0.03383917424113671 0.045627376425855515
3 0.25925447100940713 0.8669201520912547 0.10728823120164033 0.2661596958174905
3 0.5865577748633554 0.6311787072243346 0.10139343370471851 0.2623574144486692
0 0.5423296823722916 0.5974334600760456 0.026918413972746257 0.055133079847908745
3 0.5770826401138082 0.5137832699619772 0.149559109617944 0.2737642585551331
3 0.6755672077680084 0.6226235741444867 0.18483767157032102 0.26901140684410646
3 0.16425654990098024 0.6796577946768061 0.11489930777513674 0.3041825095057034