3 0.4062167515218737 0.6373021987268672 0.11086976748497218 0.217869270856518
3 0.6158427765098332 0.4759664301489999 0.08050359620315686 0.25272514889908015
0 0.6358260735502136 0.5793134620243007 0.024207283514066237 0.04397509728278799
3 0.6491594576790458 0.5086314628136243 0.07031516814524298 0.24406494094622072
3 0.5669183392349025 0.5553110855550865 0.09601161759353095 0.2528855263368347
4 0.09088313218131519 0.4990555936856419 0.05861890731948961 0.2648558228323034
7 0.2402076584933678 0.8703842240010258 0.027428284219544265 0.04781056019045512
7 0.16381795987041853 0.8448785684278637 0.02689041372231913 0.04685445959177556
8 0.12028173925392885 0.8301692973921291 0.04025628654060207 0.046042145661427385
5 0.08955952083328346 0.821771459736112 0.02257500518877292 0.03540337343351716
2 0.06579072963986024 0.8129702302431581 0.026324542974666985 0.03734322591324788