0 0.4057231097683633 0.6508330797863497 0.02746260286173255 0.04891515281755402
4 0.17664272312431464 0.788469852155874 0.0862822876736471 0.29419723857309354
4 0.3557154618959475 0.10042078097832385 0.04924538657572311 0.18743406732404932
3 0.437411074325099 0.1641660655574329 0.09216563158440032 0.2669035072792891
3 0.5829956164248733 0.1953333300213115 0.05458325731947915 0.25435641835576017
3 0.684742707833327 0.3895743439535331 0.08543897339004794 0.29722791056426223
3 0.6698978375446681 0.41632481815063294 0.10420037641084846 0.2943829139925921
3 0.6218435309952992 0.46393683545202963 0.09146130982188229 0.3124873707598195
3 0.7706474456525588 0.4357982164520118 0.07702568662849765 0.333613657831573
3 0.46820062946459157 0.5779947659700804 0.1278826726121624 0.2308006939845476
3 0.41025957594665247 0.6029121100842825 0.12631518049160492 0.27333620210062376
3 0.2682167831739623 0.48051964769616484 0.09473032256546773 0.2684497891781232
3 0.17117550345664484 0.5514364145631084 0.07858325071183497 0.2880386360376853
1 0.8102925761388283 0.038486015633678636 0.05061928197048932 0.07697203126735727
6 0.396156826440193 0.8568662316977957 0.09656033879225064 0.04507205891890253
6 0.6823203447028047 0.8235047090510245 0.03848525677184064 0.027753498999229433
7 0.6209787319481141 0.852256812009062 0.0488284090124805 0.05977449285596445
7 0.4926154028509381 0.8687850542378598 0.053129368746846296 0.07045699916151836
8 0.5552517711426873 0.8445789592665751 0.05644305765792222 0.04009722912997433
5 0.5395784786262595 0.8789370593448467 0.025716406071214015 0.03673941473302226
2 0.5685812715061942 0.8763568067406332 0.030830895977518712 0.03527270801397335