2 0.9438502673796791 0.7709125475285171 0.02459893048128342 0.03802281368821293
5 0.9213903743315508 0.7818441064638784 0.02085561497326203 0.034220532319391636
8 0.8909090909090909 0.7903992395437263 0.039037433155080216 0.051330798479087454
7 0.847860962566845 0.8065589353612167 0.02459893048128342 0.04752851711026616
7 0.770855614973262 0.8360266159695817 0.028877005347593583 0.05038022813688213
0 0.45294117647058824 0.6682509505703422 0.023529411764705882 0.0408745247148289
4 0.3700534759358289 0.8227186311787072 0.0893048128342246 0.23669201520912547
4 0.2893048128342246 0.3669201520912547 0.0481283422459893 0.16064638783269963
1 0.2807486631016043 0.3274714828897338 0.039572192513368985 0.07889733840304182
4 0.863903743315508 0.17347908745247148 0.06844919786096257 0.18631178707224336
3 0.7772727272727272 0.3265209125475285 0.08074866310160428 0.24049429657794677
3 0.6558823529411765 0.3921102661596958 0.07807486631016043 0.21863117870722434
3 0.4828877005347594 0.6192965779467681 0.10374331550802139 0.1967680608365019
3 0.38850267379679143 0.6107414448669202 0.07540106951871657 0.20247148288973385
3 0.3695187165775401 0.6240494296577946 0.06149732620320856 0.2509505703422053
3 0.39705882352941174 0.3403041825095057 0.05508021390374331 0.17870722433460076
3 0.41818181818181815 0.35218631178707227 0.08663101604278074 0.17300380228136883
3 0.46176470588235297 0.3583650190114068 0.09037433155080214 0.19866920152091255
3 0.43074866310160426 0.40779467680608367 0.06951871657754011 0.1920152091254753