2 0.8904891304347826 0.9945972604027944 0.022282608695652174 0.010805479194411244
5 0.8671195652173913 0.9953393096587116 0.019021739130434784 0.009321380682576754
8 0.8358695652173913 0.9891202245732608 0.03695652173913044 0.0217595508534784
7 0.7913043478260869 0.9863198127570626 0.021739130434782608 0.027360374485874805
7 0.7114130434782608 0.9813599268412831 0.02608695652173913 0.03728014631743363
1 0.8065217391304348 0.33826683109102673 0.035326086956521736 0.06262702463780506
3 0.7394021739130435 0.5772058517840326 0.07717391304347826 0.241443249122447
3 0.6872282608695652 0.6704195257366128 0.09293478260869566 0.38296882509014835
0 0.25869565217391305 0.4932676609780313 0.021739130434782608 0.030430795105187005
3 0.28152173913043477 0.5150169010609148 0.07173913043478261 0.15622433177748468
3 0.33016304347826086 0.5174747606213432 0.041304347826086954 0.15365990334975857
3 0.35842391304347826 0.5001682565404849 0.0891304347826087 0.19913763323881048
3 0.3111413043478261 0.6171776021383472 0.11902173913043479 0.3690022202221755
3 0.4701086956521739 0.5358464083663038 0.07010869565217391 0.17359869525871563
3 0.47989130434782606 0.5665131868599631 0.09347826086956522 0.24951779612831967
3 0.6394021739130434 0.5925433432363424 0.08586956521739131 0.2919134395049472
4 0.9809782608695652 0.681337598173789 0.03804347826086957 0.3054299069079651