8 0.15215434120414498 0.8929214983199606 0.03938739155123032 0.03659234270876865
7 0.19768161327497905 0.8957456973799028 0.027242705950106638 0.04010681612704642
7 0.27314308341329935 0.9040713681714805 0.028848477463549668 0.04296454509164853
2 0.09944727213817102 0.8845954976798229 0.02242539140977767 0.03153362923324052
5 0.1209158617400488 0.8902722771850039 0.021397973561812268 0.03621981368998455
4 0.5103184595529203 0.8798540706376909 0.07497947114195588 0.22092034974783686
3 0.7232504539621711 0.8302407659785185 0.10039513715187577 0.30523945945880404
0 0.6564397750632255 0.2835274970421302 0.02088734295885318 0.039033715711199936
1 0.6410558415460037 0.27772471507471347 0.038581612816961805 0.07517683225025812
4 0.7079260480871791 0.3884078537906875 0.046727817270025465 0.1883245768345963
3 0.18178790335410341 0.40730809406846974 0.05075166636018002 0.23736549244126634
3 0.2317428405996091 0.6421812589531954 0.07265411388290433 0.2698297845243479
3 0.6129467171585399 0.47042320939442556 0.07682572238219017 0.341469570187515
3 0.6412043423290412 0.4623040673411336 0.06943678490092414 0.34414103464272483
3 0.6383968007301485 0.6803766553145355 0.07876358187922528 0.3142064291459674