4 0.15639472104148658 0.28820116054158607 0.07740509146939352 0.2369439071566731
0 0.40450325130064635 0.4511605415860735 0.025685762142115744 0.043520309477756286
3 0.49251669185325286 0.46034816247582205 0.07690271744088391 0.2495164410058027
3 0.2554503611013797 0.8264023210831721 0.1683019211878017 0.27852998065764023
3 0.7884126419968148 0.9676015473887815 0.11705967097681196 0.06479690522243714
3 0.8458650065555647 0.9323017408123792 0.14174700878996405 0.13539651837524178
3 0.9646668646116354 0.3346228239845261 0.06319244822206468 0.21179883945841393
3 0.8733735833096455 0.33123791102514505 0.05549838224114321 0.18568665377176016
3 0.6298055716671846 0.19245647969052224 0.04787387726883075 0.18085106382978725
4 0.9876668540896805 0.281431334622824 0.02339522248150645 0.17408123791102514
3 0.6593058422797502 0.561411992263056 0.09281535647943058 0.29593810444874274
3 0.4301730229466768 0.49564796905222436 0.1063011333522836 0.26499032882011603