3 0.5516925447745872 0.5342860000432768 0.11016263774077097 0.21180721779089767
3 0.3283405629506339 0.43037909211288716 0.06115402900591885 0.19257401725492498
3 0.8814676620759752 0.5259946801711453 0.07750962468357293 0.20491517149101068
3 0.5772940554030664 0.4310830560647429 0.06433641986828087 0.20009733839618501
3 0.43663777940136994 0.3888955378302574 0.06965775606112713 0.21794207463036994
3 0.3573670174158225 0.6479153349820997 0.08694044067443943 0.1919046105702216
4 0.02151718069081811 0.6378719642012787 0.04303436138163622 0.23454542652989815
4 0.36949489478218983 0.8020722899591249 0.12504951861484306 0.2578398949769528
3 0.8113962310710641 0.30569271564907263 0.051729337046432004 0.20745723735174404
3 0.3674221336982421 0.6311649031154407 0.0959031191739419 0.19667886441552693
3 0.3183774825935147 0.33851256806671337 0.03983806407763352 0.11183177643803521
3 0.49488464804782245 0.28181684988943817 0.05801450636321665 0.19815931034587458
4 0.6527931639605327 0.2792375886003806 0.05591536723670192 0.20001017989714442
0 0.3826531404282342 0.641154338569109 0.02327118931737124 0.0348838806289158
1 0.29439201443093854 0.26944176266287073 0.03179635048240937 0.06680624512046562
8 0.22369759060415317 0.8834312506869066 0.04802946553246425 0.041694215835952085
2 0.1657645785659232 0.8945361558561902 0.04961453693226525 0.043583217230552404
7 0.15823693269741285 0.9431490307463088 0.028564967369007824 0.04430165057096601
7 0.28383673686344596 0.9219763270102722 0.03013779070604893 0.042445333613506185
5 0.2845130914217285 0.8761016246037281 0.03171367605878004 0.04152534624406113