7 0.7642596224074482 0.9859849193515935 0.028957897697913487 0.012656048298280865
7 0.6901176701783768 0.9748687305957163 0.024300625685468074 0.036370534545145404
1 0.0387519479877565 0.11937921490819597 0.02613513583432157 0.07155822797616528
4 0.0923462984236299 0.17776431560573394 0.04641280868141125 0.14685790449993458
4 0.31588144399321466 0.7482100113735072 0.06774133277962001 0.2193169305100367
3 0.23084810888529467 0.6663841721245821 0.11248104136129805 0.2739584513031063
3 0.24250901975306807 0.4053143567773636 0.08218605794190297 0.22041681777704775
3 0.3049706443458689 0.511139490481579 0.07420200249848823 0.2260372859831652
3 0.38609812994208903 0.4047800532562215 0.08594804091538276 0.2233072405989838
3 0.39583231728827495 0.33956090994214533 0.09846491860152004 0.17496087930189533
0 0.4958820971961641 0.34613131471909525 0.017827510989627628 0.02774903838760604
3 0.46819576176486805 0.3240777198856962 0.08393930108891728 0.16150357758621497
3 0.45162556810096055 0.5704634672370009 0.07532752361144109 0.2346034795759618
3 0.5342715282135588 0.7369204833528082 0.08019636023241535 0.24320838496407846
3 0.8659579138189735 0.46826324296580185 0.09700998025032107 0.19775797674540016