4 0.7569413630273484 0.3112177848124697 0.10242764429904318 0.28269845144740186
3 0.12615401290817851 0.22203046269607737 0.15533368131911082 0.30021049826613666
3 0.06775702858650107 0.7083468475065842 0.13185350989261915 0.3027092900614585
3 0.22103104196918308 0.37231545371805946 0.10848071451968536 0.3380439027523027
3 0.5676347306762527 0.5323156446792573 0.14287668767404768 0.33875595975563483
3 0.80678453913186 0.4161632666711622 0.09080957682847697 0.32126128018088373
3 0.6408900276589244 0.7412611392686964 0.14291573351170525 0.35069625826309747
0 0.765714041721897 0.556575184054326 0.022787667143210448 0.04225996036367948
6 0.590274374566101 0.9132160635397624 0.09493531814992186 0.043753543346278394
6 0.3136212461380729 0.8495355853577674 0.03870286081011068 0.03512725143220566
8 0.4379043382062557 0.8842786660839994 0.04123916225242931 0.0411495024178884
5 0.45186375759842257 0.9198130020806563 0.02107076895655958 0.030284927368249365
2 0.4224793782073577 0.9137044377096382 0.029464911431233247 0.031951137121519535
7 0.49840951809386475 0.9143715080992619 0.05055520330662162 0.06820621374350024
7 0.37246321586581027 0.884140773801296 0.05055520330662162 0.06820621374350024
1 0.9130325994780807 0.19529222664532903 0.054047568436408865 0.11006672749555434