4 0.6980697976465557 0.26346693200692417 0.094788222855461 0.2595355260829583
3 0.8043109053848317 0.5230633632789621 0.12215025209121759 0.27124667781663336
0 0.7583684036810993 0.5535371008492826 0.026792929184975757 0.047417126262516505
3 0.24483213932708203 0.5424276881050133 0.14664754134170607 0.33578172766567427
3 0.08828520540332269 0.4283423947377951 0.08868519381689663 0.3080404651708331
6 0.6074841729460647 0.862221682892043 0.09342476875715737 0.05096409751152968
6 0.34141908162902374 0.8056952821738105 0.03793549697414848 0.03324776857302108
7 0.3993811480148519 0.8393784355148185 0.049386242744444454 0.06622126802638312
7 0.5191923302065228 0.8645644847194789 0.05018881096274301 0.06622957921182758
8 0.4603996794222939 0.8351753568496292 0.05087931446063299 0.04909503325441457
5 0.4722187426193055 0.8686221176393945 0.024329192169875898 0.03882076413475521
2 0.44535138475970537 0.866043399494633 0.033148103844459244 0.03748361574607023