6 0.31589026161788375 0.833076923076923 0.09963070268653769 0.04923076923076923
7 0.4068803615179495 0.8815384615384615 0.03064655807055401 0.06461538461538462
5 0.45371345397855545 0.9123076923076923 0.024400684953644097 0.033846153846153845
2 0.48269790846394406 0.9207692307692308 0.02437053973740298 0.02923076923076923
8 0.4720840040280829 0.8823076923076923 0.05383199097634148 0.04461538461538461
7 0.5357916441459789 0.9184615384615384 0.04534713847378215 0.06769230769230769
6 0.6009450446290437 0.9115384615384615 0.039954774809835066 0.03538461538461538
1 0.3064430638659001 0.11384615384615385 0.04807848972470369 0.08923076923076922
4 0.21924914368700832 0.18384615384615385 0.07059188948217847 0.23076923076923078
3 0.32773176817730765 0.3323076923076923 0.10711252966933485 0.2692307692307692
3 0.3648239574586396 0.19384615384615383 0.0653402034940234 0.22
3 0.3828038297114385 0.36846153846153845 0.07427723424020007 0.26615384615384613
4 0.48596061518738626 0.7592307692307693 0.06923595975852995 0.15538461538461537
3 0.33576093075155083 0.57 0.08624646339250656 0.24769230769230768
3 0.3217386177137486 0.6707692307692308 0.07407626613192564 0.2353846153846154
3 0.5884759993799454 0.32461538461538464 0.13188440061608342 0.2276923076923077
3 0.6638472997958343 0.4938461538461538 0.07234915041517262 0.2353846153846154
4 0.8746801147965698 0.31461538461538463 0.06968813800214707 0.2246153846153846
3 0.8425192725445603 0.6792307692307692 0.09254257853648525 0.28615384615384615
3 0.7167959386065735 0.6015384615384616 0.07518098572023146 0.2723076923076923
0 0.8087086767830918 0.3946153846153846 0.02010299247258908 0.036923076923076927
3 0.8188958264924714 0.4338461538461538 0.0828022803644143 0.24923076923076923