3 0.14950294059813038 0.7602554114551507 0.11752439117470256 0.3016040749712962
3 0.26918918245022844 0.4804167891955344 0.09597830739358318 0.33091051332891713
3 0.2934228022204635 0.4928885384490635 0.11048672710613558 0.3626268531917216
3 0.21677374849060288 0.49056716452373966 0.12289946315293408 0.3362806131263866
3 0.35064102537847475 0.4919534905683054 0.11657992984980116 0.33214212419775063
3 0.43907647652606874 0.7479782443312641 0.1240373719314651 0.42284458240318
3 0.6400537965586378 0.7230719900172573 0.1286801979820084 0.3455048272792477
3 0.7685033335906825 0.6342739095312577 0.09529971651514764 0.31461130983623803
3 0.8256937272241512 0.8954550496540988 0.1553080545703174 0.2090899006918023
4 0.30711071265952233 0.2369029726914566 0.06742038506860738 0.2501721491122809
4 0.2830704619337829 0.8512577343580724 0.09630368807052973 0.20566777978474382
1 0.3472066055086006 0.1858890614611729 0.05219968977184902 0.10949450578715472
0 0.3530172958528985 0.17220085198877938 0.022597454404559958 0.044019241713469714