7 0.7763953529446199 0.8740608556499484 0.026680050547263776 0.049390231661027385
7 0.8543762621961525 0.8486970894384114 0.02668005054726403 0.049390231661027385
5 0.9323603857182988 0.8223510049557545 0.021659460797449487 0.03460402294953551
2 0.9561397916899433 0.8152290337554882 0.02609863592389444 0.04054365226042707
8 0.9008365303049787 0.8324999404166823 0.041581106266018464 0.044632944239510426
0 0.4310431377776959 0.21704652848991984 0.015010340919623066 0.02864153379655775
3 0.4418003629087473 0.30632319195139424 0.05198871261561911 0.18618964457015602
3 0.4211639105863369 0.3659649008934427 0.0719553578727809 0.20997102165580875
3 0.23176703490678963 0.4199851432414311 0.05138158382733937 0.1694845190005972
1 0.241954463719346 0.3457172444824947 0.03836583152797376 0.07505052088109629
3 0.30388360837238837 0.6672661319103446 0.0582492741069033 0.24224465058972433
3 0.30477625470870595 0.8165642217192567 0.09604976236457674 0.3133601834258195
4 0.3974235779241862 0.8676669767209851 0.08094942186776757 0.2572137380379062
3 0.6349206859665829 0.7183586771248164 0.0865610690527927 0.2837934809633577
3 0.5630094574625403 0.5771623467763244 0.061072776187791895 0.2609372725436091
3 0.5609427319323358 0.44899552971753187 0.08477825393531928 0.2454659235081191
3 0.7154365496592153 0.4248048780159975 0.07371567309595806 0.24142235121320824
3 0.6956095409948901 0.49033192414398263 0.06874651167596407 0.24235323483963409
3 0.8874845688432068 0.4387417601514468 0.07040397023949999 0.24237037972119882
4 0.9658851245887017 0.20070894572272457 0.04431497712744681 0.20477368227413112