3 0.5534427083333333 0.5380648148148148 0.099078125 0.1934814814814815
3 0.33768750000000003 0.40367592592592594 0.05119791666666664 0.18251851851851847
3 0.8790833333333333 0.5773796296296296 0.06665625000000001 0.1922499999999999
3 0.5831666666666667 0.4401388888888889 0.05370312500000007 0.18987037037037033
3 0.4463489583333333 0.3784166666666666 0.05819270833333334 0.20644444444444443
3 0.35663020833333337 0.6221481481481481 0.07690104166666671 0.17800000000000002
4 0.020833333333333332 0.5649537037037037 0.04166145833333334 0.2263888888888889
4 0.36157812500000003 0.7759444444444444 0.11170833333333334 0.23703703703703705
3 0.81984375 0.3498148148148148 0.040749999999999884 0.19940740740740742
3 0.36715625 0.6070833333333333 0.0859010416666667 0.1808333333333333
3 0.33208333333333334 0.31182407407407403 0.03423437500000001 0.10512037037037035
3 0.5086875 0.2811666666666667 0.04785937500000005 0.18826851851851856
4 0.6646822916666667 0.30115740740740743 0.04527083333333337 0.19121296296296295
0 0.38190104166666666 0.6192685185185185 0.02137499999999998 0.03113888888888899
1 0.31145833333333334 0.24008333333333334 0.02840104166666665 0.06164814814814816
8 0.21396354166666667 0.8352592592592593 0.045906249999999996 0.033481481481481556
2 0.15628645833333332 0.8381666666666667 0.04722395833333333 0.03560185185185189
7 0.14683854166666668 0.8846203703703703 0.02624999999999999 0.03960185185185183
7 0.27176562499999996 0.8818333333333334 0.028182291666666644 0.037740740740740734
5 0.2744739583333333 0.8367962962962963 0.02943749999999999 0.03655555555555557