2 0.8934496840311051 0.9708413001912046 0.02226196874807424 0.033460803059273424
5 0.8700657152282743 0.97131931166348 0.019011138525559947 0.029636711281070746
8 0.8380358042887318 0.9651051625239006 0.03037027647618381 0.040152963671128104
7 0.7947312106253572 0.9612810707456979 0.02178689376672532 0.043021032504780114
7 0.715655160961764 0.9545889101338432 0.026100480920992975 0.044933078393881457
3 0.7510874777246038 0.6180688336520076 0.09994520317857174 0.3202676864244742
3 0.708497871173066 0.4359464627151052 0.06678040363304688 0.2638623326959847
3 0.6849201564786378 0.44789674952198855 0.08148421094706464 0.2925430210325048
3 0.6073701801742463 0.5922562141491395 0.11175401567386832 0.23518164435946462
3 0.657723829271114 0.6873804971319312 0.08487267190953561 0.3173996175908222
3 0.24877447391222454 0.634321223709369 0.10015752856545752 0.27055449330783937
3 0.14816564949383104 0.7877629063097514 0.10014539334578176 0.3508604206500956
3 0.10946384932546466 0.46032504780114725 0.11621774545354357 0.26003824091778205
3 0.19601948447327336 0.3776290630975143 0.09045508543971754 0.26673040152963673
0 0.5472962617878998 0.6959847036328872 0.024462553924285257 0.04110898661567878
1 0.7176118790168515 0.2676864244741874 0.04947525414262336 0.0841300191204589