4 0.23507517970769845 0.256111411388783 0.08627463463181756 0.266370555266266
3 0.8603331293038966 0.2780681129779575 0.13936192428293193 0.2728194359563858
3 0.9033916787088151 0.7674352095716859 0.13688401023618382 0.27574354585397737
3 0.7591894276190546 0.4090228561168336 0.08894068745354662 0.32096856926247974
3 0.41001738893087086 0.5064384678199049 0.12457162514089762 0.31396291540093263
3 0.18024537043971053 0.3506735269014253 0.0731427102824865 0.30753119645066834
3 0.3269014152204523 0.6987871391902493 0.12378103031377291 0.32575374456050343
0 0.21305643787045156 0.49555095368996105 0.020855110758776815 0.03856260434406187
6 0.3676958924819072 0.8761944618242187 0.09378018499733527 0.026043384614510123
6 0.6433452249505424 0.8620859491577626 0.036571078720229876 0.026926230843188896
8 0.5194275378719387 0.8748149085136064 0.039907124590249615 0.03286025933764879
5 0.5037791069066329 0.9071002495661018 0.019158143396846794 0.02674603257470786
2 0.5327958417077846 0.9059256537598828 0.028274380685560624 0.02536549589022485
7 0.4581303834669159 0.8933539654368946 0.04745182036702085 0.05801123347968231
7 0.5837233295872594 0.8858044097088116 0.04745182036702085 0.05801123347968198
1 0.08702153639754856 0.11446602244136407 0.04759171843046845 0.10078409483661421