8 0.9057363545899456 0.8118860510805501 0.042278244423264694 0.04420432220039293
7 0.858415211664477 0.824656188605108 0.03068889199615853 0.04616895874263261
7 0.780626968922233 0.849705304518664 0.03236563683616251 0.04911591355599214
2 0.9600085761752393 0.7922396856581533 0.02509974252947841 0.036345776031434185
5 0.9378416266937889 0.8025540275049116 0.024020485189078736 0.04027504911591356
4 0.5332029658556013 0.8781925343811395 0.09054460843112315 0.24361493123772102
3 0.3087844782258754 0.8526522593320236 0.12126564422139523 0.29469548133595286
0 0.34479181339964343 0.28929273084479373 0.023493714036524112 0.04420432220039293
1 0.3603224998681276 0.27996070726915523 0.04419285333970842 0.08349705304518663
4 0.29759866504426863 0.40913555992141454 0.059322516523587394 0.20039292730844793
3 0.8451739374786871 0.3153241650294695 0.06628664623651165 0.25147347740667975
3 0.8076005011130749 0.5692534381139489 0.09083390257814475 0.28781925343811393
3 0.4013180133708103 0.47396856581532415 0.10015583849537195 0.3614931237721022
3 0.37149983112422064 0.4715127701375246 0.09244031814200576 0.3644400785854617
3 0.3877072033648723 0.6964636542239686 0.10053474819500434 0.3349705304518664