6 0.3550249674072025 0.8356741573033708 0.09013470676651511 0.026685393258426966
7 0.44041574223863794 0.8609550561797753 0.041248876408227685 0.05337078651685393
8 0.5004082765566529 0.8490168539325843 0.04512939185280563 0.032303370786516857
2 0.5119673682514807 0.8813202247191011 0.026139877785920394 0.02247191011235955
5 0.48550147739065047 0.8799157303370787 0.019040063930961477 0.025280898876404494
7 0.5605019106028202 0.8679775280898876 0.04600199922768514 0.05758426966292135
6 0.6188962843211165 0.8504213483146067 0.035627741656079966 0.025280898876404494
0 0.6003805552773267 0.1404494382022472 0.022227194246021188 0.033707865168539325
1 0.6033060087081192 0.1896067415730337 0.03973802921009524 0.07443820224719101
3 0.5843971782000286 0.32514044943820225 0.08803669625018878 0.351123595505618
3 0.5790196018838843 0.3714887640449438 0.0864890855145462 0.3609550561797753
4 0.7040424474345824 0.3181179775280899 0.052133228062783775 0.24157303370786518
3 0.5196954410838409 0.4669943820224719 0.059375500625594005 0.28230337078651685
4 0.5399691179219899 0.7485955056179775 0.05876890225667914 0.09691011235955056
3 0.3396606584229283 0.6060393258426966 0.07123303274219898 0.2851123595505618
3 0.25922238150517785 0.4044943820224719 0.1003624368290631 0.2556179775280899
3 0.4030417325508337 0.30196629213483145 0.08219957571516966 0.25702247191011235
3 0.4389339754532581 0.5287921348314607 0.06177733696736076 0.29213483146067415
3 0.26453765603128243 0.21839887640449437 0.07663358626928686 0.24578651685393257
3 0.04055451016007242 0.6860955056179775 0.07131115525940772 0.3089887640449438