5 0.17946523773090195 0.994850784294002 0.019807874229238884 0.006858611884986082
8 0.21072221550983614 0.9864474163815109 0.031090710115220823 0.023134443088436787
7 0.25321847322964347 0.9807796241096752 0.023103542269189013 0.03350776300558097
7 0.33179543193926103 0.9699856878147984 0.027428284219544328 0.04781056019045512
3 0.2801842185089988 0.6416109586485772 0.11016425202394634 0.32907494038159213
3 0.3138021453468938 0.4558958055041845 0.07520889198218686 0.26882954215182764
3 0.3376269370411711 0.4642048421709264 0.090816469818524 0.2994081705401525
3 0.421486511954775 0.5968972552407847 0.11898449202739392 0.24646933496979184
3 0.376092811978869 0.6976552632719983 0.09464067493889022 0.324161711232811
3 0.7792327448026214 0.5908210878039699 0.10839819472439023 0.2796286918174924
3 0.8863745742048729 0.7294516419415311 0.11133021604755049 0.35855368150290584
3 0.9090918004378133 0.3993576367831781 0.12387821586433756 0.27123393617539904
3 0.8190204483945425 0.32946922937656253 0.0987569705805106 0.2747762954899285
0 0.48623612852220577 0.6912878935561648 0.025276802230643776 0.043986157795736676
1 0.29641433181640625 0.2901954838682958 0.0521641048140266 0.0898900470453067