4 0.987620343340544 0.41985940142489653 0.020015872942990103 0.13612002334309073
3 0.7711360424219061 0.14396058881273796 0.09400255371782547 0.16989226317268197
3 0.6906422783302623 0.29526786477147 0.07705032884973985 0.25126491312030275
3 0.8043464586477042 0.621254874557953 0.09555962033161966 0.24077734633736336
3 0.7388013014021364 0.6175637479339865 0.11113994074289796 0.2836539475361079
3 0.6467846301510131 0.7345264446120735 0.16978156557550222 0.3104719162640419
3 0.4181288551582254 0.5233121789328621 0.09926394545953625 0.22237028304481649
3 0.41971020724680225 0.6990120923803816 0.12561426514036284 0.2410880071525115
3 0.2113384357880206 0.7696079023251085 0.14721784867109317 0.20247899083449042
3 0.31508416605621886 0.07333671437140266 0.08239997389849127 0.1466734287428053
1 0.47763650092351995 0.7814174246233213 0.12108371796182345 0.21677097546465945
0 0.4559291506784638 0.5083593340231962 0.032621947108276046 0.0585856815134431