4 0.1959024796343782 0.25513155026535544 0.05835513632420181 0.21059009416653973
4 0.4243658478869959 0.7027961071555291 0.06360890351096408 0.1549339867503636
4 0.8869186660917661 0.31012263233345966 0.05673132243420337 0.20771632893850844
0 0.7960562532580286 0.40749867890267233 0.021930826241680808 0.040224402006993905
3 0.6900886699845546 0.28144458705300823 0.05015201833390274 0.18336412516924042
3 0.7928979056596508 0.5382545205441792 0.07086059593371576 0.2821433333767745
3 0.6997859842469673 0.5370757609128517 0.08177903428207116 0.2336882614015651
3 0.6435361685158132 0.5269432581796616 0.0628349137507302 0.2820602215223323
3 0.6209563007684329 0.3878819459009413 0.05847653977131096 0.2291615227379683
3 0.4975470074065071 0.2948678429881929 0.07285739661378018 0.21931112407596434
3 0.37384849465584047 0.2190007528110239 0.05627372482586851 0.13771632893850844
3 0.3610032960776757 0.3412849001064328 0.06736082253279944 0.23782437434928333
3 0.22139434327849242 0.4713107861306002 0.08339350944536904 0.23513345520102494
3 0.2406614932979519 0.6561237844581052 0.09620658475804382 0.2309807198824181
1 0.32924497567773475 0.14874358229617038 0.04065137961016758 0.08041555927221111
6 0.3307177931059654 0.8037726714452251 0.09093301556195524 0.03808202109805409
6 0.5963448076850166 0.8588829675130527 0.03632102181085061 0.03180257477356138
8 0.47622544751222234 0.8394112040226781 0.03956864959084769 0.037550105229624285
5 0.45874638251696764 0.866736907245308 0.020250979991477985 0.028779208207533883
2 0.48647701031842094 0.8728787427760539 0.028276662174463722 0.02886232006197653
7 0.4160468392298818 0.842177400073852 0.04776242885444601 0.063347502798352
7 0.5370014531644272 0.8666408523787823 0.04776242885444601 0.063347502798352