7 0.6695781086981163 0.9842708517745146 0.021612175827709763 0.031458296450970785
7 0.7457226133431842 0.9950954449063105 0.016312608065390317 0.00980911018737899
3 0.14201879222665345 0.6822213526356916 0.09412883442511166 0.2877758077444108
0 0.28949898628172 0.41523633864252935 0.02265320427816956 0.04329641554857595
1 0.3915524554047757 0.2697590522114329 0.0405547688769976 0.07439103921519508
4 0.3628341419474129 0.3255000532225455 0.04242090997210905 0.16474011571464314
3 0.3454496965176393 0.5178907853351984 0.08926449333058403 0.2411233640933662
3 0.3203277698818752 0.5946573472162213 0.12547238935408964 0.26701059657881016
4 0.4448081677727752 0.8741151740283167 0.07727134426093767 0.25176965194336665
3 0.9401418156508717 0.8687107727466888 0.08778823821233236 0.2625784545066224
4 0.9326910060311191 0.5090917480592008 0.050953218516799514 0.21239949826166868
3 0.7488499664306922 0.4470898180830525 0.05617359069006919 0.20785234792152976
3 0.6190222644144906 0.4397474146749212 0.0603742563022386 0.2116634172211133
3 0.6360665589986371 0.591413902376238 0.08719462036644153 0.24852881640819272
3 0.739674955221022 0.6908643275285783 0.06618824632139958 0.22854237121381318
3 0.2956398959937872 0.5387423448514339 0.07837024641108746 0.27162210047804897
3 0.4698043842084418 0.5176706388723563 0.07303108085424313 0.23985640165617653