4 0.08235963236404453 0.2537242668323201 0.0642282401038389 0.23460324068197358
4 0.31937453115762143 0.6824439049249109 0.06407356366804168 0.18720262906117846
0 0.5003284534102028 0.28837840745488774 0.019002642714319007 0.041480110482937364
3 0.2580324670245333 0.16398459374923083 0.047060612754410994 0.2298381694339321
1 0.20163077071865315 0.10264510868428137 0.03542739706687876 0.08140448168539627
3 0.2969072874849404 0.3401808931814878 0.05052108186150003 0.2390480644174853
3 0.23028577282981022 0.5197649495965391 0.056594366267463524 0.2605170625958901
3 0.39971567796120305 0.5034820422759524 0.07472440736134245 0.29740112135128766
3 0.5131976510654934 0.4182099420694599 0.06431306266540521 0.2605971244740225
3 0.5600306669212057 0.5209316842107405 0.08926425072456062 0.285319933441175
3 0.592059964411559 0.42962394766180256 0.06767374052359267 0.23922597970222403
3 0.657756487040576 0.2706909888458506 0.07796533572084824 0.23933272887306725
3 0.7327594521876706 0.28214502537725955 0.08231836469815744 0.2592548835352305
3 0.8143437793989542 0.5106488301756513 0.05829466344633753 0.25594769816106117
4 0.8038110481342846 0.1904325315555411 0.05555211952389118 0.20393324328425252
6 0.28199985357083746 0.8349670955699737 0.10219802678791316 0.04387205160168759
6 0.5670804760477836 0.857238611759358 0.039545916609269406 0.02946119292248297
7 0.3736792600702442 0.8607736585825545 0.02334569256673778 0.058344161169565346
7 0.5035632485923677 0.8739519441844508 0.046536708697678356 0.06928771071833557
8 0.43887433167353135 0.8555104245372447 0.0550182363422683 0.040324680593120936
5 0.42076674361065525 0.8855137493476881 0.02585372705426582 0.038493172621297624
2 0.45034759545909736 0.8875004234631654 0.0258487374918208 0.03696412063353004