6 0.40444810543657334 0.902702999358975 0.09472817133443164 0.04643555781269777
7 0.4946457990115321 0.899569491493433 0.04612850082372323 0.06352756373814294
8 0.5547775947281713 0.8674218352233455 0.048599670510708404 0.043025296127340754
2 0.5700164744645799 0.8965895333882976 0.028830313014827018 0.028157806515225176
5 0.542833607907743 0.9042024195814962 0.0214168039538715 0.029547307294845806
7 0.6186161449752883 0.8667607181993733 0.051070840197693576 0.06797757397108402
6 0.6766886326194399 0.8295024234755135 0.03789126853377265 0.03411674511921387
4 0.03088962108731466 0.7225540049590751 0.05601317957166392 0.2630434199811509
1 0.33072487644151566 0.20405299315381442 0.045304777594728174 0.08844571941290694
4 0.6799835255354201 0.6894389757933378 0.08731466227347612 0.23110951607032426
4 0.8266062602965404 0.11680616977229664 0.06342668863261944 0.22939585468540108
3 0.7158154859967051 0.42073945145788827 0.07742998352553541 0.2779279706777564
3 0.5823723228995058 0.43385160458013866 0.07825370675453047 0.26474002028158466
3 0.5415980230642504 0.36829146172917426 0.08319604612850082 0.23986451731804473
3 0.5679571663920923 0.3423586603304198 0.07413509060955518 0.23977068135335197
3 0.5317133443163097 0.4263117167991618 0.11120263591433278 0.24308710707401598
3 0.44357495881383857 0.3876350420041064 0.09637561779242175 0.21800687109660086
3 0.43039538714991765 0.2741351670436596 0.085667215815486 0.24282266026442723
3 0.45757825370675453 0.5861703746921031 0.08484349258649095 0.289734950836552
3 0.2372322899505766 0.7592734091120892 0.07413509060955518 0.2573659892712404