2 0.07921302905214608 0.981335952848723 0.023429426448297222 0.0343811394891945
5 0.10297314950890551 0.980844793713163 0.019542736856912022 0.03143418467583497
8 0.1347893210011807 0.9734774066797642 0.03841084110834741 0.04420432220039293
7 0.1801285465780205 0.9680746561886051 0.0223951704196563 0.04518664047151277
7 0.2616845468734298 0.9582514734774067 0.027380403627909437 0.047151277013752456
4 0.20022132938518 0.768172888015717 0.19474708134663427 0.4636542239685658
3 0.07018290324283437 0.46168958742632615 0.08561723405227437 0.2504911591355599
3 0.1859994759434752 0.45088408644400785 0.11154551232806743 0.24459724950884087
3 0.5335484527362429 0.48772102161100195 0.1684326904705725 0.32612966601178783
4 0.8088155365305649 0.3835952848722986 0.0692222665930441 0.19351669941060903
3 0.9375801764720455 0.3781925343811395 0.12193384806804922 0.31237721021611004
3 0.7402835873691475 0.6404715127701375 0.2739265697676324 0.574656188605108
3 0.5890411708205823 0.49263261296660116 0.12951436448613862 0.2888015717092338
0 0.5716925003534483 0.48428290766208254 0.02739326114555478 0.04911591355599214