6 0.641846616493586 0.8695438729099557 0.09975714547729908 0.03374335295708529
6 0.35040954847949574 0.8982669978974225 0.039427203615906674 0.02844517498674917
7 0.547542732399372 0.9016752212270636 0.044778754687611146 0.06120982760180496
7 0.41558786677313253 0.9147258322885188 0.05002859544793555 0.06282183224178252
8 0.48194769323094827 0.8914514474510848 0.05169547894708289 0.03791783794212834
5 0.4986603379085047 0.9232107328616641 0.022839154069791114 0.03450352581788916
2 0.469387292156426 0.9266295760060052 0.02982199003166018 0.03146075734201316
0 0.3593397656433575 0.15282208857103244 0.02284932510092914 0.03761879061539695
1 0.361926544656752 0.14189147565914323 0.04216146258080268 0.06274027387994685
3 0.3263038096311469 0.34242331356748384 0.09190585196061828 0.3062384023369772
3 0.36737501192614047 0.338103316681012 0.06332414492405332 0.3869362397454483
3 0.28624433353251527 0.5227512404930437 0.06466555542678361 0.2623437719255447
4 0.9183330911157161 0.14391164906307924 0.047101669695161726 0.23724041274140284
4 0.17074275128981245 0.48812188462862954 0.048926204176948915 0.2606230228031193
4 0.5287487347037931 0.7679091377785122 0.06684549319465685 0.12685693935456813
3 0.7696108057481511 0.64391268757941 0.0928155764437271 0.31715089116845835
3 0.6318613663919576 0.22087153719079475 0.06806543412747582 0.23278500451003672
3 0.6123692759131291 0.40877466816533053 0.06210928950680311 0.2825658069887335
3 0.6060017873351111 0.6004359495336913 0.06922943438903578 0.3215791132792126
3 0.4546276970001763 0.4220926094128032 0.0716331348419456 0.2546281062534072
3 0.41276373708016123 0.45134378671954134 0.07606987591497218 0.2749226376382276