4 0.8159949143395338 0.3330860534124629 0.05564965766222334 0.19881305637982197
4 0.1371458042167151 0.23590504451038577 0.07656541025121186 0.22403560830860533
3 0.07637223986789046 0.6001483679525222 0.1259211563867346 0.2818991097922849
3 0.21702404382274992 0.5281899109792285 0.08594054915277108 0.2878338278931751
3 0.5842116132735296 0.49629080118694363 0.0631981395773147 0.21364985163204747
4 0.7302016794215541 0.8308605341246291 0.0639587500380109 0.1913946587537092
0 0.583872517671009 0.4725519287833828 0.019292719645904035 0.03857566765578635
6 0.6603856328957827 0.9020771513353115 0.09426363049684919 0.02967359050445104
6 0.3842471413004926 0.8679525222551929 0.03759696383018252 0.02967359050445104
8 0.5083435091902769 0.8894658753709199 0.04011635659621902 0.03560830860534125
5 0.5236510915479881 0.9228486646884273 0.020092115638673438 0.028189910979228485
2 0.49407745459767305 0.9198813056379822 0.028420600780497504 0.026706231454005934
7 0.5695159381261309 0.9132047477744807 0.04853210918520764 0.06083086053412463
7 0.44373835899515246 0.8961424332344213 0.04853210918520764 0.06083086053412463
1 0.7346361078336969 0.23887240356083086 0.044467254540232565 0.09198813056379822
3 0.7418519330241757 0.5808605341246291 0.08336297808862507 0.26409495548961426
3 0.6531143313060671 0.4495548961424332 0.10004418932981916 0.2685459940652819
3 0.6289740518895822 0.5689910979228486 0.07586297808862506 0.26409495548961426
3 0.6088628212879907 0.4755192878338279 0.045635113087696105 0.1943620178041543
3 0.5502728116077921 0.42655786350148367 0.08320783596033304 0.2166172106824926
3 0.5261373803828161 0.5445103857566765 0.11420600780497656 0.26706231454005935