6 0.34115224765635005 0.8624667996823207 0.0946383168206069 0.035879808400406256
6 0.617155872933744 0.821353516783788 0.03740509018773477 0.028795903253847892
7 0.43197962401934437 0.8701745462090689 0.04330588338526297 0.05841456457285021
7 0.557136268121322 0.852096310111972 0.044973906320272934 0.06139874172172675
8 0.4928477125127314 0.8453142955748834 0.04157997159641289 0.037731272379725886
5 0.4792746620738811 0.8787833145752372 0.01418301901873734 0.026840432019136218
2 0.5082889848394563 0.875970243968426 0.021655353728208333 0.02994474541326876
1 0.32169845381408113 0.11208116413086976 0.03923713154195903 0.0819275730280929
4 0.030782344843282506 0.53774740136959 0.05891145055221555 0.2666880881162772
4 0.6149861465987844 0.6650456585344343 0.06539057944612059 0.21962774656429007
4 0.6972769277209645 0.09851506839491925 0.052928648145080026 0.1970301367898385
3 0.2511197373496069 0.5907129291040414 0.0681386414774568 0.2993252512256576
3 0.27957233224682865 0.5429231889201425 0.11365229092487958 0.2722455800468961
3 0.37626886892384104 0.44357006464892884 0.08706040538778886 0.2539972707386206
3 0.39650677499600084 0.41955076773153566 0.059837119371634426 0.2962037755107743
3 0.5593185317226479 0.12486327427999548 0.058689543279160865 0.1988414804466607
3 0.5703708043163968 0.33482573642105223 0.1192925842801263 0.22221822366678334
3 0.601588621915005 0.49864500783940596 0.0870748776012488 0.25842204949968256
3 0.6991649987354792 0.41476144691115824 0.07290150672481827 0.2345314699879208
3 0.7332147467685808 0.4302819805509333 0.11365711499603308 0.27372050630058337
3 0.9007221081674558 0.17679802943850825 0.06625835941169904 0.23144431891453937