7 0.6582494414172672 0.9869918397455955 0.041296436243678736 0.02601632050880916
1 0.33746741240044714 0.15980315861369926 0.04429330753787175 0.07479426975096086
4 0.22510999619365563 0.26352402167606365 0.06477882146448657 0.2165494877177464
4 0.6929271294042163 0.31113713356043843 0.06064111368849214 0.17577481886980678
4 0.6564897359531454 0.8896607643167175 0.07089200063508629 0.16162484019017057
0 0.7064629743969426 0.5144272569522372 0.0189985365407291 0.03685538531951278
3 0.686117438854654 0.5030153089295398 0.10938127742623395 0.2109016167658671
3 0.6527719110653849 0.45226435767797624 0.09755725929077866 0.2688220094073844
3 0.6835262360441294 0.41032358660851764 0.05442142962432797 0.1981129083525761
3 0.764199836438542 0.41421392673412316 0.05727185668986966 0.19508754088725513
3 0.776849648922167 0.7839861839604155 0.09987554331154465 0.27801067673858976
3 0.6315403430139951 0.6073345434897722 0.07345990550014356 0.24718825293889132
3 0.4117704642197274 0.40241781353295364 0.09919029948226966 0.24338153434570697
3 0.3046947298371327 0.4593517818735299 0.07802325142734975 0.24316232894549786
3 0.2510253003120803 0.4038080272021201 0.06603947595154805 0.2522028845198054
3 0.059289885116138676 0.54998441129939 0.0998855281453162 0.28106566655529064