4 0.7992981140758282 0.3034794878137155 0.09850487049075314 0.273595486760485
3 0.18302418044265945 0.21619389461729585 0.15023005449175458 0.28724931078102467
3 0.11556584318228559 0.6914756735675 0.14861932347569495 0.2916055270206428
3 0.27592286458453774 0.3629375411382206 0.103775799981209 0.3275822316276363
3 0.6142656632613789 0.5195098174381266 0.1381924917406605 0.3264806993420096
3 0.8482206355980938 0.40603339262940474 0.08727744212206133 0.3113776301754218
3 0.6858859669835614 0.7236173784485858 0.13826879373062176 0.33814250692218467
0 0.8083848921121688 0.5433856566002205 0.022398204505847775 0.041045308170401945
6 0.6364237012657915 0.8914843581004134 0.09287093228704608 0.038859205202096014
6 0.36632294568565416 0.8289189297656971 0.03709507637403267 0.032451606911797326
8 0.4878296578142981 0.862977162603783 0.04041191589360346 0.03831643390777955
5 0.5015351780739226 0.8981067589693605 0.02068255825359145 0.029366538987279804
2 0.47288957335311194 0.8912501641539328 0.02887927956506686 0.029451347002016865
7 0.5470651323475918 0.8927465396610632 0.048780316682491574 0.06464030897791019
7 0.4238904627104173 0.8630445230625956 0.048780316682491574 0.06464030897791019
1 0.9521007765545639 0.18989232663285865 0.05232606217194591 0.1054905587144172