6 0.34369817578772804 0.8643067846607669 0.0945273631840796 0.028023598820058997
6 0.6202321724709784 0.8466076696165191 0.03731343283582089 0.025073746312684365
7 0.43407960199004975 0.8797935103244838 0.04228855721393035 0.05604719764011799
7 0.5597014925373134 0.8716814159292036 0.0439469320066335 0.05752212389380531
8 0.49543946932006633 0.859882005899705 0.0406301824212272 0.03392330383480826
5 0.48092868988391374 0.8930678466076696 0.020729684908789386 0.032448377581120944
2 0.5103648424543947 0.8915929203539823 0.020729684908789386 0.028023598820058997
0 0.4987562189054726 0.3561946902654867 0.020729684908789386 0.03687315634218289
3 0.46102819237147596 0.3893805309734513 0.06384742951907131 0.2345132743362832
4 0.16998341625207297 0.221976401179941 0.07877280265339967 0.2153392330383481
4 0.9631011608623549 0.7227138643067846 0.07379767827529021 0.2536873156342183
3 0.5563847429519071 0.20943952802359883 0.0472636815920398 0.21091445427728614
3 0.4166666666666667 0.5612094395280236 0.10364842454394693 0.275811209439528
3 0.4763681592039801 0.6297935103244838 0.10696517412935323 0.2728613569321534
3 0.3188225538971808 0.4166666666666667 0.11940298507462686 0.25073746312684364
3 0.22056384742951907 0.4144542772861357 0.06799336650082918 0.24778761061946902
3 0.11028192371475953 0.56047197640118 0.06882255389718077 0.26843657817109146
3 0.6865671641791045 0.37905604719764013 0.07462686567164178 0.22713864306784662