6 0.6697693208914123 0.8709647009988246 0.10020214493410946 0.06297054972461147
7 0.5809612979747079 0.923667311074126 0.04599443898399556 0.07147154502989649
8 0.5178404958471087 0.9275443075682106 0.0569522237655793 0.05345890422558006
5 0.5369945738315932 0.954177088792903 0.023852072665486394 0.038010421804693134
2 0.5103366363092052 0.965229563658394 0.027241903173960972 0.03804557485491036
7 0.4560968829914887 0.9639118278458545 0.048536811865351484 0.07149790981755982
6 0.39296128977114975 0.9632571022855582 0.039106309953621986 0.038168610530670485
4 0.3312026033111441 0.865187929081186 0.05638579690051521 0.13955283499625848
1 0.6109534194406288 0.24650881792128077 0.04177194194114228 0.0759593257715057
3 0.7992717186497368 0.4342560223066684 0.06755065698045475 0.1849843029532712
4 0.9483604487990587 0.5460702657082132 0.06603816520334045 0.24085796509885743
0 0.6045753005981294 0.23964532287055237 0.01959999343715342 0.03343475843754077
3 0.6666224133665594 0.4260830761353473 0.08376575027338011 0.21989448235872136
3 0.6221851219495429 0.44223800655064166 0.08061750761298754 0.29387745619672184
3 0.673510824908579 0.5892909820622085 0.11018484764145522 0.2654841390417119
3 0.5888461306951372 0.48343165567823576 0.08208069574763605 0.2228980538698667
3 0.5368113028195323 0.5085709358393026 0.0760597458013672 0.1956462037057025
3 0.5136642722413058 0.6865725986267547 0.09231428200826512 0.24264097525616793
3 0.4334063987066721 0.37306207432566046 0.07685296942177355 0.17903867776886093
4 0.33122612508579335 0.3531209134612796 0.06678208518128119 0.209144698980747
3 0.16595329638725506 0.8638598942942699 0.10851951457269735 0.27228021141146025
3 0.14849110345159278 0.5778043573373041 0.07952353177354031 0.21833996702782302