6 0.6537251503635861 0.8377903462180836 0.0897278381176509 0.0330492075397329
6 0.39182978780796784 0.8665091488339379 0.035464260036484375 0.026901958577504142
7 0.5691119489045916 0.8676431161836172 0.041063453767640146 0.05628844574046045
7 0.4503555194249458 0.880382652075441 0.04578500866529022 0.057733846548932266
8 0.5097840455860899 0.8586497556379091 0.047284155460120846 0.035403728755107944
5 0.525413553832061 0.8874435497667068 0.02054087441496937 0.0309375189596157
2 0.4986725596696968 0.8906589042170245 0.027607198581933192 0.028217352015898842
1 0.658690425228761 0.16184113169900285 0.038773569685222165 0.07721379002896205
4 0.7874199971535392 0.22462622120877476 0.05409944667730646 0.19608325757981138
4 0.5267417085746697 0.7219488819312471 0.059511116019901396 0.16820717491036538
3 0.7927279705354637 0.6443880250542959 0.07240989596232822 0.26610254540893413
3 0.7709806703224412 0.563154925564482 0.09600394915385496 0.2691396053172145
0 0.6166621690032833 0.3918614723902387 0.01739164656134445 0.029508369072403683
3 0.6029474960626087 0.4985669149785261 0.06283872073093777 0.22410559854059414
3 0.5776327305242943 0.4263754632063807 0.05828182139397499 0.2729395273410612
3 0.550894285323131 0.3087766990604618 0.051818710126037684 0.21980189795769847
3 0.5182756218863847 0.18622872580339458 0.05883014910610575 0.2003219544776686
3 0.362185310563877 0.3159048007998064 0.06902283229882147 0.1920476971976999
3 0.3989840618345047 0.36237608292426854 0.0605259678206466 0.23804770260563216
3 0.41748837199962185 0.47360461353245703 0.0920228201224709 0.2537358495224452
3 0.3292916970358242 0.517387299372084 0.07939389234894849 0.23824271366074798
4 0.17327077843217722 0.2657662699764338 0.06668263679508228 0.19760991299458142