2 0.8461588513464536 0.9864291543407145 0.023056877291278616 0.009743504450447887
5 0.8226325508259908 0.9861972004544808 0.01985454363003205 0.010660893253807376
8 0.791398908273987 0.9789161577205842 0.031184049969874283 0.025986154115052756
7 0.7489228742209466 0.9736523910570585 0.023237329457376586 0.03731004437440226
7 0.6706584093377185 0.9625804443529757 0.027583851697034305 0.04781056019045512
3 0.1991569668422157 0.7802068336618013 0.10695959275231777 0.3290306983297976
3 0.30512463465827294 0.48017682615397744 0.08167034070059205 0.30500651772037296
3 0.32805706217982866 0.489444728547636 0.09469746244259299 0.3346069244841209
3 0.2563650844824597 0.4954139197973205 0.10682269800562265 0.3081181508012807
3 0.38157655542810864 0.4822377105047696 0.10092167759898778 0.3052056069534475
3 0.47097980412355334 0.7113355897178282 0.10575355394056457 0.38985060946151556
3 0.6584224802622561 0.6670996197236891 0.11222007149639963 0.3157780161036663
3 0.7756253804620652 0.5703617044206584 0.08103602152652485 0.2897918619886135
3 0.8371338403619282 0.8539269013478463 0.1408357323275751 0.27615269558065436
4 0.33390631538888954 0.24938147508899766 0.056592278605875734 0.2315582095727456
4 0.326494655592528 0.8506531632009475 0.08979713872766851 0.23950564821179424
1 0.37007120677248884 0.19768014942613263 0.046636443615392986 0.0993349176461427
0 0.3749680445916507 0.18479767749809212 0.02004744077310237 0.0401285738621724