6 0.3760337154501126 0.877059237216059 0.09248150277636154 0.031215032562606278
7 0.46480960811898864 0.8902250187208134 0.04312891210114769 0.055199344351557024
8 0.5255168468165864 0.8692399138732942 0.04711477140637182 0.03506834888910015
2 0.5389893616795812 0.9003580611238429 0.02762810800403178 0.023339778405723988
5 0.5118513030569085 0.9029590736617867 0.020344182282493704 0.02614617542546678
7 0.5879461951907933 0.879251402195259 0.04801000717346844 0.0610133313528046
6 0.6466110008216663 0.8532021120818503 0.0365563523228591 0.02775475841713684
0 0.5919752224058644 0.12931846651584641 0.022803588262125467 0.03481685768689732
1 0.5974052994953927 0.1790847718382833 0.04158360033208385 0.07823733331463793
3 0.5849013670168463 0.320161017836878 0.09357057788684019 0.3640680584992059
3 0.5818178153950205 0.3683983790483422 0.09278849278057262 0.3727052086003429
4 0.7067776061281937 0.295486065944297 0.055920976140433676 0.24984958562989196
3 0.525848146287173 0.47516446093326814 0.06416142757035082 0.29172015954647623
4 0.5608172956409567 0.7608191422762943 0.06111269523223485 0.10293420350982942
3 0.34893754802745147 0.6447983157911943 0.07551607559273495 0.2947193664879077
3 0.25673130968906127 0.45004699768076506 0.10540557591994797 0.26621109516658964
3 0.39853213071566174 0.32327614628569684 0.08676700217602584 0.26601828524490095
3 0.44668148905863214 0.5507117990867644 0.06662554816085058 0.3018317639981087
3 0.25286277535773466 0.2583708142236414 0.08105667588875866 0.2544322264427732
3 0.0474956483257339 0.7706381693868992 0.07641131135983151 0.32066434895161217