8 0.8369318200062569 0.9940623437556199 0.038109877405451166 0.011875312488760364
7 0.7926256942892765 0.9900053831186112 0.022374302752455298 0.019989233762777555
7 0.7124420986948357 0.9832915000764133 0.02730671133264146 0.033416999847173334
0 0.5659585357184558 0.8143425344284867 0.024592481892321293 0.04183926725482879
1 0.30726003438090116 0.22899541200520196 0.038290103655029634 0.07582906004522912
3 0.453135119707897 0.2986851396544631 0.05284739008137698 0.2065362782029514
3 0.40032165390259816 0.43498093528166465 0.05729639581721961 0.23752906605448681
3 0.4860510596985976 0.6423411774145606 0.09107741831988046 0.26399009646868343
3 0.5608789192850351 0.6735790416302341 0.08252088816318569 0.3064532635122275
3 0.6024708155616953 0.678845060953772 0.06055094165438168 0.23562858924487928
3 0.628343127681445 0.7796897785563977 0.13777228265827535 0.2509343260274282
3 0.7478319168082442 0.5082087817509108 0.055637504258361725 0.22880812457534472
3 0.7608309477967792 0.41163483284411034 0.07192604276431014 0.2241413304692796
3 0.610417105961045 0.44972812215007296 0.06048770437382774 0.2162862294769875
3 0.8316475386392628 0.4626564168628959 0.0615999558077884 0.22403442643987134
4 0.6423553549149088 0.9064109241248357 0.07291498150119083 0.18717815175032854
4 0.656430769777419 0.3114277589477874 0.047399960016570444 0.20261154097073708