4 0.1975968694451269 0.27893667872155486 0.0495870228398144 0.19687555332209128
4 0.8907383199300823 0.25966328780711156 0.07008378288685281 0.22125565591342503
3 0.9389662973599731 0.6368322261609006 0.11788654718466475 0.2746178892509076
3 0.798962923432109 0.5468881672544085 0.07727760851880318 0.2847700707751889
3 0.4272587769853912 0.47143229030153605 0.0573127521065016 0.21206038786634912
4 0.266642388309273 0.7941166155639279 0.05801229379969119 0.189410565857
0 0.42837218642987823 0.44724992361767435 0.018043136726039893 0.03794890396681273
6 0.33497642637204006 0.8757398385474983 0.09504344804669332 0.020621747641732583
6 0.6167511568578582 0.8720624542391257 0.037455773651673185 0.02606644186054694
8 0.4896768875702403 0.8801782767038435 0.04003759078207707 0.03213510272071715
5 0.47336347668005846 0.9128269892133808 0.019659163482181656 0.02588188834690624
2 0.503024493629211 0.9125194000239798 0.028123878691106302 0.024459196954322245
7 0.427068564317211 0.896689635323195 0.046975028795217075 0.056374593111181814
7 0.5554485337634236 0.8938476395280898 0.046975028795217075 0.05637459311118216
1 0.2839090567381195 0.193443736794632 0.04210722640226781 0.08955449193464778
3 0.2641333416910181 0.5395936817721015 0.07543477733063703 0.26209388397817696
3 0.3590973075122081 0.41624411263518624 0.0923937909352718 0.26378022324739014
3 0.3789786417589873 0.5406687332231824 0.06780765868656922 0.2620147896151881
3 0.4029533881474499 0.4482688585033672 0.03939780918986679 0.19374894613518576
3 0.46411302583908637 0.40458034995156317 0.07765173515734906 0.21227130616765263
3 0.484413158368294 0.5282452893992189 0.10678084847176486 0.2609084756745595