6 0.6082817509295892 0.9132945547586608 0.09108074936443808 0.05349890994097835
7 0.5209936526908945 0.9024464690139172 0.045663319251589285 0.06439150042503496
8 0.46369568989996895 0.8656298727832513 0.04799535131893992 0.04595038322252456
2 0.4484560258119242 0.8924614938536941 0.02800811357737651 0.03011878415253348
5 0.4743429349875452 0.9019630271901374 0.02162852825042276 0.030052672450135987
7 0.40231073879888746 0.85931172946586 0.051264014083522144 0.07013116634645074
6 0.34702031467577116 0.8182544295058295 0.03679860107278624 0.03589150592514753
0 0.45614240474574425 0.1261799823391647 0.024850796837884256 0.04002891011951651
1 0.4468163303448934 0.17367017403969595 0.04653035868313978 0.08570658256965258
3 0.44795192432313535 0.3143117019652953 0.11843576840562943 0.3719534388951853
3 0.4473954600379899 0.36260302452935 0.11767079616374483 0.3818883567505674
4 0.3317054293970008 0.25770743612381874 0.07339823886456218 0.255013384251132
3 0.49366110607123603 0.4809841936258569 0.08389960813451254 0.2963139975857093
4 0.4377533735521077 0.7510105711017718 0.06655471176640003 0.11290181800328014
3 0.6528605097977697 0.6935786181671872 0.09587988829339915 0.30211977520952227
3 0.7574726270248727 0.5277536562216327 0.12132863833553285 0.2810774038372931
3 0.6296054068125382 0.3666220218472524 0.1037754998509858 0.27805468756479146
3 0.5647241956386774 0.576184045569153 0.08712187672197404 0.30629023525508975
3 0.7760229744772134 0.34186004993007957 0.09735415976462336 0.2652044849533034
3 0.9337890639710172 0.8661211050417876 0.09261122552881673 0.2677577899164247