7 0.7863288461335022 0.9290328690892475 0.052665660621700666 0.06364904044839977
7 0.8491242786295355 0.9437601025147426 0.05265294405380775 0.059765545302768695
4 0.7657881304861877 0.7768736589458283 0.05701853480127358 0.22485362764128977
0 0.6063658998668712 0.3985140065531867 0.025829300640056754 0.044925667962247555
1 0.5992890974370312 0.3901881504487766 0.04947280893038673 0.08982874241066595
3 0.5310367675896552 0.5399731884132829 0.07591886311324444 0.3231039249360203
3 0.301641794740351 0.336138910403174 0.06149821032781603 0.2579085234068117
3 0.11081605228575798 0.7866089317337605 0.07528975733450946 0.297855558110961
3 0.5829171801439755 0.7172144618713914 0.09175314108087065 0.319384232765649
3 0.6378030571791701 0.8925708683245958 0.1181984665998109 0.2148582633508084
4 0.07933438698583413 0.30422836988564117 0.07795205664825756 0.2765245767022764