2 0.879453125 0.926212962962963 0.020640625000000058 0.030203703703703604
5 0.856984375 0.9284722222222223 0.01736979166666662 0.027305555555555566
8 0.8267291666666666 0.925675925925926 0.03455729166666662 0.03762037037037047
7 0.783984375 0.9256574074074074 0.01955729166666676 0.04019444444444452
7 0.707171875 0.9261296296296296 0.023999999999999962 0.04115740740740745
1 0.7799322916666667 0.2966111111111111 0.032020833333333346 0.056175925925925886
3 0.722546875 0.5320555555555556 0.06723958333333328 0.22336111111111112
3 0.6752291666666667 0.6273148148148148 0.07885937499999993 0.3583425925925926
0 0.26030729166666666 0.5041944444444444 0.01984895833333334 0.026898148148148105
3 0.2828072916666667 0.5228055555555555 0.06485416666666666 0.14191666666666666
3 0.3294635416666667 0.519611111111111 0.03525000000000003 0.14291666666666664
3 0.35597395833333334 0.5001944444444445 0.07993750000000001 0.18186111111111114
3 0.31401562499999996 0.6171944444444445 0.10434374999999999 0.3418055555555555
3 0.463890625 0.5220462962962963 0.06242708333333328 0.15890740740740736
3 0.47410416666666666 0.5502037037037038 0.08285416666666663 0.23004629629629633
3 0.6272916666666667 0.5578703703703703 0.07464583333333343 0.2712962962962963
4 0.9713541666666666 0.6060185185185185 0.057291666666666664 0.2898148148148148