8 0.12172441637348633 0.7940062904642945 0.041322694118243276 0.045528494407908286
7 0.16686335949537415 0.8078054857892587 0.030095858733115443 0.0462467861162251
2 0.06965849070533522 0.7727463239369521 0.024182394402575566 0.03661941293356335
5 0.09074570725997373 0.7832409778228562 0.023660079600032177 0.040410633415056775
7 0.2403056593698625 0.8329005833634039 0.024754487428100356 0.04803731792735553
4 0.9578509419553969 0.4407080989319982 0.049680087497699546 0.14835600467600363
4 0.6362389636818426 0.8418202624566957 0.07238264938286226 0.22296504863579608
3 0.7317697320403284 0.8165569206846124 0.11802697431252464 0.2818900149332029
3 0.7727011357301162 0.5638262134505997 0.08682737433453191 0.2251648332780633
3 0.6933607489503888 0.6253491563340831 0.0788215396548819 0.2297517716791695
3 0.6387736505680554 0.47582302848932617 0.09058002325936222 0.22809397051597546
3 0.6427363013710886 0.40873039315255466 0.10165752397554566 0.18174830238180323
0 0.5477342483623999 0.35414029573572686 0.018278263488844673 0.029843750777518004
3 0.5779590410919926 0.35018835940397464 0.0866407059983513 0.16813061274574392
3 0.5445500465160155 0.5918326552800338 0.08045381798017534 0.23834008742100146
3 0.43458215278382023 0.6986628748248648 0.0852946524552014 0.2469947684868017
3 0.17806655365467708 0.2439237073332616 0.10066267259344033 0.20453986882007494