6 0.20655737704918034 0.847864912943164 0.048633879781420766 0.03836678335259713
6 0.2046448087431694 0.8881759444036865 0.04371584699453552 0.04511206445133644
7 0.1587431693989071 0.8439902140193374 0.03114754098360656 0.040127782814781174
7 0.1581967213114754 0.8852579983201246 0.029508196721311476 0.04108171146581696
8 0.10601092896174863 0.8377391660356065 0.046994535519125684 0.04223333336285666
2 0.11912568306010929 0.8846909835934095 0.02622950819672131 0.0342517046902193
5 0.08770491803278689 0.879675959529458 0.02185792349726776 0.03614826523537674
0 0.13333333333333333 0.5597868442001231 0.019672131147540985 0.04292178822640239
3 0.12021857923497267 0.5710874538267863 0.06612021857923497 0.2385475314632286
4 0.11557377049180328 0.5187082805776533 0.03879781420765027 0.21690588923939594
3 0.3341530054644809 0.5810120359908746 0.03879781420765027 0.2547699669092988
3 0.4713114754098361 0.4990117687262631 0.11147540983606558 0.2312493565839174
3 0.496448087431694 0.3938975743851913 0.05136612021857923 0.19761832621575703
3 0.76775956284153 0.4551708243840852 0.06120218579234973 0.21034135625128833
3 0.780327868852459 0.34630304760189884 0.04207650273224044 0.206260167859654
3 0.8128415300546448 0.4765494933555378 0.05573770491803279 0.21028487246671587
3 0.5860655737704918 0.6381168713861655 0.10491803278688525 0.2603077896346636
3 0.6158469945355192 0.6067410735951975 0.08032786885245902 0.2717040980409811
3 0.5879781420765028 0.6371262282751573 0.06502732240437159 0.2929051667451492
4 0.7950819672131147 0.3306165608010291 0.034972677595628415 0.16832266126980688
4 0.6797814207650273 0.7395753589467684 0.05628415300546448 0.2598050839519694
1 0.4390710382513661 0.22895667354067709 0.0366120218579235 0.06736873261877088