7 0.25712240994058155 0.8623326959847036 0.03403361674740305 0.0497131931166348
5 0.10536562490224612 0.8183556405353728 0.020542710684513122 0.03441682600382409
2 0.08142056259376697 0.8121414913957935 0.021614851636227665 0.033460803059273424
8 0.13684695252762463 0.8274378585086042 0.03131416604949472 0.040152963671128104
7 0.17855115358016843 0.8389101338432122 0.032948964333729444 0.04684512428298279
4 0.1643818591616371 0.7805927342256214 0.07224668046515939 0.22657743785850862
4 0.9694876428827942 0.6978967495219885 0.054467210595411444 0.21510516252390058
3 0.9054092357912844 0.7495219885277247 0.06858020343512689 0.25621414913957935
3 0.7897660489334226 0.6515296367112811 0.06308500046049449 0.2198852772466539
3 0.6527608298605486 0.3508604206500956 0.04944395685409594 0.1586998087954111
4 0.45502066355928056 0.30210325047801145 0.04026038179100282 0.14531548757170173
3 0.6285267984499033 0.42065009560229444 0.04417083232923668 0.19024856596558318
1 0.7632744155504434 0.359942638623327 0.03461816913835161 0.06405353728489484
3 0.6411570529372743 0.6658699808795411 0.06145333004174943 0.21414913957934992
3 0.5554905602940182 0.7743785850860421 0.09390845008373329 0.27437858508604207
3 0.24739543330374136 0.35420650095602296 0.0532261649072496 0.16443594646271512
3 0.3631932702755279 0.4173040152963671 0.052751087808442745 0.1835564053537285
3 0.2876917855478764 0.5105162523900574 0.06410396769888307 0.20267686424474188
0 0.15420692996610805 0.5463671128107075 0.018917295996747605 0.030592734225621414
3 0.13231544146185492 0.5105162523900574 0.07325939197256844 0.2074569789674952