6 0.6324676516970253 0.8663370178761508 0.09159083019745597 0.030947475140641407
6 0.36512838930810315 0.8433903569147909 0.03619961551893839 0.02608828905927567
7 0.5446261200384325 0.8793899498251502 0.0411130781401502 0.05613815617194112
7 0.4238022495420539 0.8692122118059342 0.04593315665524741 0.05761659471317801
8 0.4851683684074061 0.859290691833737 0.04746358580695251 0.03477607422692342
5 0.49891708523786077 0.8912922588240424 0.020969496192488793 0.0316446622501212
2 0.47202404611690046 0.8894278263935667 0.02738070352826585 0.028854008876532396
1 0.6803892813965815 0.18081756878588687 0.03877541156484066 0.07754179404417982
4 0.8070902703155187 0.2702228427927077 0.053618521945202814 0.19911996681074723
4 0.5112095451072128 0.7233021369997918 0.059143115367177916 0.17060671653742832
3 0.7860167871922291 0.6983126988422887 0.07150848301305826 0.2707313843190915
3 0.7688756984816563 0.6106300908794745 0.09559019876732062 0.2724092913109897
0 0.6233374349120873 0.40570168842358517 0.01775455411398888 0.03018284607977291
3 0.6024148983198004 0.5116362205521428 0.06254015645260189 0.22778281842206233
3 0.5812913183522221 0.4332808828022639 0.05709027031551861 0.27915321155252415
3 0.5620200751553007 0.30776190994591746 0.051290193780504846 0.22338074754012885
3 0.5363119439934207 0.17730942657312473 0.05844793887091141 0.20345554820912684
3 0.3696999297534175 0.27760958171695144 0.0688533104769582 0.1949921650484731
3 0.40398650883272436 0.3315420706212863 0.05937657563246506 0.24203528796599957
3 0.41600895743577715 0.44927870128948794 0.09153066562277036 0.2580820210980542
3 0.32379532342429374 0.47523448761557346 0.0786335436663246 0.2408061849880895
4 0.1816024721346409 0.1888401133966137 0.06646428264328548 0.20068151720642619