4 0.8930205949656751 0.28191050970953035 0.06064073226544622 0.20084869823597043
3 0.7191075514874142 0.43673470548814725 0.11441647597254005 0.24880571353749178
3 0.7465675057208238 0.6642718434041187 0.10411899313501144 0.2760873337386694
3 0.7520022883295194 0.28279471254061933 0.10068649885583524 0.21389811141604775
3 0.2625858123569794 0.3927281583072201 0.09267734553775744 0.25039209843380017
4 0.5769450800915332 0.7558707129087863 0.07780320366132723 0.1900025491566146
0 0.3009153318077803 0.35527437461839256 0.018306636155606407 0.03194740703768905
3 0.5832379862700229 0.5912800850186031 0.08409610983981694 0.2715992870264312
3 0.6885011441647597 0.22301019312622875 0.09096109839816933 0.20860502291403715
3 0.39530892448512583 0.23722962021676425 0.09382151029748284 0.19746264029422594
3 0.5529176201372997 0.43152113474758624 0.06178489702517163 0.21003736636930856
4 0.25371853546910755 0.15054929764405392 0.07494279176201372 0.18077833299842166
1 0.14244851258581237 0.03232515908893977 0.03775743707093822 0.06465031817787954
6 0.6441647597254004 0.9311586596678316 0.05320366132723112 0.048963495898803416
6 0.4919908466819222 0.9017240264934696 0.05835240274599542 0.05416178966786822
7 0.5666475972540046 0.9169801314041462 0.07494279176201372 0.05959707026929738
7 0.4147597254004577 0.8839754187728246 0.07208237986270023 0.057501163683406055
2 0.34010297482837526 0.8666826539843474 0.03318077803203661 0.043457119247664835
8 0.26773455377574373 0.851379151707198 0.05320366132723112 0.05100015577660382