2 0.04293785310734463 0.8824101206603115 0.023728813559322035 0.019606352359860593
5 0.06694915254237288 0.8899608930220458 0.01977401129943503 0.015500263452130871
8 0.09971751412429379 0.892803054892059 0.0384180790960452 0.028965041887221207
7 0.14463276836158193 0.9034418212393505 0.03672316384180791 0.028929923013572098
7 0.22768361581920904 0.9213387026679667 0.03785310734463277 0.03096540803061218
4 0.3132768361581921 0.8234887407961695 0.09322033898305085 0.2715492442881277
4 0.8584745762711864 0.44901309532567996 0.06384180790960452 0.2327111408873306
0 0.423728813559322 0.3066126357124613 0.0192090395480226 0.03661531772429471
1 0.2745762711864407 0.21362663784107128 0.04519774011299435 0.08343147311622413
3 0.24717514124293785 0.7775746746552068 0.09209039548022599 0.2624715057499604
3 0.26299435028248586 0.5941483069518523 0.07457627118644068 0.2097947274224539
3 0.36242937853107343 0.5005387039231208 0.10621468926553672 0.2999875030706115
3 0.4138418079096045 0.37019777749888877 0.06497175141242938 0.19852932208143342
3 0.4646892655367232 0.3032488390560139 0.060451977401129946 0.22660468583620935
3 0.6901129943502825 0.7180951314763713 0.08531073446327683 0.36394068820305014
3 0.8248587570621468 0.505041611604765 0.05706214689265537 0.2436370637830759
3 0.6367231638418079 0.5446540922941062 0.06666666666666667 0.2679809399490463
3 0.5451977401129944 0.485182302215627 0.08870056497175141 0.25938315935075074
3 0.5234463276836158 0.626981082958645 0.07231638418079096 0.291236835859198