3 0.2081967213114754 0.4364724889594939 0.1087431693989071 0.2634131792624736
3 0.2653005464480874 0.41830164664151404 0.07213114754098361 0.25780190199797975
4 0.17459016393442622 0.23425464166662857 0.09453551912568306 0.208750521602089
4 0.7040983606557377 0.8665115971894024 0.11311475409836065 0.2402025855030101
7 0.6685792349726776 0.9560808626995873 0.041530054644808745 0.04746052433364114
7 0.848087431693989 0.9620784903067773 0.040437158469945354 0.041612687336613885
2 0.6174863387978142 0.95373908697081 0.03224043715846994 0.04532672539288934
8 0.5650273224043716 0.9494838065174432 0.0546448087431694 0.055498645967872136
5 0.5122950819672131 0.9486322328861486 0.03278688524590164 0.04242540117295647
3 0.21530054644808744 0.8091411601293015 0.09289617486338798 0.3300758534851888
3 0.5737704918032787 0.6463904309295738 0.0912568306010929 0.25916817565955075
0 0.5333333333333333 0.5981972930234692 0.025136612021857924 0.052946852873376714
3 0.5775956284153005 0.5254375645467743 0.14098360655737704 0.26407971048060574
3 0.6639344262295082 0.6668565000340408 0.17814207650273223 0.2541683043018658
3 0.14453551912568305 0.5576915183081816 0.10273224043715846 0.30018211461377475