4 0.7234147708059743 0.41204285226082615 0.051633626339094005 0.16876436089984947
3 0.40278384835517406 0.5538230831527126 0.10350170418624303 0.21088565531540973
4 0.5661055466094417 0.7549578830832331 0.05643942855207681 0.17164938969786328
3 0.28286291538118485 0.30492953484287955 0.046271151671922015 0.16209311487139058
3 0.4503962343946945 0.5940155261423024 0.08285605357746921 0.22579407179685834
4 0.14129055590016318 0.19429033874228357 0.04735354962958549 0.16493965141167594
1 0.6907580820185079 0.32190711089675744 0.030170976231427126 0.05890907227732844
6 0.603833436068661 0.9642467398801189 0.050328037677585834 0.050611413990765346
6 0.4655976439590128 0.9127197600448128 0.055146218670854716 0.05538680195702123
7 0.5340537410918872 0.9380037865529538 0.07061507631675024 0.062162526970743114
7 0.39502626603195673 0.885523378792585 0.06794312306837892 0.06024467333269498
2 0.3318893178352525 0.8602943412240559 0.032193416173462164 0.04286301492311653
8 0.267939023822765 0.8374200042748875 0.06257445901106365 0.052628247720115214
5 0.20585662132808022 0.8136197338704625 0.023658020315017292 0.038994314283253374
3 0.5730315876051385 0.34715688368671854 0.06927346929045976 0.18217833857826304
3 0.5379965689424072 0.2952789199037048 0.06712105215541901 0.17837562466593432
3 0.4610700645475908 0.26376324379539806 0.053705581402274105 0.16027974021860544
3 0.5000230805964577 0.367197486064695 0.07086921397131081 0.1821948352601466
3 0.4435749269472046 0.41718446050226043 0.0808889454880303 0.16906680006771582
3 0.38212619162480627 0.45908516898216606 0.07957172336362012 0.2115833846712764
3 0.3553944666901524 0.4389587035705845 0.07430827893873813 0.22003501198875322