7 0.7304945054945055 0.9260105514977199 0.03406593406593406 0.050156938914335036
7 0.8107142857142857 0.905843953013735 0.033516483516483515 0.050151257439910335
5 0.8865384615384615 0.887585027734352 0.020879120879120878 0.03341902102814087
2 0.910989010989011 0.8819784783462539 0.025274725274725275 0.03932384782353893
8 0.856043956043956 0.8950822059037777 0.03736263736263736 0.04140196526088369
4 0.31373626373626373 0.9462389058817655 0.08021978021978023 0.10752218823646897
0 0.8601648351648352 0.48350372321196344 0.024175824175824177 0.040289047374689524
3 0.9065934065934066 0.6416986515508558 0.09395604395604396 0.29686996962663414
4 0.8777472527472527 0.32792381164355583 0.056043956043956046 0.19979826039132564
3 0.7527472527472527 0.40524455746192267 0.08571428571428572 0.26358162251026274
3 0.6807692307692308 0.461140909312279 0.08406593406593407 0.2430567655869884
3 0.5076923076923077 0.3739020261184792 0.09945054945054944 0.20805959687088182
3 0.41318681318681316 0.43933106251742027 0.06923076923076923 0.24095024077751992
3 0.31648351648351647 0.7068858105186624 0.0945054945054945 0.32421940110105885
3 0.35274725274725277 0.6359717253306966 0.08351648351648351 0.2703948341125637
3 0.4793956043956044 0.640210992685604 0.07747252747252747 0.29084015039389133
3 0.6384615384615384 0.7761331232815724 0.1412087912087912 0.31786638892716357
3 0.17307692307692307 0.7683912269437998 0.06923076923076923 0.2770830532775199
1 0.2368131868131868 0.39697996547707204 0.04725274725274725 0.08740266930052942
4 0.16648351648351647 0.5202761742507026 0.06648351648351648 0.2331093334053962