2 0.9873006125142711 0.8523895011139295 0.014380681404121028 0.0393817361622472
5 0.8673228059280893 0.8848174487194854 0.03360944307666773 0.04259884502902052
7 0.9121137471041342 0.7736969349113823 0.04339803601290179 0.07086735922095826
7 0.9684336210337983 0.757017987158676 0.04676814439685252 0.06788436825402246
4 0.4849720938910598 0.7816428899788694 0.07729055869268336 0.24323902333467606
4 0.24961383529869682 0.4023162364078556 0.06126755436638861 0.2118880180683715
0 0.20174014190824918 0.16389476770409156 0.022310008048418952 0.04248178607910187
1 0.30524442441570515 0.2749879371204686 0.04628206114353536 0.07995094991417247
3 0.8674765817015399 0.299342414407384 0.0840636456681244 0.24230322248732347
3 0.5843025312029279 0.6669394580854975 0.12365150833431425 0.3352624078564944
3 0.46894698999882684 0.5539571281319274 0.06519645627851561 0.29441810557226056
3 0.4353414276703212 0.46628306244134676 0.06276564419365911 0.26823775213237744
3 0.3953691814850518 0.5748387356524749 0.07489301263363829 0.308602112721945
3 0.3730858654209366 0.5267831151217287 0.05488890988142494 0.2731859919539537
3 0.33368924368588554 0.4607973575781394 0.07519502272473257 0.2683665169772879
3 0.23910558272647736 0.4974890855242456 0.06384956940592822 0.26120720450624263