2 0.9632530208768246 0.838910720719099 0.07349395824635081 0.048811457149508124
8 0.8182282045147434 0.8738556725624461 0.030823272228403212 0.041748996355024014
7 0.8557218276024157 0.7703566378812 0.049944768479971084 0.06454508098138415
7 0.9162545867151272 0.7546634726143879 0.050476947225902534 0.06549217874956767
3 0.15712817159043063 0.31759297571164613 0.060997746237154045 0.2087224412414773
3 0.41181708106304854 0.6972664780850476 0.09287306309009594 0.24859915479011868
3 0.34486721844791207 0.6113277271963287 0.0589798470593501 0.23883235525348886
3 0.29809362215984847 0.3848740089228381 0.04018736724285537 0.15483647573994502
4 0.5510741212911542 0.2419486412397424 0.039676736014742045 0.1604807150715732
3 0.5706956513948583 0.33638145594021335 0.05767538865465352 0.1634918320335058
0 0.7073757916624093 0.3067167581943264 0.015427027198357411 0.02558259610594892
3 0.7416980661752419 0.2851742356541079 0.0740713486231076 0.1617784165195129
3 0.7601888807422796 0.2765079229955547 0.08575465529895597 0.1750816107340526
3 0.8263987849753789 0.2979512104471842 0.06726076251508699 0.18242283103218493