6 0.6104964360677696 0.900008757479266 0.08938976400381797 0.0518423751326051
6 0.3544458833943154 0.8058351609731678 0.036155676002545344 0.034076747860525024
7 0.5248904717337469 0.8892113299030648 0.044159080004772554 0.06340502638092857
7 0.40900184239733794 0.8465416966899754 0.04886476133831792 0.06627977127094924
8 0.46919445506442886 0.8533416635193081 0.04794715133672707 0.045430276752241774
5 0.4799685967337469 0.8882820617440755 0.022102266669318027 0.03517473541268651
2 0.4541282573997242 0.8787209648489647 0.028343176002545434 0.03391513600678751
4 0.49790952739097455 0.765058819081934 0.05694089067472703 0.1067191609024639
4 0.7822513417011348 0.46750967129918325 0.06095677601845377 0.24289491675506997
4 0.09946447167409057 0.09926661217199892 0.07549144334818114 0.1959797570549487
3 0.31586327303468026 0.460639221408845 0.1298158640197263 0.2609837677346249
3 0.2953780503659985 0.4338301417002392 0.11333688868554459 0.24953327173066542
3 0.4687564610319758 0.4283901470754292 0.08818234735040828 0.22540500268759509
3 0.523207603695885 0.3934103189404791 0.13294086401972632 0.2610484124761197
3 0.5487428583505674 0.2370153547987414 0.06383632801559021 0.20545956149656497
3 0.5477348890237035 0.32170525465021615 0.07175791601686292 0.22228784001696894
3 0.6426533133752252 0.5618309607468212 0.07993404268777163 0.27800500742626183
3 0.5670038780434299 0.5804022146544584 0.08924540802036277 0.26847671942852414
3 0.473708685053293 0.7076214584835907 0.07471019334818116 0.19596359586957499
1 0.65168631868634 0.2710849951198312 0.04824714334022691 0.09126361008557526
0 0.47582407369906665 0.4340911532993483 0.022883516669318028 0.03519089659806032