5 0.8840621403912543 0.9020892371972673 0.03222094361334868 0.01877643285800562
7 0.929228998849252 0.8006104458449722 0.04430379746835443 0.07320489026172503
7 0.9810126582278481 0.78270430310213 0.0379746835443038 0.0700655499667245
4 0.4942462600690449 0.8135220448848469 0.07882623705408516 0.24876746176649683
4 0.24827387802071346 0.42982622291334754 0.06271576524741082 0.2158136715670021
0 0.1956271576524741 0.18747752268004592 0.02243958573072497 0.04428985180597055
1 0.30264672036823936 0.2997542812300845 0.047180667433831994 0.08245600619313354
3 0.8757192174913694 0.3184987059142152 0.08630609896432681 0.24884495335209347
3 0.5934982738780207 0.6956978396004103 0.12658227848101267 0.3435245108180432
3 0.47410817031070196 0.5817560366436755 0.06731875719217491 0.29987775213922324
3 0.43843498273878023 0.4927594122089631 0.06444188722669736 0.2732086034209293
3 0.3993095512082854 0.6040343994762325 0.07710011507479862 0.3143233495847008
3 0.3760069044879171 0.5551249505957575 0.05638665132336018 0.2782481017638049
3 0.334867663981588 0.48861268130120494 0.07710011507479862 0.2743643331912582
3 0.23906789413118526 0.5270669142279222 0.06559263521288838 0.2670729842197221