4 0.9442818786858442 0.25946470572725766 0.0420175521284598 0.15123957649412936
4 0.6839185430848084 0.8330295028354059 0.0604715652488426 0.22835108515197394
3 0.7772492020289495 0.7581742062727519 0.10614659899193607 0.28044159768727406
3 0.7757686490636945 0.4793339409183095 0.07695765541412523 0.22548541416464374
3 0.7052854350283203 0.5827998516586577 0.06731405054409542 0.23348247579745107
3 0.6235342962446723 0.45864190597340115 0.0809493809485013 0.22856307085358776
3 0.6159078752624386 0.3878682539365008 0.09726338513530289 0.17306582091888914
0 0.5095088698281991 0.3803661630201532 0.018291855179121578 0.02751636695743994
3 0.5395938875947474 0.3608233037286749 0.08186862055741863 0.16177322840381236
3 0.5469991512925058 0.6249256265598226 0.06848149108351437 0.24260356452176488
3 0.45254095358452784 0.7898766160116744 0.07306190090620976 0.2517599841963475
3 0.11185015243996434 0.4568535840249744 0.09393645884126689 0.1993462794423043