7 0.732603494506947 0.9467375413523536 0.025214230869058194 0.04797735132974189
7 0.8159622554181255 0.9380944400422223 0.025210840525345817 0.046940006931401636
5 0.8996157819643918 0.9284109767871681 0.02108412163411395 0.03237493970248388
2 0.9249705178296111 0.9265924336369852 0.025180327431931507 0.037603907346339394
8 0.86580607713372 0.9318730453857527 0.04208348467541105 0.03881626944646154
1 0.7053155921325986 0.29195932600531344 0.035168455587795626 0.0626027694903084
4 0.7079886306427514 0.3655806028216466 0.0289989135811392 0.13618783574765225
0 0.7829888531163738 0.41822531231789845 0.014653523161581422 0.026084487287628574
3 0.7951706746828768 0.4352147579340499 0.04616651763420776 0.21831306091831382
3 0.5317131657802106 0.4545401304180247 0.05191265521260938 0.1934771462897967
3 0.4294302674763453 0.45871132246348395 0.043174786815063274 0.19442396429066372
3 0.6931940196812638 0.6131320840617533 0.08414362548066333 0.2487883295258991
3 0.3470761606722308 0.4274076117977683 0.058319521279153144 0.1925061879162704
3 0.12653368875477797 0.5100830678854666 0.09802453881158434 0.21677549541330868
3 0.24422329608880558 0.7842698641857473 0.08655599606077 0.27370873545872465
4 0.4358209056566069 0.9103933341829363 0.07281708862995143 0.1708728328802473