6 0.2138624111334496 0.8600587582933956 0.046136405404006584 0.03249166779053978
6 0.21320402549743891 0.8996013027097696 0.041399126376751354 0.039975320833573
7 0.16756611483715328 0.8595794173249789 0.02921750134011442 0.036082844293411104
7 0.1679643911509281 0.8996037278991889 0.027633277969644054 0.03700802933160987
8 0.11624951994806433 0.8571647944514735 0.04456141668402976 0.036241711585800696
2 0.13038901893429694 0.9020396356990215 0.02496930602315426 0.03133092090500448
5 0.09970888378854423 0.8993678521500238 0.02021355769491188 0.033164856433913606
0 0.1359191151785168 0.5861728292521222 0.018118703096328074 0.039734280803740536
3 0.12344523592584884 0.5982851465773978 0.057881629182343526 0.22658034427456064
4 0.11752680355007719 0.5473746898515729 0.03242323944889428 0.20748499980099555
3 0.3306127188033555 0.5928968983391576 0.031488167063940954 0.24513882686349858
3 0.4613315080424305 0.5038517900984801 0.10281823555391414 0.21574655475848814
3 0.4828372112747141 0.39955114338702835 0.04505393137702081 0.18690084529578185
3 0.7469982577787652 0.440423088764215 0.05408865719053538 0.19923502901215298
3 0.7563408052753989 0.33411320468397604 0.035563982238354296 0.1971600534534116
3 0.7911227440556977 0.45782966954501986 0.04879765189953009 0.199180247187191
3 0.5757369200186967 0.6302759605965756 0.09497407412234188 0.24391296959166675
3 0.6038869856501164 0.5976096187698153 0.07120764534845504 0.2568491255789615
3 0.5775918500873797 0.6293535146496247 0.05593760720848829 0.27928912834306907
4 0.7704158380911089 0.3177800337705959 0.029623825961831753 0.16037662960414556
4 0.6690922048536957 0.7216410791243901 0.04789643989971968 0.24719188969225522
1 0.4230245785175695 0.24450101852973186 0.03353649564419212 0.0624920181526273