3 0.2083237551164861 0.12891444805878427 0.08962052294891704 0.10957667717316996
3 0.2875383173972412 0.25246735274553306 0.07881412434532571 0.2603650508188248
3 0.16887199459853608 0.590260733107784 0.09798700788887343 0.24949765264334434
3 0.23637297125433057 0.5869360154643324 0.11395084094632087 0.2939271287345987
3 0.3311143959704343 0.707631767555308 0.1744915649038892 0.3217163719838664
3 0.5685285125560249 0.48927383522665363 0.10187935886830393 0.23042393514704324
3 0.5660144550875941 0.6708311812387661 0.12906045421655699 0.24981956475562056
3 0.7812179336196123 0.7439837810808874 0.15152784789314566 0.20981223396330495
3 0.6783964984980186 0.05229809324753711 0.078826895301122 0.09135681925927847
1 0.5061276377789738 0.7567269570185782 0.12445850746781477 0.22462183574305758
0 0.5292120287356464 0.47327349400747715 0.033530547903196206 0.06070749694048933