7 0.29830220846703853 0.9323631109774775 0.03013166667466904 0.040572674437476225
7 0.22066756750398012 0.9306232889764325 0.029605350885195298 0.04056722703128625
5 0.14724804588024618 0.9303315406069306 0.01798659731280455 0.028275099450910744
2 0.12382699324866721 0.9300891310314741 0.022209371691353952 0.032063997052490904
8 0.17698488798550935 0.9306393190566674 0.033788319059774974 0.032183839988671435
4 0.47718527455860166 0.9118803549975629 0.08480149534395495 0.17623929000487418
4 0.17143354970671243 0.6815266219889721 0.07731400658861659 0.30603331959043867
3 0.17050221865672138 0.8784626775068488 0.08343076504245227 0.2430746449863023
3 0.3955277194262828 0.6482666926813568 0.0690766748984362 0.3621259363722971
3 0.5099248532445596 0.6260432638273146 0.052669024954052714 0.3338671791399565
3 0.7029859435779653 0.437504838144198 0.07622156880569947 0.29385014013386396
3 0.6714265484023267 0.2822208943625067 0.053984638973135685 0.25335917678923825
3 0.6287647002072608 0.4334596003133509 0.06885620976875782 0.29471020603521847
3 0.5655775408667628 0.34338915961821126 0.038308459869454296 0.2878399493600916
3 0.47881369245830047 0.4468883629574312 0.07420510410281407 0.32098190856153813
0 0.40395113225514717 0.3272036973036389 0.021181236237926466 0.03954373894423059
3 0.3864286057739752 0.5213041513031914 0.05832989397928414 0.2946012579114179
3 0.4211302346988036 0.5108958898495612 0.05057600985891787 0.3375907078672563
1 0.400167230764306 0.2162132329836284 0.045526491244074804 0.0809928215016312