3 0.9694526737986331 0.4780114722753346 0.056702980609562935 0.28489483747609945
3 0.9468865384968316 0.7222753346080306 0.09888244624681813 0.32217973231357555
3 0.8002974602575035 0.5707456978967496 0.06322966482549243 0.29636711281070743
3 0.6016331040293581 0.36663479923518166 0.07735792540878113 0.23709369024856597
3 0.5946685038226565 0.4450286806883365 0.09580640575483779 0.26290630975143403
4 0.40795059082976454 0.3049713193116635 0.05026350292601301 0.2045889101338432
3 0.25946558527889135 0.5253346080305927 0.11396085679280461 0.24378585086042065
0 0.4525891332690065 0.4670172084130019 0.024443786096109334 0.03824091778202677
1 0.41662800101299013 0.25239005736137665 0.050000376665774816 0.08221797323135756
7 0.1569133489798506 0.874282982791587 0.034233812420003694 0.055449330783938815
7 0.0734674086774616 0.891491395793499 0.04611181695105354 0.06309751434034416
2 0.18858648285116272 0.9636711281070746 0.03627799902808199 0.03919694072657744
8 0.13744552663534262 0.9737093690248566 0.04327975822536056 0.04110898661567878
5 0.07340447258443356 0.9832695984703633 0.03301465692011719 0.033460803059273424