4 0.31730177567803747 0.8871828497180515 0.09108019335318933 0.225634300563897
4 0.8073928844803812 0.3167766914799101 0.06175285684516569 0.23423841184422262
0 0.35673947705383124 0.3536052153098507 0.019104501751083757 0.036057365147296676
1 0.19602119510873528 0.3217137363834551 0.04514361827103879 0.08140757246440013
3 0.24482641082980455 0.8801504579524935 0.08997296193060153 0.23969908409501306
3 0.23591519241041803 0.7032874810878438 0.0731833458637778 0.21079205589772582
3 0.3220844304456511 0.5699543424011966 0.1039693937311846 0.30024732739360754
3 0.35537114624962407 0.4201916541831888 0.06336516627348981 0.1994202289440514
3 0.3967965918473437 0.3330153988875775 0.05828052831877569 0.22805510551341757
3 0.6768357796599017 0.6515010647304582 0.08175073824644531 0.36763780345648955
3 0.781562790399691 0.38567126788709505 0.054885190635683694 0.24543737295310425
3 0.6005104023512101 0.5016274169028327 0.06359948623135327 0.27114154041946115
3 0.5016130240981715 0.48011034033778743 0.08657427681954016 0.25908489410023805
3 0.49911049063879326 0.6296796411530144 0.06942686957763708 0.29374213293801604