6 0.7023492525329069 0.7889529803949514 0.10278408148560597 0.05507176530508146
7 0.6095983136404828 0.8342931055880584 0.045583321486666425 0.06836809745396556
8 0.5445042477146746 0.8320765357796918 0.057614890374141185 0.049975272789387515
5 0.5634095558605838 0.8615950423473474 0.023679917780606036 0.03727944661249377
2 0.5355762240080839 0.8697953964307573 0.02715214000282826 0.03731535914219065
7 0.48049004882331103 0.863824050453912 0.049065644449747085 0.069947219860206
6 0.4158603128978565 0.8569823400821278 0.0392948170397474 0.035897843119587915
4 0.35665638031333596 0.7506529724016403 0.05472851112171669 0.13944553309919647
1 0.6674886607300762 0.14657365579388212 0.04128344667232299 0.07449604629801682
3 0.8523280277512638 0.35606119359395916 0.06544820001414091 0.18584956698458444
4 0.9838630881117945 0.4862883834800251 0.02760728149974688 0.2394668748369269
0 0.661457725175051 0.13956636442246748 0.01930933778025236 0.03260492632074234
3 0.7170376203453295 0.335370481478976 0.08043746149833256 0.22149602239629157
3 0.670944819603587 0.3480119244111047 0.07572406446706974 0.297059437552363
3 0.7176778010732846 0.5028267093487631 0.10677204964989803 0.26651845278877406
3 0.6351020233043447 0.38622406789528807 0.07872155186893871 0.22456448588452937
3 0.5811411684878802 0.4072723619565856 0.07418936001484787 0.19519860756808677
3 0.5500165155111889 0.5867465670052306 0.0892594274259082 0.24319074199213958
3 0.48097731701765234 0.2588498663192765 0.07494630742095904 0.17823227705853587
4 0.3769975140568695 0.22922310771230944 0.06387370075676696 0.2105229687444272
3 0.18700202290651774 0.7411816981299709 0.10517734891080711 0.28810543479553036
3 0.18115411700351164 0.44094657395049774 0.07608708297969624 0.21990792185762675