2 0.08120505952698169 0.8994017636206981 0.024386102174953916 0.03525016668187118
5 0.10503570426053023 0.9066490213876637 0.020982630114647516 0.03021525970300536
8 0.13872068954865283 0.910498091176321 0.03284575401054122 0.0403374341290355
7 0.1833280454730982 0.919460608646292 0.023856989965597396 0.04024434885206028
7 0.2657946471795906 0.9383158296285024 0.028364446205450304 0.04229089149054789
3 0.26305260388074564 0.5842634691602038 0.11686204407125518 0.3461868372814349
3 0.3251451169726674 0.41089470369469244 0.07993335229116957 0.2828086783437227
3 0.3483322500947757 0.43063614363184705 0.09643467460072612 0.31497739540824043
3 0.4132060291376855 0.6053197386346344 0.1258438774129348 0.2592857403882213
3 0.3514340311688849 0.6866855951852402 0.1005372236963421 0.3410181202169172
3 0.7770510007509894 0.7685984190968499 0.11483672116092247 0.294169383792002
3 0.8669903476780909 0.8857266533576591 0.11447064307425447 0.22854669328468186
3 0.93468488912095 0.6337215936141064 0.12432844898046062 0.28526828689878836
3 0.8573238890994911 0.5214129152703836 0.10469167606690814 0.2890646628554048
0 0.4643453770231691 0.7323578878921478 0.026705201381785403 0.046273438001114754
1 0.3330437582445932 0.23396451765242393 0.055108870239378584 0.09456432949166264