7 0.3027224736806702 0.9947838251713844 0.023643892564427626 0.010432349657231148
7 0.22044901380996618 0.9954682741231882 0.02363385028051923 0.00906345175362367
5 0.13789790922662284 0.9992443768456923 0.01957610547712532 0.0015112463086153617
2 0.11257977981643558 0.9984459493013705 0.024182444849858892 0.0031081013972588892
8 0.1712629059702236 0.9974336402364522 0.04030295894044166 0.005132719527095521
3 0.21677210855978302 0.7529041290135595 0.06300068024247152 0.26460726821174285
0 0.7610439136535998 0.666340117341929 0.01677622635494563 0.02800967781824122
3 0.7957549074931238 0.4606184137439256 0.056952366650202285 0.17432411192619912
4 0.8168713526972295 0.4082931411807659 0.025333576453704938 0.18186511301144526
4 0.43842183740119234 0.8855619799960012 0.05481154722035513 0.2234567510513257
4 0.30004678044555383 0.4431753194164497 0.0327699218003433 0.16870042929740656
3 0.5373699499347929 0.35434918220613415 0.06213408001603134 0.1754560017635165
3 0.5181938621000204 0.47228399181889147 0.048943994738437864 0.18850146361824088
3 0.6727405510444587 0.5815242196157302 0.07657198869093078 0.19214749903475326
3 0.7650598156073752 0.6628375070696786 0.06459959995891773 0.22570860854002917
3 0.6644584572745068 0.8641203498867288 0.09578360813703779 0.2611884721540973
3 0.5952709287966875 0.6429270195969532 0.06620856195927241 0.18988371936011852
3 0.5137954468790494 0.7109062003422298 0.06348567368039111 0.23695525597144507
3 0.3813303606814292 0.5806085832611285 0.0657470005171393 0.2247078627479575
1 0.3552356279823228 0.341866793965391 0.032983773572735034 0.05805661377841991