4 0.9796115312058987 0.20380589652711764 0.033549456420936125 0.1407174470894904
3 0.7037495133531847 0.04970934830210853 0.08931720852455124 0.09941869660421707
3 0.6424767572508067 0.2087140468713764 0.06579101242063069 0.25962652062406566
3 0.8090092345379936 0.4967978797499901 0.08666153872861121 0.2434635516664796
3 0.7406886116959507 0.5215564236116265 0.10093913214304615 0.28835905507234894
3 0.6624787936506354 0.6829490618603771 0.1633883773345191 0.30417343030180144
3 0.3936032060110342 0.5645388799057909 0.09236020713425652 0.2238747140468642
3 0.4213050179906903 0.7455249375480695 0.11983085552681413 0.23689016478653968
3 0.21515771382233204 0.9059363659798741 0.1468607443182702 0.18247822963409877
3 0.2161230980667934 0.11742788199499296 0.07472172856211841 0.19965367503849032
4 0.04465202748238151 0.09919240452602085 0.08881582894508117 0.12734133202679646
1 0.4936781795183188 0.8057562107810239 0.11675436060650066 0.2119335462519489
0 0.43069581579887073 0.5326460298829471 0.031258731317482316 0.05769368343761552