3 0.40904851337610915 0.5517993256634838 0.12364179409198572 0.23709383465223946
3 0.637531291139157 0.3541455054708637 0.06967420544828211 0.213346763692749
3 0.052422862767270366 0.6697882793848416 0.08770829384444365 0.22812116457499335
3 0.3693193644794428 0.4507555330803183 0.07320703211565574 0.22267785044255808
3 0.5156771254597126 0.35100701705033116 0.07911527804299585 0.24131608144532649
3 0.6324822163430787 0.5996535451981214 0.09803742075700254 0.21496216144993546
4 0.9840830921122384 0.4606339127394647 0.03183381577552306 0.25687914316324695
4 0.6382296612943912 0.7703396682148368 0.14075415903410682 0.2878525234903088
3 0.1013355770681467 0.4053663095509476 0.05936528001744028 0.22959218657089356
3 0.6196564612802504 0.5855136204824012 0.10790231902892186 0.21928089901060865
3 0.6371472602671034 0.2512588614104373 0.04536824445387171 0.12437857625218057
3 0.4398261318722381 0.25791307358426224 0.06682108989319786 0.2194597469567969
4 0.2691760802714635 0.3159773264650385 0.06394103902915746 0.22145750388339622
0 0.6044285543679272 0.6022917639154575 0.02571884839804705 0.03962138513646062
1 0.654541635075555 0.16755441937592944 0.03578576148713774 0.07480432022799814
8 0.8054146299390376 0.8018653869125416 0.052965059262794614 0.04738567990296982
2 0.8693041516667648 0.7917977079945027 0.05472137185562286 0.050508013401331146
7 0.8829375605594246 0.8409050853301107 0.03215192741117842 0.05004113471275685
7 0.7450648714253505 0.8663939729354366 0.03387457086781109 0.04801943528930748
5 0.7386686257426065 0.8176513582866972 0.0350252444479798 0.04701457120179543