7 0.7237515349885286 0.8942503279538119 0.03155677382257341 0.04408665715889878
5 0.873030160342471 0.8731534178084467 0.018951731001870274 0.031852366734817936
2 0.8965979847270404 0.8705819072483973 0.019995805436524492 0.030932101985862433
8 0.8421264010575762 0.8776629633939648 0.02890851293351066 0.0347485853255143
7 0.8012734748015267 0.8827409808290247 0.030503561435336633 0.04221362581846881
4 0.8176820313690348 0.8281037808996583 0.06091304643263385 0.21570675086430158
4 0.04111787904912771 0.6340968613040934 0.04308153947027284 0.20621158679207396
3 0.10060727694294624 0.6935351922180142 0.05577491583260799 0.24544773941354772
3 0.21761554332473407 0.6145804659164844 0.051994246967259135 0.21002807013172584
3 0.3645752231545707 0.3421194095689457 0.04133114577454181 0.1512605127795666
4 0.5586121544458839 0.32242154556060404 0.03291458462923159 0.13906955814551145
3 0.38476105353125234 0.4131371978718999 0.03463147249882628 0.18377854649693864
1 0.25701101397566944 0.33485270940707546 0.031602463585486545 0.05805313760582615
3 0.3609507243312614 0.6498746136183449 0.050405290433821595 0.2044252270316954
3 0.43883765863959345 0.7668487611446597 0.079904375229029 0.259663400653123
3 0.7575587675226566 0.4022970723361454 0.04448773695205748 0.1559485081043951
3 0.64223236019223 0.4472504452955591 0.04350458220128768 0.1754907467825869
3 0.7110087725669423 0.5484907120227043 0.05403061410526541 0.19235886279396422
0 0.838579273591057 0.6016382441699359 0.01736886643682128 0.028111721027710944
3 0.8617164402841259 0.5706736403415542 0.06294332160225158 0.1961753461336161