4 0.8634303050312413 0.31725480089033753 0.05721674550172318 0.19101487936575046
3 0.6985379675537067 0.4693555496921906 0.10900574798066938 0.23451768796167793
3 0.7275491131376344 0.6873246725093154 0.09865569261512369 0.2617534899476075
3 0.7279987361161465 0.3210966905860411 0.0957134466709104 0.20215477007548366
3 0.2594039090659475 0.43629739150757463 0.08813941354069345 0.23820804193353706
4 0.5657536908451632 0.7783561762146199 0.0742113532172555 0.17947225507291797
0 0.2958240960423182 0.3997867609583281 0.0171288653265542 0.029473000707167518
3 0.5699061697301221 0.6201047586820094 0.07941533355499585 0.25862495084274073
3 0.666274871210083 0.26509239072161433 0.08635680428131978 0.19717537251026274
3 0.3847358069830425 0.2846057088643044 0.08961514826058824 0.18549071135681128
3 0.538636669529345 0.46759088999979603 0.057794965539249954 0.19980962334017516
4 0.2476557032527047 0.2044774272460699 0.07143852759171274 0.1716313477007942
1 0.1398657157950254 0.09181862424611069 0.0359252619601775 0.06482242083760947
6 0.6327854259070198 0.9451491865592239 0.0506964945996175 0.04544457064707785
6 0.48626894770932677 0.9198078307434226 0.05565433598381753 0.04940195391690083
7 0.5580169969496308 0.9327382733309912 0.07215063890647895 0.05347864814964387
7 0.4117656541973043 0.9044643892779778 0.06940018954943987 0.05247367827751992
2 0.33973488815780944 0.8890953811776214 0.03199919286936767 0.04036858801663623
8 0.2701846411153076 0.8761422126923537 0.05069969120940384 0.04642113314707785