6 0.355515625 0.8448611111111111 0.08834375000000003 0.020541666666666618
6 0.616171875 0.8441111111111111 0.034375 0.021569444444444405
7 0.44044531249999996 0.86475 0.03872656249999995 0.05019444444444458
7 0.5585312499999999 0.8644166666666666 0.04342968749999994 0.052055555555555584
8 0.4988359375 0.8495 0.04559374999999992 0.02979166666666673
5 0.48454687500000004 0.8798888888888888 0.019367187499999973 0.028847222222222198
2 0.5109921875000001 0.8800277777777777 0.02622656249999995 0.02520833333333346
1 0.3262265625 0.17480555555555555 0.035164062499999996 0.07209722222222222
4 0.200875 0.25181944444444443 0.045796875 0.18881944444444443
4 0.47708593749999995 0.7156666666666667 0.052648437500000075 0.1605138888888888
3 0.21061718749999997 0.6688472222222223 0.061382812500000015 0.25666666666666677
3 0.22940624999999998 0.5856111111111111 0.08463281250000002 0.2568750000000001
0 0.37625000000000003 0.3981944444444444 0.01635156249999996 0.027861111111111034
3 0.393765625 0.5026944444444444 0.053703125000000004 0.21605555555555564
3 0.4163359375 0.4282777777777778 0.04703906250000003 0.26627777777777784
3 0.43834375000000003 0.3080138888888889 0.04287500000000009 0.2132638888888889
3 0.46636718750000006 0.18331944444444445 0.050742187500000036 0.19304166666666667
3 0.62590625 0.2940416666666667 0.06123437499999991 0.18297222222222229
3 0.591203125 0.3440416666666667 0.05041406249999998 0.22975
3 0.5765781249999999 0.4567777777777778 0.0810625 0.24226388888888895
3 0.665578125 0.4900694444444445 0.06896874999999998 0.2278194444444444
4 0.811328125 0.22290277777777778 0.058374999999999934 0.18908333333333333