4 0.7504288164665524 0.21052224279120654 0.08747855917667238 0.2663407912138328
3 0.8790737564322469 0.47312990031469687 0.11663807890222985 0.27459098359601763
0 0.83147512864494 0.5118977887435437 0.026586620926243566 0.04642311568431439
3 0.28387650085763294 0.5678158007618762 0.13893653516295026 0.3423318664556449
3 0.11020583190394512 0.4671180930745832 0.07718696397941681 0.3211731572052257
6 0.6891080617495712 0.861390778229984 0.09862778730703259 0.0418014467109248
6 0.40265866209262435 0.8363350567335401 0.03945111492281304 0.02987042577917093
7 0.46612349914236706 0.8644100841902866 0.04974271012006861 0.06372307507829797
7 0.5956260720411664 0.8755064818566961 0.05060034305317324 0.06374086720898473
8 0.5308747855917667 0.8519919221672222 0.05231560891938251 0.045427827617146914
5 0.5454545454545454 0.8859335321197828 0.024013722126929673 0.03719542736564876
2 0.5167238421955404 0.8868665477295465 0.03344768439108062 0.03586208881543458