4 0.8385503556135762 0.38055217689924464 0.047484914328165685 0.21676040560384585
4 0.570406006521772 0.7974299170566392 0.057306830500775195 0.15314282603185347
4 0.10457302172698633 0.2711278790927427 0.04575857293999303 0.21368552398235932
0 0.19496766364763127 0.3960850000870495 0.020735953404604286 0.03993809313565052
3 0.3145550238212587 0.2883960692954704 0.040470336669537046 0.18774355388993602
3 0.1903250705296165 0.5342679266105312 0.05564065713236015 0.28986788961786075
3 0.2890036274366968 0.5560672642635393 0.07149483979030634 0.23549263888216568
3 0.3491671394277114 0.5588337411169898 0.04712809067070336 0.29273056357729726
3 0.3810886658787699 0.4174173095950441 0.045907498539000155 0.23648187656594596
3 0.517145767852906 0.349578052079928 0.06288298959597809 0.22315774445254427
3 0.6524638037987952 0.2991983142403907 0.05038160820155097 0.13780378586809564
3 0.6588736473583603 0.43153210504213696 0.05534280593434596 0.2442751844506875
3 0.7990492308978944 0.60234772315074 0.07321125280521176 0.23704776366474634
3 0.7674454123913842 0.7923963735176704 0.08766673039280111 0.22974960699145508
1 0.7036630083444981 0.23567852888306484 0.03804900915266493 0.07828569354504518
6 0.6633901605246756 0.9269993604831758 0.0956922087842135 0.021737443751576904
6 0.3796821246656871 0.9203595614277493 0.03771144446158231 0.02661396102224882
8 0.5077131504682562 0.9298510629784527 0.04031088491710812 0.032746040293384404
5 0.5245648357494723 0.9628706724657583 0.01979335572438085 0.026242597613661107
2 0.49470135452080344 0.9622517334514452 0.02831585055930498 0.024899680493130384
7 0.5709573301281755 0.9471171237029393 0.04729567745593509 0.057203621490576985
7 0.44168119015081275 0.94291824513065 0.047295677455935284 0.057203621490576985