6 0.683095015058237 0.8335820895522388 0.09575960213529675 0.03731343283582089
6 0.40471062592200574 0.8761194029850746 0.03784441171678534 0.028358208955223882
7 0.5934446115352148 0.8686567164179104 0.043819390262112644 0.05970149253731343
7 0.4672496717596631 0.8880597014925373 0.04634593024501683 0.0626865671641791
8 0.5305031851642842 0.8619402985074627 0.042073207697218826 0.03880597014925373
5 0.5473793232483606 0.8917910447761194 0.014349598101171984 0.026865671641791045
2 0.5180339896949532 0.8970149253731343 0.021909695131056416 0.029850746268656716
1 0.630709258443855 0.07835820895522388 0.04054177723944084 0.08358208955223881
4 0.9619297530221066 0.41567164179104477 0.06380287516424728 0.2701492537313433
4 0.39161425668530236 0.7194029850746269 0.06868024886059759 0.22238805970149253
4 0.25432669024214594 0.16865671641791044 0.05608659478373358 0.21940298507462686
3 0.7467161845530432 0.5350746268656716 0.07145570605856787 0.30149253731343284
3 0.7142906278625358 0.4962686567164179 0.1175136732508614 0.27611940298507465
3 0.6083540952148677 0.4253731343283582 0.08976566000627874 0.25671641791044775
3 0.5856469601118257 0.4082089552238806 0.06390048975839095 0.3
3 0.3956662277260018 0.1626865671641791 0.061061583074227266 0.20149253731343283
3 0.404750993454241 0.3753731343283582 0.12322021166229391 0.2253731343283582
3 0.3889605380624426 0.5492537313432836 0.09061922836989696 0.26119402985074625
3 0.28349471616394817 0.49402985074626865 0.07544046555364257 0.2373134328358209
3 0.2512839115805566 0.5208955223880597 0.11751855398056853 0.27761194029850744
3 0.06018389072964219 0.31791044776119404 0.06955822087275167 0.23432835820895523