4 0.29289583333333336 0.3321574074074074 0.031786458333333316 0.15674999999999997
3 0.5825260416666667 0.5869444444444444 0.08061458333333343 0.1795185185185184
4 0.40204166666666663 0.7183425925925926 0.036249999999999956 0.1579629629629629
3 0.7272708333333333 0.39361111111111113 0.02713541666666662 0.15154629629629626
3 0.5320572916666666 0.607537037037037 0.0570052083333333 0.20418518518518516
4 0.8760364583333333 0.3405740740740741 0.027739583333333446 0.15468518518518523
1 0.334953125 0.2583796296296296 0.023916666666666704 0.049324074074074055
6 0.34061979166666667 0.9045462962962962 0.04626562499999996 0.03262962962962964
6 0.4788854166666667 0.906712962962963 0.05075000000000003 0.0356574074074074
7 0.41045833333333337 0.9052222222222223 0.06598958333333335 0.036370370370370345
7 0.5498385416666667 0.9068518518518518 0.06350000000000004 0.03592592592592588
2 0.6131927083333333 0.9060555555555555 0.02823437500000002 0.031842592592592686
8 0.67715625 0.9083796296296296 0.05856250000000003 0.02974074074074064
5 0.7394739583333333 0.9084722222222222 0.0198489583333334 0.031759259259259216
3 0.44440625 0.32628703703703704 0.04846874999999997 0.16368518518518516
3 0.4843385416666666 0.2894074074074074 0.047078125000000054 0.16030555555555556
3 0.561734375 0.28802777777777777 0.03520312500000008 0.1464259259259259
3 0.5119427083333333 0.372287037037037 0.05020312500000005 0.16310185185185183
3 0.559875 0.44104629629629627 0.0627291666666667 0.14505555555555552
3 0.6135989583333333 0.5042685185185185 0.05559895833333333 0.1900277777777778
3 0.6416406250000001 0.4947777777777778 0.04918750000000003 0.20065740740740745