1 0.8426108744139164 0.336056786784301 0.03819226636232003 0.06699177947492121
3 0.7700741575747305 0.588865980740138 0.08484145998431473 0.2570178310987699
3 0.7140088593364403 0.6878108038154183 0.1037454996748844 0.4078233337155226
0 0.2614232713016534 0.49987013303314926 0.02312207741884381 0.033025320893891666
3 0.2856659698549629 0.5231853493732516 0.07821777239894986 0.16678832686934325
3 0.33717198452091973 0.5257256201026772 0.04541141250859721 0.16337478557915422
3 0.36703285217242043 0.5074853258914378 0.09678037443663282 0.21308563276478437
3 0.31622793185724213 0.6314789599623138 0.13131323992392693 0.3927406040340942
3 0.48511172301984057 0.5451977694249974 0.07655190412311384 0.18521306714656374
3 0.49528621188005073 0.5773680439929363 0.10213280662890535 0.2664179693101722
3 0.6639678672681507 0.6053346176255081 0.09479688412135111 0.3103978547737559