7 0.30856553232645645 0.9526153197774243 0.030868552172554093 0.04322826588395906
7 0.23202272810446226 0.9570500421293174 0.03034771883922076 0.04321749176037673
5 0.1593892040021613 0.962491496334005 0.018843933710489345 0.029091572152673155
2 0.13621969596806102 0.964326862649399 0.022504917642288784 0.033796620647379955
8 0.1885467803097484 0.9603170694768465 0.03396628109531529 0.034959577292120986
4 0.7023805062729113 0.9010437220453525 0.07147571870829286 0.19776157710351416
0 0.14172393926963428 0.5774298892189345 0.0219901445483418 0.03563769837564947
3 0.11517087688261197 0.7389066718296823 0.07797418852313585 0.2738167925124302
4 0.10897775464898671 0.4378730046679315 0.04539466048561464 0.18518583388735302
3 0.23356449056476217 0.4733183905745159 0.07110336123992672 0.2431211733503022
3 0.3063177043949448 0.5044510104439023 0.07051586527334285 0.2227400288563495
3 0.45821905691973674 0.3724172564065943 0.08706435727197454 0.18697368969987788
3 0.5531137476559724 0.4058596283800881 0.05645639539303602 0.22337505344554823
3 0.6712767725702357 0.6268077117664573 0.07649653187454557 0.2997103960676087
3 0.6299521621750032 0.5713269263738111 0.06852040541111251 0.2495487842138712
3 0.5126466611339172 0.6124158800244791 0.06233706804436304 0.26978986510125186
3 0.3788488989354729 0.7860250450290869 0.1222874435321741 0.2876955559799045
3 0.8109025275792738 0.6426581398495264 0.05448820660804472 0.2585171421364035
1 0.7126989937207521 0.3142598769125039 0.04139733326786939 0.07770300761486824
4 0.7911285207499194 0.40893155100543227 0.05382798776882372 0.21591377542022833