3 0.15419260530993628 0.7875764109161217 0.0761236833911477 0.2734118496660743
0 0.6946846447332354 0.6110740146951785 0.018037452004929254 0.030020939016604464
3 0.7191630117147388 0.3988858208647017 0.06541073835447843 0.18276913265311417
4 0.7377873915036872 0.3430103882194919 0.03417083875345594 0.1855323396389253
4 0.38250992673800477 0.8840704695020439 0.06556561113879805 0.2300942355337726
4 0.22228547261007722 0.46370319143300354 0.041074881601991006 0.17325848568597418
3 0.45536483349781376 0.33545987284115225 0.07062243848747111 0.1838518080320222
3 0.44216257882055254 0.45671839238790385 0.05851006230560284 0.19607179319042753
3 0.6018631097638228 0.5401574994999596 0.08630804088133512 0.20253193293417843
3 0.6984327516086729 0.6069976935982354 0.07541704130039761 0.2343112140386966
3 0.6077130113510504 0.8246733961598289 0.10853109079855516 0.273747033276582
3 0.5274561083611606 0.6144882607699047 0.07587790701603213 0.19830896900763806
3 0.44931278388186774 0.6964961661820608 0.07487537239294408 0.245622101045064
3 0.3103630996802825 0.588066772931316 0.07657108190814581 0.23329437829756697
1 0.2725584323209666 0.3531158047133107 0.03550630070513205 0.0631223123646792