4 0.8029054556413193 0.3485985459720719 0.045040874681726704 0.19812724860315103
4 0.5565737062778663 0.7380007005799131 0.05404315734404506 0.1413767383831915
4 0.1314577169796373 0.2694221487728874 0.044250534014953845 0.19672219852888842
0 0.21394267930459226 0.38086553723741173 0.019767607336090797 0.03651514074545427
3 0.32360430897916004 0.2796478003748247 0.03862724267981754 0.17299795912016122
3 0.20920463329488811 0.5078680646438763 0.05329881735358999 0.26634441601244385
3 0.2997296359603882 0.5250205399250067 0.06781530334977201 0.21665147853454478
3 0.35441713596038815 0.5261518229011678 0.04628574868713544 0.2689767431218581
3 0.38418245397041045 0.3954997867599957 0.04438689401654479 0.21755553186222173
3 0.5092418169756602 0.3293274958271054 0.05993007801559021 0.20537875556969631
3 0.6330247623130237 0.2791031853383768 0.047702250676317705 0.12735856001131257
3 0.6384793289704105 0.4007602525991444 0.05302609735040829 0.2246777493457772
3 0.7664083322923428 0.5527324037413652 0.06860564401654479 0.21805652860880748
3 0.7367472832789798 0.7271425204752242 0.0818505313494537 0.2127757132046052
1 0.6799000359842508 0.22034255364589142 0.03561987400540882 0.07156058667515112
6 0.6413796919358893 0.8529647948227806 0.08763636000159067 0.022643386095191117
6 0.3815640682686393 0.8552300895749048 0.034538632001908987 0.02571109215644406
8 0.49873338693509395 0.8604320451587418 0.0369096540022273 0.029926242379231856
5 0.5141674829328667 0.8899219355328831 0.018132382001908986 0.025371707263595847
2 0.48681918759948034 0.890050738489247 0.025935791335136217 0.024144430228444157
7 0.5564640709341393 0.8741279728763977 0.044095445337363516 0.053682804158706354
7 0.438086514600594 0.8744573310700556 0.044095445337363516 0.053682804158706354