2 0.8598704397147103 0.9818550852559185 0.022464775282190357 0.018678185458494333
5 0.8363699928131744 0.9830688393159875 0.01917972847365386 0.016702547614935503
8 0.8044218545502595 0.9775740267372893 0.03725066506257801 0.028539429540917375
7 0.7604407313669411 0.9756015367370776 0.03562721651014875 0.033376853337584673
7 0.6801271686533615 0.9720629163314566 0.03674872496277114 0.042126014172168935
0 0.44587034449964097 0.5055681528008036 0.023081164493032328 0.040043057137922604
4 0.14403920864590528 0.3169469574613508 0.06243532854599253 0.21034700462974562
4 0.6857232695104349 0.34775435721129044 0.04774799216677403 0.23058284792596323
4 0.4519328184740508 0.9069482103712424 0.051388738544350256 0.17431170696351345
3 0.6970547071278098 0.8087866688612347 0.07516259165558155 0.25902060665465027
3 0.5817082452870903 0.7405638251767852 0.11029422634987 0.30792579219630206
3 0.5202868808645692 0.7246944133842925 0.06762676754257306 0.2938929856669285
3 0.6339595743792263 0.553136849529081 0.08717809129513247 0.25720312340789425
3 0.4802478438051911 0.2697838843217998 0.049917888806634725 0.22575107250775334
3 0.49527498404358333 0.3531208753560651 0.07397114207954901 0.22891222251909515
3 0.5057540972030095 0.49038654856361946 0.07401247092520041 0.24153358174239611
3 0.44096661785163516 0.5012500561680836 0.07879697974921145 0.20080771811938497
3 0.23606429860863654 0.5820061505993486 0.0817612975504134 0.2717097464194383
3 0.07472540971143923 0.6254199950597676 0.08620918165722376 0.2950559043208826