4 0.37382464041356145 0.8649312377210217 0.08308222412441794 0.23280943025540274
3 0.28708733901359945 0.7814341846758349 0.10434991226471144 0.3163064833005894
4 0.3741317369615805 0.28339882121807464 0.04981091057037581 0.19548133595284872
1 0.4106872478930004 0.2269155206286837 0.04387140778274415 0.068762278978389
0 0.4257956240663439 0.28536345776031435 0.021665889338676993 0.036345776031434185
3 0.39920433431868524 0.43222003929273084 0.058274988271813585 0.24950884086444008
3 0.41363968915616645 0.4538310412573674 0.07499100181417936 0.29273084479371314
3 0.45585079246248705 0.6905697445972495 0.10655342847486503 0.3143418467583497
3 0.48622912875971813 0.519155206286837 0.05777393041378884 0.26522593320235754
3 0.5100871001825374 0.4656188605108055 0.08709426961695549 0.2770137524557957
3 0.5575416325097416 0.5319253438113949 0.09961502424179776 0.2200392927308448
3 0.637507119211964 0.318762278978389 0.07372210163718557 0.24263261296660119
3 0.6242946101641659 0.5864440078585462 0.08873244255680889 0.27111984282907664