7 0.755414358685161 0.8469868173258004 0.022905233592882483 0.047080979284369114
7 0.8312463989977356 0.8182674199623352 0.017608071868214628 0.04519774011299435
5 0.9049620371939079 0.78954802259887 0.02127483696994392 0.03389830508474576
2 0.9274211057291997 0.7810734463276836 0.0255261105037356 0.03954802259887006
8 0.8748402456371521 0.8008474576271186 0.04035631640270646 0.044256120527306965
4 0.6456829459081783 0.864406779661017 0.08160804113742522 0.20056497175141244
4 0.3148741828492693 0.4227871939736347 0.07155205286768387 0.19962335216572505
3 0.7871422255580948 0.2749529190207156 0.07855656663606968 0.2382297551789077
3 0.5287446906286373 0.4576271186440678 0.08440437640765619 0.24670433145009416
0 0.25227598858080275 0.5343691148775894 0.020225870562236646 0.03672316384180791
3 0.23891167108723374 0.5734463276836158 0.0844536278769553 0.2617702448210923
3 0.4571687175580332 0.5743879472693032 0.08773904685748142 0.295668549905838
3 0.6143240639511475 0.6591337099811676 0.08079301920888851 0.2749529190207156
3 0.6698469454641107 0.4872881355932203 0.0965706103601372 0.2457627118644068
3 0.875244502001657 0.6817325800376648 0.1227920451018577 0.3361581920903955
1 0.33466602483830765 0.3267419962335217 0.04577968501745287 0.0847457627118644