7 0.8034391534391534 0.923728813559322 0.051322751322751325 0.062146892655367235
7 0.864021164021164 0.9392655367231638 0.050793650793650794 0.059322033898305086
4 0.7843915343915344 0.7754237288135594 0.056613756613756616 0.2184557438794727
0 0.6322751322751323 0.4053672316384181 0.02486772486772487 0.044256120527306965
1 0.6256613756613757 0.3973634651600753 0.04867724867724868 0.08757062146892655
3 0.5587301587301587 0.5414312617702448 0.07513227513227513 0.3135593220338983
3 0.3378306878306878 0.3389830508474576 0.06084656084656084 0.2504708097928437
3 0.14973544973544972 0.7791902071563088 0.07566137566137567 0.3041431261770245
3 0.6079365079365079 0.7142184557438794 0.09047619047619047 0.3107344632768362
3 0.6597883597883598 0.8874764595103578 0.11534391534391535 0.2137476459510358
4 0.12275132275132275 0.3032015065913371 0.07671957671957672 0.268361581920904