6 0.6144881292098157 0.907592493066322 0.09599173912908769 0.057185164146531395
8 0.46835700319917184 0.8657377245274577 0.04403358634570781 0.0422394276798148
5 0.48033843213757754 0.9011618722684644 0.02454692166671562 0.036274545957245885
2 0.45231927950585227 0.8915066631496201 0.02940915829556489 0.03632484419768655
7 0.4051243531718844 0.8614815419262263 0.04662500685541159 0.06676025403346485
6 0.34813894679392676 0.8212693688905391 0.037512886010313676 0.03640867459842055
4 0.06114798093894606 0.5524683946924752 0.09840513385335388 0.30215031952089866
1 0.44582346131823736 0.14653312473517938 0.04923528644691302 0.09416292476751775
3 0.4030351421169869 0.41840635147926797 0.08850149931857863 0.2746722014261848
3 0.3972027982672031 0.5177629182825999 0.09197872892694751 0.31072878834152173
3 0.6431697934916263 0.5231890153252872 0.10966548678591333 0.2892993823701111
3 0.5833822212982912 0.7358125799495996 0.14349369328808526 0.2579511818687567
3 0.9260137484615156 0.5916724644450535 0.12837006731612674 0.2995786476232119
3 0.8489107497830772 0.6348200109191945 0.12113328961824577 0.30814873340376125