7 0.8513273203100225 0.7269303201506592 0.05313476273872982 0.0687382297551789
7 0.911712501397769 0.7062146892655368 0.05312552808823658 0.06591337099811675
2 0.9606710541492073 0.782015065913371 0.07376352693998814 0.06685499058380415
8 0.8189473522796973 0.839924670433145 0.0324105738157048 0.04143126177024482
4 0.8067754910423509 0.5979284369114878 0.06686402530972782 0.2222222222222222
0 0.5962555739457613 0.3361581920903955 0.026608937296586185 0.047080979284369114
1 0.5883329179849938 0.3319209039548023 0.05215659531813991 0.09322033898305085
3 0.5507217935089392 0.507532956685499 0.08992624796100096 0.3173258003766478
3 0.3051639164862645 0.4435028248587571 0.07278571228526291 0.2532956685499058
3 0.2062933973424045 0.9072504708097928 0.0900243981337345 0.1854990583804143
3 0.6285884868089567 0.6421845574387948 0.10474106277581577 0.3173258003766478
3 0.708839210706758 0.775894538606403 0.124022273536741 0.22693032015065914
4 0.09507696966527902 0.5348399246704332 0.0892555494576656 0.2740112994350282