2 0.8892105263157895 0.9009089667925009 0.02157894736842105 0.03205854964630071
5 0.8663157894736843 0.9044230825198197 0.017894736842105262 0.029211429038925728
8 0.8357894736842105 0.9038027024908267 0.035789473684210524 0.040632595905566386
7 0.7926315789473685 0.9070583785624544 0.020526315789473684 0.042347280302085344
7 0.715 0.9130116837095666 0.02526315789473684 0.043332636545810745
0 0.5628947368421052 0.7778818642482989 0.022631578947368423 0.038623751574785745
1 0.2773684210526316 0.274282774990287 0.034736842105263156 0.07058424790966572
3 0.4218421052631579 0.30789982154168477 0.04473684210526316 0.19709224300929892
3 0.38 0.451123152506077 0.04842105263157895 0.22615659208109348
3 0.47526315789473683 0.6308487824725724 0.08052631578947368 0.24896079397104506
3 0.5492105263157895 0.6431920361350825 0.07105263157894737 0.29193390170831357
3 0.5894736842105263 0.6390299912094851 0.05157894736842105 0.22431661734220368
3 0.6205263157894737 0.7300007290757338 0.1268421052631579 0.2325862331314984
3 0.7181578947368421 0.4415370517068834 0.04684210526315789 0.2186496131584036
3 0.7244736842105263 0.3454979000610674 0.06315789473684211 0.21226417563418967
3 0.5826315789473684 0.4167225303363974 0.05210526315789474 0.20559547298809414
3 0.7957894736842105 0.37846764169085717 0.05263157894736842 0.21309155709840408
4 0.6434210526315789 0.8734903586667669 0.06421052631578947 0.22632001426679477
4 0.6178947368421053 0.27356729194938056 0.04 0.19329789800152866