6 0.35600000000000004 0.8445416666666667 0.09064062500000003 0.026402777777777765
8 0.4984375 0.8492777777777778 0.03959375000000005 0.029069444444444533
5 0.4838984375 0.8795277777777778 0.020546874999999964 0.0289027777777777
2 0.511234375 0.8789166666666668 0.02611718750000005 0.027666666666666766
7 0.5587109375 0.8651527777777778 0.04006249999999998 0.05255555555555544
6 0.6161328125 0.844 0.0337890625 0.024319444444444432
4 0.91190625 0.676513888888889 0.06715625000000003 0.27366666666666667
1 0.5828125 0.17256944444444444 0.03981250000000003 0.07927777777777775
3 0.5995078125 0.44433333333333336 0.05980468749999997 0.24976388888888895
3 0.5963984375 0.5406666666666666 0.06028906250000006 0.2837083333333333
3 0.3627421875 0.4700138888888889 0.07957812500000001 0.25749999999999995
3 0.40065625000000005 0.6903055555555555 0.11746093749999997 0.21395833333333328
3 0.08838281249999999 0.4482083333333333 0.09782031249999998 0.2614861111111111
3 0.1577734375 0.5132777777777778 0.08928906249999999 0.27258333333333334