0 0.33146094795412195 0.770119840879835 0.026705201381785403 0.046273438001114754
3 0.4061798522804306 0.7263431606000724 0.11725387699811124 0.32019265511124606
3 0.5764883730108094 0.47956290467792007 0.12526246833405433 0.25627992255841014
3 0.9326687386835688 0.6048831273224908 0.12568738039893648 0.32127992255841015
3 0.966442881925916 0.3489991505549677 0.0671142361481681 0.2827097752369366
4 0.8474396951630125 0.802779073113378 0.08700138716482869 0.24688431013126502
7 0.7582024970282787 0.9032099258831309 0.02447108458793051 0.04825016668187118
7 0.8384121020604995 0.8828779762201641 0.028965466610402422 0.04829670932035879
8 0.8847113883520623 0.8748980052607603 0.033962812407468665 0.039349069788657286
5 0.9175242600218642 0.8665576622168195 0.023830841530835395 0.03624434885206006
2 0.9416456092948529 0.8608074955349484 0.02494136281907231 0.034255984511682075