7 0.29 0.9274446837063857 0.021111111111111112 0.045891472363463734
7 0.2086111111111111 0.9153847214205941 0.015555555555555555 0.04478834930546866
5 0.1297222222222222 0.90337650047928 0.02 0.03203448411550099
2 0.10527777777777778 0.8999061582335885 0.024444444444444446 0.03706718019035546
8 0.16166666666666665 0.907990209050893 0.04 0.038377268626258905
3 0.8755555555555555 0.8377850002641081 0.08833333333333333 0.2982708819185618
0 0.7569444444444444 0.49738549688896033 0.02277777777777778 0.04394968200813489
1 0.67 0.3024042297269922 0.04055555555555555 0.07495003152494382
4 0.6925 0.37253393344783997 0.03777777777777778 0.17173048580622308
3 0.6861111111111111 0.5789234446979442 0.08555555555555555 0.24781813461881327
3 0.7022222222222222 0.669671908680754 0.12277777777777778 0.27131577847496813
4 0.5377777777777778 0.8861259843557572 0.07111111111111111 0.22774803128848553
3 0.03305555555555555 0.6869489576891408 0.0661111111111111 0.2790362552992302
4 0.07916666666666666 0.31438551148156574 0.045 0.22227521771837538
3 0.2772222222222222 0.33034228328169296 0.051111111111111114 0.21647284280548992
3 0.4127777777777778 0.37909643056080033 0.055 0.22050589851130373
3 0.37583333333333335 0.5285294369286915 0.08222222222222222 0.25565428449943145
3 0.25583333333333336 0.5863225322356853 0.06111111111111111 0.23743079632569103
3 0.7347222222222223 0.6224196449731862 0.07166666666666667 0.28211566294220547
3 0.5572222222222222 0.524872491728747 0.06722222222222222 0.2494149826776277