6 0.3336065573770492 0.8383850484940834 0.09344262295081968 0.03449450816100435
6 0.6065573770491803 0.8690886383963455 0.036885245901639344 0.02807842906923173
7 0.4217213114754098 0.8695433331811421 0.04262295081967213 0.058750039577506824
7 0.5454918032786885 0.8835688546075936 0.047540983606557376 0.06025865033387099
8 0.48360655737704916 0.8608855399585077 0.04918032786885246 0.03695199677646835
5 0.4672131147540984 0.8909385379121799 0.021311475409836064 0.032290471683797145
2 0.49508196721311476 0.894294505530879 0.028688524590163935 0.029451347002016535
4 0.4672131147540984 0.7568277507401684 0.05327868852459016 0.102592068422321
4 0.22336065573770492 0.31328664923690186 0.04590163934426229 0.24974606190876603
4 0.9688524590163935 0.2581972670021148 0.06229508196721312 0.2309652406204557
3 0.6954918032786885 0.536535818375225 0.12049180327868853 0.2519755407903942
3 0.7204918032786886 0.5187844425600149 0.10245901639344263 0.24304260747284168
3 0.5459016393442623 0.42802525560627375 0.0778688524590164 0.22383774611084656
3 0.49631147540983606 0.3658561283519921 0.12377049180327869 0.252009463996289
3 0.4930327868852459 0.19387838975030663 0.05245901639344262 0.20899758178994338
3 0.4819672131147541 0.2807275744477526 0.05983606557377049 0.2236511684784253
3 0.35081967213114756 0.4781486426252348 0.06393442622950819 0.2849180622817121
3 0.4245901639344262 0.5349655454197159 0.07540983606557378 0.2704595340271253
3 0.5 0.7105701513342817 0.06475409836065574 0.19600526028435192
1 0.3844262295081967 0.17750938457530896 0.045081967213114756 0.08647227498484335
0 0.5381147540983606 0.43102127511531757 0.022131147540983605 0.03229895248527075