3 0.4188705081245992 0.6453684137112601 0.11416965287416798 0.2239269236043132
3 0.632538317815479 0.49604410158893103 0.08524374223630382 0.25613135686455063
0 0.6504738225040783 0.6013957327682545 0.024878192473717854 0.045188929418072524
3 0.6652198496498339 0.531278219771023 0.07499740981796545 0.24646544982209542
3 0.5814785090979051 0.5729563531021861 0.10083826795125592 0.2572486771939175
4 0.10459384003012617 0.4867581466421259 0.06377277241260515 0.26642513010313745
7 0.2471661538662766 0.8687431078987516 0.02865414479589182 0.04905195504778258
7 0.17091746774220892 0.8387946071022357 0.02757574811319773 0.0480848081456585
8 0.12742538222425043 0.8211356738185958 0.040478973919649344 0.04821829563654074
5 0.0970818807258714 0.8107831810993616 0.02269950404990124 0.03656247500196968
2 0.07318999213071821 0.8004974321255686 0.027006835049697964 0.038519016721365096